% function evaluation | noise-free fitness - Fopt (9.294000000000e+01) | best noise-free fitness - Fopt | measured fitness | best measured fitness | x1 | x2...
1 +3.113987329e+03 +3.113987329e+03 +3.206927329e+03 +3.206927329e+03 -4.5819e+00 -3.5161e+00 +1.1112e+00 +4.9691e+00 -4.4699e+00
2 +5.200053168e+02 +5.200053168e+02 +6.129453168e+02 +6.129453168e+02 -2.5434e+00 +2.8827e+00 +3.9182e+00 -3.1986e+00 -4.5697e+00
3 +2.448810685e+02 +2.448810685e+02 +3.378210685e+02 +3.378210685e+02 +2.6771e+00 -3.2081e-01 +3.3852e+00 +3.3102e+00 +2.9045e+00
14 +9.550408108e+01 +9.550408108e+01 +1.884440811e+02 +1.884440811e+02 -5.6486e-01 -2.5387e+00 -2.1779e+00 -3.8821e-01 +3.2781e+00
23 +4.238037284e+01 +4.238037284e+01 +1.353203728e+02 +1.353203728e+02 +1.9361e-01 +1.3036e+00 -3.6538e-01 -3.4010e+00 -3.6307e+00
25 +3.391077414e+01 +3.391077414e+01 +1.268507741e+02 +1.268507741e+02 -5.7821e-03 +2.6309e+00 -1.7272e+00 +1.1350e+00 +2.8599e-01
123 +1.763508721e+01 +1.763508721e+01 +1.105750872e+02 +1.105750872e+02 +1.1678e+00 +1.5333e+00 +5.0384e-01 +1.1255e+00 -1.6754e+00
488 +8.257245767e+00 +8.257245767e+00 +1.011972458e+02 +1.011972458e+02 +8.8282e-01 +9.3189e-01 +6.3119e-01 +4.4597e+00 +1.5988e+00
808 +4.565675014e+00 +4.565675014e+00 +9.750567501e+01 +9.750567501e+01 -7.5696e-01 +1.8503e+00 -2.2406e-01 +2.7787e+00 +1.7339e+00
% function evaluation | noise-free fitness - Fopt (3.535000000000e+01) | best noise-free fitness - Fopt | measured fitness | best measured fitness | x1 | x2...
1 +8.852180803e+02 +8.852180803e+02 +9.205680803e+02 +9.205680803e+02 +3.4212e-02 +4.7758e+00 +3.3208e+00 -3.8233e+00 +1.3422e+00
3 +5.370456581e+02 +5.370456581e+02 +5.723956581e+02 +5.723956581e+02 +4.3279e+00 -4.6764e+00 +2.7012e+00 +8.9887e-01 +4.4404e+00
12 +1.610876352e+02 +1.610876352e+02 +1.964376352e+02 +1.964376352e+02 +3.1441e+00 +2.1334e+00 +4.1009e+00 +3.4043e+00 -3.0275e+00
42 +1.440939723e+02 +1.440939723e+02 +1.794439723e+02 +1.794439723e+02 +3.3002e+00 -4.8020e+00 +3.7095e+00 +1.4031e+00 +5.8354e-01
55 +6.235998485e+01 +6.235998485e+01 +9.770998485e+01 +9.770998485e+01 +4.1298e+00 -1.1002e-01 +2.2002e+00 +1.7306e+00 -1.3802e+00
118 +1.078970441e+01 +1.078970441e+01 +4.613970441e+01 +4.613970441e+01 +2.5625e+00 -1.5920e+00 +4.9728e+00 -6.2911e-01 -2.4213e+00
656 +9.934315243e+00 +9.934315243e+00 +4.528431524e+01 +4.528431524e+01 +3.3383e+00 -2.2631e+00 +4.8219e+00 -1.8378e-01 -2.3423e+00
2856 +4.232966420e+00 +4.232966420e+00 +3.958296642e+01 +3.958296642e+01 +1.8623e+00 +4.7883e-01 +4.6230e+00 +7.8294e-01 -2.5858e+00
% function evaluation | noise-free fitness - Fopt (3.820000000000e+00) | best noise-free fitness - Fopt | measured fitness | best measured fitness | x1 | x2...
1 +3.265424425e+02 +3.265424425e+02 +3.303624425e+02 +3.303624425e+02 +1.0517e+00 -3.7203e+00 +4.0976e+00 +3.7842e+00 +5.5975e-01
9 +9.271379988e+01 +9.271379988e+01 +9.653379988e+01 +9.653379988e+01 +4.1269e+00 -2.2396e+00 +2.4501e+00 -3.8314e+00 -1.1776e+00
19 +4.204891517e+01 +4.204891517e+01 +4.586891517e+01 +4.586891517e+01 +4.9177e+00 -2.9679e+00 +4.8382e+00 -3.0401e+00 +1.7671e+00
150 +3.255495673e+01 +3.255495673e+01 +3.637495673e+01 +3.637495673e+01 +4.6114e+00 -2.1374e+00 +3.7737e+00 -2.4528e+00 +3.1573e+00
256 +6.153857065e+00 +6.153857065e+00 +9.973857065e+00 +9.973857065e+00 +3.5310e+00 -2.1554e-01 +3.7102e+00 -1.3699e-01 +8.2806e-01
% function evaluation | noise-free fitness - Fopt (2.175000000000e+01) | best noise-free fitness - Fopt | measured fitness | best measured fitness | x1 | x2...
1 +5.308979639e+01 +5.308979639e+01 +7.483979639e+01 +7.483979639e+01 +3.7800e+00 +1.2216e-01 -9.2716e-01 -5.3914e-01 -1.8882e+00
63 +3.315029914e+01 +3.315029914e+01 +5.490029914e+01 +5.490029914e+01 -2.8211e-01 +1.3523e+00 +1.6105e+00 +4.5664e+00 -1.9164e+00
195 +2.263140237e+01 +2.263140237e+01 +4.438140237e+01 +4.438140237e+01 +2.7893e+00 -1.2875e+00 -9.9478e-01 +4.7169e+00 -1.6549e+00
3846 +8.644875972e+00 +8.644875972e+00 +3.039487597e+01 +3.039487597e+01 +1.6984e+00 +1.2640e+00 -3.9990e-01 +4.4421e+00 -3.2409e+00
% function evaluation | noise-free fitness - Fopt (6.479000000000e+01) | best noise-free fitness - Fopt | measured fitness | best measured fitness | x1 | x2...
1 +3.425681581e+02 +3.425681581e+02 +4.073581581e+02 +4.073581581e+02 -1.7790e-02 -3.4782e+00 +1.8575e+00 -3.3601e+00 +2.5053e+00
9 +1.602661703e+02 +1.602661703e+02 +2.250561703e+02 +2.250561703e+02 -4.9628e+00 -1.5208e+00 +2.5251e+00 -2.1682e+00 +1.0719e+00
11 +1.456504116e+02 +1.456504116e+02 +2.104404116e+02 +2.104404116e+02 +6.5567e-01 +9.9996e-01 +4.2038e+00 +1.3972e+00 -4.2652e-01
17 +8.861455272e+01 +8.861455272e+01 +1.534045527e+02 +1.534045527e+02 -1.1521e+00 +3.1934e-01 -3.6312e-01 +4.4398e+00 -4.9620e+00
23 +5.744472874e+01 +5.744472874e+01 +1.222347287e+02 +1.222347287e+02 -2.0759e+00 -3.7235e+00 -3.2687e+00 +5.0660e-01 +6.8374e-01
221 +8.016760411e+00 +8.016760411e+00 +7.280676041e+01 +7.280676041e+01 -4.2725e+00 -3.1666e+00 +1.1306e+00 +1.3036e+00 -6.6937e-01
3490 +3.495104967e+00 +3.495104967e+00 +6.828510497e+01 +6.828510497e+01 -3.5228e+00 -2.1113e+00 +9.5688e-01 +2.2638e+00 -2.2504e+00
% function evaluation | noise-free fitness - Fopt (5.407000000000e+01) | best noise-free fitness - Fopt | measured fitness | best measured fitness | x1 | x2...
1 +1.548088752e+03 +1.548088752e+03 +1.602158752e+03 +1.602158752e+03 -1.1176e+00 -1.9223e+00 -4.0003e+00 -3.4856e+00 +1.3764e+00
3 +9.697889318e+02 +9.697889318e+02 +1.023858932e+03 +1.023858932e+03 -1.9129e+00 +2.7824e+00 +2.2825e+00 -7.9429e-02 +8.8137e-01
4 +1.621787092e+01 +1.621787092e+01 +7.028787092e+01 +7.028787092e+01 +2.5281e+00 -3.9466e+00 +3.4685e+00 +7.3555e-01 -2.2981e+00
217 +7.828628800e+00 +7.828628800e+00 +6.189862880e+01 +6.189862880e+01 +9.7439e-01 -4.3059e+00 +3.7209e+00 +2.4104e+00 -2.5897e+00
1199 +5.529009515e+00 +5.529009515e+00 +5.959900951e+01 +5.959900951e+01 +3.8975e-01 -1.5518e+00 +2.9695e+00 +1.9452e+00 -4.6358e+00
% function evaluation | noise-free fitness - Fopt (-9.152000000000e+01) | best noise-free fitness - Fopt | measured fitness | best measured fitness | x1 | x2...
1 +8.668711701e+02 +8.668711701e+02 +7.753511701e+02 +7.753511701e+02 +3.2131e+00 -4.2347e+00 -4.5768e+00 +4.0596e+00 +2.2865e+00
2 +3.213278939e+02 +3.213278939e+02 +2.298078939e+02 +2.298078939e+02 -4.4856e+00 +3.7935e+00 +1.2278e+00 +4.1737e+00 -2.1872e+00
5 +1.482560914e+02 +1.482560914e+02 +5.673609140e+01 +5.673609140e+01 +3.4715e+00 +1.9969e+00 -4.5387e+00 +3.5684e+00 +4.2380e+00
19 +8.327157375e+01 +8.327157375e+01 -8.248426253e+00 -8.248426253e+00 +3.8834e-01 +4.5698e+00 +1.4892e+00 +1.8650e+00 +3.3266e+00
33 +4.329721613e+01 +4.329721613e+01 -4.822278387e+01 -4.822278387e+01 -2.2746e+00 +3.8598e+00 -4.2722e+00 +3.0744e+00 +3.3453e+00
322 +1.477558686e+01 +1.477558686e+01 -7.674441314e+01 -7.674441314e+01 -1.9241e+00 +3.0194e+00 -1.8405e+00 +1.9611e+00 +2.4315e+00
391 +7.407779006e+00 +7.407779006e+00 -8.411222099e+01 -8.411222099e+01 -3.2800e+00 +2.0185e+00 -7.6234e-01 +2.9703e+00 +1.4868e+00
% function evaluation | noise-free fitness - Fopt (2.263000000000e+01) | best noise-free fitness - Fopt | measured fitness | best measured fitness | x1 | x2...
1 +4.004556028e+02 +4.004556028e+02 +4.230856028e+02 +4.230856028e+02 +3.1440e+00 -2.4799e+00 +4.8176e+00 -4.1110e+00 -8.1220e-01
21 +4.666938179e+01 +4.666938179e+01 +6.929938179e+01 +6.929938179e+01 +3.4812e+00 -6.3627e-01 +2.0361e+00 +3.0792e+00 +4.1162e+00
76 +3.465762657e+01 +3.465762657e+01 +5.728762657e+01 +5.728762657e+01 +4.7965e+00 -3.8693e+00 +4.2242e+00 +4.4480e+00 +1.5969e+00
141 +8.803863352e+00 +8.803863352e+00 +3.143386335e+01 +3.143386335e+01 +2.1433e+00 -3.3125e+00 +3.3734e+00 +1.6498e+00 +3.6221e+00
% function evaluation | noise-free fitness - Fopt (1.554000000000e+01) | best noise-free fitness - Fopt | measured fitness | best measured fitness | x1 | x2...
1 +1.718594440e+02 +1.718594440e+02 +1.873994440e+02 +1.873994440e+02 +3.8405e-01 +1.1764e-01 +2.1433e+00 -4.2286e+00 -1.7016e+00
2 +1.424560769e+02 +1.424560769e+02 +1.579960769e+02 +1.579960769e+02 -2.4955e+00 +4.4564e+00 +4.9295e+00 +1.1048e+00 +1.0574e+00
15 +8.945273130e+01 +8.945273130e+01 +1.049927313e+02 +1.049927313e+02 +1.6597e+00 -3.4675e+00 +3.7856e+00 -3.7807e-01 -2.4284e+00
35 +4.581957137e+01 +4.581957137e+01 +6.135957137e+01 +6.135957137e+01 -1.7338e+00 -7.7797e-01 +3.0735e+00 -2.4335e+00 +3.2298e+00
39 +2.179412484e+01 +2.179412484e+01 +3.733412484e+01 +3.733412484e+01 +1.7765e-01 -3.1122e+00 +8.6883e-01 -1.2057e+00 -1.4262e+00
940 +1.292284057e+01 +1.292284057e+01 +2.846284057e+01 +2.846284057e+01 +1.9389e-01 -3.2372e+00 +8.1596e-01 -9.8206e-02 -3.7930e+00
1647 +9.177134015e+00 +9.177134015e+00 +2.471713402e+01 +2.471713402e+01 -1.3874e+00 -3.2120e+00 -5.0096e-02 +1.2253e-01 -2.3660e+00
3976 +3.963171289e+00 +3.963171289e+00 +1.950317129e+01 +1.950317129e+01 -3.8306e-01 -2.9955e+00 +1.5234e+00 +5.0722e-01 -2.1850e+00
% function evaluation | noise-free fitness - Fopt (-3.765100000000e+02) | best noise-free fitness - Fopt | measured fitness | best measured fitness | x1 | x2...
1 +3.164491673e+02 +3.164491673e+02 -6.006083266e+01 -6.006083266e+01 -1.7136e+00 +4.9484e+00 -3.7898e+00 -4.3830e+00 -2.8634e+00
19 +1.557007576e+02 +1.557007576e+02 -2.208092424e+02 -2.208092424e+02 -2.6565e+00 +2.4413e+00 +3.8196e-01 -6.8840e-01 -4.1443e+00
25 +1.969141714e+01 +1.969141714e+01 -3.568185829e+02 -3.568185829e+02 -3.3902e+00 +1.6663e+00 +3.7761e+00 +2.4017e+00 -1.8456e-01
489 +7.416909015e+00 +7.416909015e+00 -3.690930910e+02 -3.690930910e+02 -2.7128e+00 +1.0447e+00 -2.8408e-01 +6.8567e-01 +4.6736e+00
1341 +2.333476272e+00 +2.333476272e+00 -3.741765237e+02 -3.741765237e+02 -2.9027e+00 +1.5815e+00 +1.2028e+00 +1.9523e+00 +4.2493e+00
% function evaluation | noise-free fitness - Fopt (3.960400000000e+02) | best noise-free fitness - Fopt | measured fitness | best measured fitness | x1 | x2...
1 +7.851268828e+02 +7.851268828e+02 +1.181166883e+03 +1.181166883e+03 -1.2614e+00 -3.4424e+00 +4.0607e+00 -3.0520e+00 -4.2535e+00
2 +2.547320349e+02 +2.547320349e+02 +6.507720349e+02 +6.507720349e+02 -2.3938e+00 +6.3900e-01 +3.0441e+00 -2.6328e+00 -9.5299e-01
15 +1.955765573e+02 +1.955765573e+02 +5.916165573e+02 +5.916165573e+02 -1.2867e+00 -4.4267e+00 -4.3953e+00 +3.8078e-01 +1.3900e+00
19 +1.132102912e+02 +1.132102912e+02 +5.092502912e+02 +5.092502912e+02 -4.6490e+00 +7.4883e-02 -2.2815e+00 +7.7605e-01 -2.5365e+00
27 +9.322883951e+01 +9.322883951e+01 +4.892688395e+02 +4.892688395e+02 +3.8745e-01 -4.9961e-01 +4.9005e+00 +3.8756e+00 -1.8881e-01
33 +5.398720555e+01 +5.398720555e+01 +4.500272055e+02 +4.500272055e+02 -1.0982e+00 -5.8833e-01 +1.5184e+00 +2.0683e+00 +2.8777e+00
381 +1.311178173e+01 +1.311178173e+01 +4.091517817e+02 +4.091517817e+02 -1.3904e+00 -3.4565e+00 +5.3536e-01 +4.6317e+00 -2.3364e+00
2984 +9.627735297e+00 +9.627735297e+00 +4.056677353e+02 +4.056677353e+02 -1.4426e+00 -1.5735e+00 +1.7185e+00 +3.5989e+00 -2.8571e-01
2993 +2.096662258e+00 +2.096662258e+00 +3.981366623e+02 +3.981366623e+02 -2.3194e+00 -4.0953e+00 -1.7294e-01 +3.5048e+00 -3.8565e+00
% function evaluation | noise-free fitness - Fopt (1.281100000000e+02) | best noise-free fitness - Fopt | measured fitness | best measured fitness | x1 | x2...
1 +1.570789890e+02 +1.570789890e+02 +2.851889890e+02 +2.851889890e+02 +4.2901e+00 +1.8469e+00 +2.6908e+00 -8.1511e-01 -3.6117e+00
5 +9.667281107e+01 +9.667281107e+01 +2.247828111e+02 +2.247828111e+02 +3.8501e+00 -4.6511e-01 +1.9445e+00 +8.1691e-01 -2.2928e+00
13 +5.941672553e+01 +5.941672553e+01 +1.875267255e+02 +1.875267255e+02 +1.8806e+00 +1.7904e+00 +1.0811e+00 -2.1534e+00 +2.3139e+00
97 +7.854011311e+00 +7.854011311e+00 +1.359640113e+02 +1.359640113e+02 -3.9223e+00 -6.5568e-01 -1.6056e+00 +1.6882e+00 +3.8260e+00
1622 +1.197559783e+00 +1.197559783e+00 +1.293075598e+02 +1.293075598e+02 -4.5773e+00 +3.3597e-01 -2.0502e+00 +3.1099e+00 +1.7125e+00
% function evaluation | noise-free fitness - Fopt (-2.923500000000e+02) | best noise-free fitness - Fopt | measured fitness | best measured fitness | x1 | x2...
1 +1.273394174e+02 +1.273394174e+02 -1.650105826e+02 -1.650105826e+02 -4.3809e+00 -1.9455e+00 -2.4589e+00 +7.8639e-01 +9.4684e-01
12 +9.049373474e+01 +9.049373474e+01 -2.018562653e+02 -2.018562653e+02 +2.5540e+00 -4.3432e+00 +4.8033e+00 +1.7962e+00 +1.7256e+00
79 +5.029439883e+01 +5.029439883e+01 -2.420556012e+02 -2.420556012e+02 -5.4807e-02 +1.2117e+00 -2.0337e-01 -1.3512e+00 +2.5592e+00
102 +2.772353846e+01 +2.772353846e+01 -2.646264615e+02 -2.646264615e+02 -4.6752e+00 -2.8852e+00 +6.6987e-01 +2.2178e+00 +2.6515e+00
387 +1.806862359e+01 +1.806862359e+01 -2.742813764e+02 -2.742813764e+02 +2.9252e-01 -3.7470e+00 +9.7136e-01 +1.9469e+00 +1.9688e+00
663 +9.047548918e+00 +9.047548918e+00 -2.833024511e+02 -2.833024511e+02 -3.2151e+00 -3.4331e+00 +6.3768e-01 +1.7115e+00 +2.6246e+00
4642 +9.772642437e-01 +9.772642437e-01 -2.913727358e+02 -2.913727358e+02 -1.1432e+00 -3.6653e+00 +9.2262e-01 +1.8605e+00 +1.9737e+00
% function evaluation | noise-free fitness - Fopt (3.110100000000e+02) | best noise-free fitness - Fopt | measured fitness | best measured fitness | x1 | x2...
1 +1.980205265e+02 +1.980205265e+02 +5.090305265e+02 +5.090305265e+02 +1.7964e+00 -1.9975e+00 +3.4026e+00 -1.0568e+00 -2.8541e+00
9 +1.261858201e+02 +1.261858201e+02 +4.371958201e+02 +4.371958201e+02 -3.3994e+00 -4.0552e+00 -3.6709e+00 -2.8880e+00 -9.1341e-01
32 +9.158764185e+01 +9.158764185e+01 +4.025976419e+02 +4.025976419e+02 -3.2579e-03 -1.8092e+00 -4.3961e+00 +4.3301e+00 +4.1043e+00
33 +4.006706548e+01 +4.006706548e+01 +3.510770655e+02 +3.510770655e+02 +1.0972e+00 -4.1412e+00 -6.1914e-01 +1.0505e+00 +4.4185e-01
82 +2.820496100e+01 +2.820496100e+01 +3.392149610e+02 +3.392149610e+02 +2.3389e+00 -1.8047e+00 -1.6047e+00 +1.8406e+00 +4.8539e-01
128 +1.475586882e+01 +1.475586882e+01 +3.257658688e+02 +3.257658688e+02 -1.1810e+00 -4.4107e+00 -3.9778e+00 +1.0109e+00 -1.0435e+00
1150 +4.971261754e+00 +4.971261754e+00 +3.159812618e+02 +3.159812618e+02 -1.7036e+00 -4.4347e+00 -3.3614e+00 +4.9233e-01 +1.1575e-01
% function evaluation | noise-free fitness - Fopt (-8.051800000000e+02) | best noise-free fitness - Fopt | measured fitness | best measured fitness | x1 | x2...
1 +4.150868913e+02 +4.150868913e+02 -3.900931087e+02 -3.900931087e+02 -4.7163e+00 -2.4919e+00 +3.3926e+00 +2.1798e+00 +4.4606e+00
2 +2.385283126e+02 +2.385283126e+02 -5.666516874e+02 -5.666516874e+02 +2.3157e-01 -4.5017e+00 -3.7346e+00 -3.1356e-01 -3.1469e-01
4 +1.059730065e+02 +1.059730065e+02 -6.992069935e+02 -6.992069935e+02 +1.8093e+00 -4.0419e+00 -4.4057e+00 +2.5974e+00 +4.3258e+00
37 +3.266449853e+01 +3.266449853e+01 -7.725155015e+02 -7.725155015e+02 +2.0492e+00 -2.4328e+00 -3.4246e-01 +3.5292e+00 +1.8317e+00
57 +7.423500528e+00 +7.423500528e+00 -7.977564995e+02 -7.977564995e+02 +4.2169e+00 -3.9519e+00 +1.1286e+00 +7.7229e-01 +1.8426e+00
