Average
 7.44e-03  5.69e+00  1.28e+00  2.49e+00  6.94e-01  9.39e-02  2.01e-02  4.67e-02  9.79e-02  6.55e+00  6.71e+00  8.78e+00  1.65e+00  1.43e-02  1.28e+00  1.00e-01  2.14e-01  6.73e-01  1.45e-02  3.74e-01  6.21e-04  3.47e-04  5.15e-01  1.43e+00 
 9.79e-02  2.30e+02  7.16e+00  1.06e+01  3.62e+00  1.50e+00  4.11e-01  3.94e+00  3.76e+00  2.52e+02  1.97e+01  7.13e+03  2.70e+01  1.53e-01  6.11e+00  6.63e-01  6.16e-01  2.37e+00  3.34e-01  1.40e+00  4.94e-02  6.20e-02  9.01e-01  6.71e+00 
 1.36e+00  4.61e+03  3.36e+01  4.09e+01  1.41e+01  2.71e+01  4.53e+00  1.29e+02  1.00e+02  4.27e+03  2.69e+01  5.56e+05  1.47e+02  8.68e-01  3.59e+01  3.41e+00  2.14e+00  7.60e+00  2.64e+00  2.97e+00  1.14e+00  2.08e+00  1.51e+00  2.73e+01 
 1.47e+01  8.59e+04  1.42e+02  1.80e+02  6.26e+01  2.45e+03  5.30e+01  3.55e+03  3.37e+03  8.15e+04  8.18e+01  1.53e+07  6.32e+02  5.30e+00  1.38e+02  1.25e+01  5.27e+00  1.90e+01  7.49e+00  1.03e+03  1.89e+01  2.70e+01  1.98e+00  1.17e+02 
 7.56e+01  7.30e+05  4.64e+02  5.80e+02  1.89e+02  1.09e+05  3.34e+02  4.69e+04  3.41e+04  6.95e+05  2.07e+02  9.30e+07  1.52e+03  2.17e+01  4.96e+02  2.27e+01  9.56e+00  3.49e+01  1.38e+01  1.75e+04  6.43e+01  7.02e+01  2.82e+00  3.76e+02 

STD
 7.79e-03  6.57e+00  5.42e-01  1.25e+00  3.88e-01  7.91e-02  1.24e-02  4.26e-02  7.49e-02  6.47e+00  4.88e+00  1.38e+01  1.06e+00  1.67e-02  5.56e-01  8.86e-02  1.12e-01  3.52e-01  1.06e-02  3.03e-01  1.21e-03  4.23e-04  2.63e-01  6.23e-01 
 7.43e-02  1.96e+02  2.12e+00  3.40e+00  1.17e+00  6.44e-01  3.26e-01  2.71e+00  2.07e+00  2.20e+02  1.17e+01  8.64e+03  7.17e+00  7.27e-02  2.13e+00  4.27e-01  1.65e-01  9.08e-01  1.65e-01  4.25e-01  5.02e-02  1.07e-01  2.99e-01  1.67e+00 
 5.34e-01  2.16e+03  6.07e+00  8.34e+00  2.51e+00  4.89e+01  2.27e+00  6.46e+01  4.79e+01  2.82e+03  1.95e+01  3.17e+05  4.60e+01  1.97e-01  1.04e+01  1.81e+00  4.73e-01  2.30e+00  7.19e-01  4.70e-01  7.91e-01  1.62e+00  2.55e-01  4.85e+00 
 3.46e+00  4.16e+04  1.73e+01  2.06e+01  6.88e+00  5.43e+03  1.58e+01  1.53e+03  1.08e+03  3.44e+04  2.38e+01  2.76e+06  7.16e+01  1.16e+00  1.45e+01  2.66e+00  1.00e+00  2.50e+00  8.92e-01  6.11e+02  4.91e+00  9.48e+00  2.52e-01  1.47e+01 
 8.08e+00  2.03e+05  5.98e+01  5.35e+01  1.21e+01  8.66e+04  7.68e+01  1.43e+04  9.30e+03  2.35e+05  4.26e+01  1.78e+07  1.18e+02  3.41e+00  5.66e+01  2.37e+00  1.40e+00  4.37e+00  1.07e+00  2.34e+03  5.64e+00  3.95e+00  4.08e-01  2.23e+01 
