3.2380e-03 6.7381e-03 1.3285e-02 3.3375e-04 1.6809e-02 3.1672e-03 2.2896e-03 5.7150e-03 5.9809e-04 3.1540e-03 1.0350e-02 7.1535e-03 1.6740e-03 3.1143e-02 5.9148e-03 
3.7441e+00 1.7507e+01 1.7519e+00 1.0538e+00 5.4875e-01 2.8872e+00 2.4553e+01 3.7504e+00 7.2253e+00 5.5720e+00 8.8908e+00 4.9873e-01 1.3103e+00 3.5196e+00 2.5598e+00 
1.6004e+00 1.6631e+00 1.3803e+00 1.8198e+00 1.4584e+00 5.7145e-02 1.1326e+00 1.5566e+00 1.6177e+00 1.7509e+00 1.4071e-02 1.3886e+00 1.5581e+00 8.5295e-01 1.4094e+00 
2.0755e+00 2.5590e+00 1.1004e+00 1.0708e+00 5.0905e+00 4.6318e+00 1.1281e+00 1.7945e+00 4.1833e+00 2.3626e+00 1.4873e+00 2.9263e+00 2.3256e+00 1.4683e+00 3.1581e+00 
3.3188e-01 4.1338e-01 9.8612e-01 1.6151e+00 8.7663e-01 7.6789e-01 3.7233e-01 1.1252e-01 1.2776e+00 8.4186e-01 7.9387e-01 8.0236e-01 4.4132e-01 4.1734e-01 3.6267e-01 
1.2632e-02 8.1498e-02 8.2864e-02 2.3287e-02 2.0390e-01 6.1673e-02 1.8380e-01 1.4898e-01 5.4234e-03 8.7185e-02 8.3183e-02 7.9075e-02 2.2224e-02 2.9659e-01 3.5635e-02 
6.0092e-03 3.2602e-02 2.0492e-02 3.0519e-02 1.6141e-02 4.1226e-02 1.6397e-02 9.4237e-03 2.8099e-02 1.7871e-02 4.4585e-02 7.5785e-08 1.2809e-02 1.4504e-02 1.0746e-02 
1.1220e-01 1.9499e-02 8.1433e-03 5.1298e-02 5.0589e-02 1.1748e-02 2.7810e-02 1.3304e-01 2.0855e-02 8.1681e-02 4.6576e-03 6.6305e-02 3.8249e-03 1.3370e-03 1.0742e-01 
1.3358e-01 1.0250e-02 5.4509e-02 2.1015e-01 2.1376e-02 1.1797e-01 7.0417e-03 4.6181e-02 1.6230e-01 4.9038e-02 6.4698e-02 2.4776e-01 1.6819e-01 1.5218e-01 2.3730e-02 
2.5051e+00 9.0295e+00 1.2969e+01 6.2997e+00 4.1929e+00 4.2783e-01 4.2396e+00 5.9321e+00 2.3178e+01 1.8254e+01 1.6833e+00 4.3249e+00 2.5231e+00 2.0868e-01 2.4099e+00 
9.9772e+00 2.6116e+00 8.9459e+00 6.7449e+00 2.0128e+01 1.0389e+01 8.4659e+00 1.0603e+00 3.2174e+00 1.0545e+01 3.6870e+00 6.7867e+00 8.8212e-02 4.7900e+00 3.1560e+00 
5.7313e+00 5.8358e+01 6.3973e+00 6.4502e+00 8.0489e-01 1.6414e+00 3.0568e+00 6.9717e+00 1.1605e+00 1.2905e+01 4.1491e+00 3.2757e-01 1.2630e+01 6.8599e+00 4.2444e+00 
3.1663e+00 1.0756e-01 1.0434e+00 2.5988e+00 7.7848e-01 1.3149e+00 1.9274e+00 8.3724e-01 1.1702e+00 5.1853e-01 3.1387e+00 8.4599e-01 2.9483e+00 9.6496e-01 3.3509e+00 
6.4698e-03 4.8477e-02 1.6096e-03 6.2411e-03 2.9938e-02 2.1190e-03 5.9898e-03 5.7088e-03 1.0129e-02 1.9291e-03 2.1041e-02 5.6400e-02 8.3701e-03 2.2134e-03 8.2096e-03 
7.0127e-01 1.1614e+00 2.1980e+00 4.8335e-01 1.5471e+00 2.0369e+00 1.4081e+00 1.1454e+00 1.0414e+00 1.0098e+00 1.9025e+00 1.7900e+00 2.0145e-01 1.5957e+00 9.8431e-01 
1.5558e-02 7.5155e-03 2.9750e-02 2.6613e-02 6.7866e-02 2.5986e-01 1.9103e-01 7.3323e-02 2.7498e-01 2.0937e-01 1.3354e-02 2.8877e-02 1.1779e-01 1.0796e-01 7.6112e-02 
1.6246e-01 5.3999e-02 1.8411e-01 1.6063e-01 2.8211e-01 3.6782e-01 7.2469e-02 1.7221e-01 4.7001e-01 1.5176e-01 1.6418e-01 1.6870e-01 2.7088e-01 3.7080e-01 1.5644e-01 
7.4352e-01 5.6346e-01 2.5264e-01 8.9170e-01 2.7065e-01 7.4969e-01 8.1256e-01 1.2863e+00 8.8884e-01 1.5769e-01 6.6169e-01 4.1919e-01 7.2301e-01 1.3913e+00 2.7884e-01 
1.8021e-02 2.0557e-02 1.2946e-03 3.1433e-02 2.6332e-02 2.1872e-02 4.3553e-05 3.0090e-02 3.6192e-03 2.2421e-03 1.6020e-02 1.7227e-04 1.0068e-02 1.9693e-02 1.6509e-02 
7.4405e-01 9.2285e-02 9.0118e-01 6.4395e-01 2.4840e-02 7.5355e-01 3.7813e-01 6.3593e-01 1.7249e-01 3.9764e-02 3.0559e-02 6.2816e-01 1.8642e-01 4.9926e-02 3.3232e-01 
3.6683e-05 6.8579e-05 1.0786e-04 4.9296e-03 1.7077e-08 6.0546e-04 2.2967e-04 1.7874e-05 2.9801e-05 9.1499e-04 6.2157e-04 4.8077e-04 1.1935e-03 1.5524e-05 6.2560e-05 
1.6737e-06 1.1801e-03 1.5601e-06 6.6130e-06 2.1235e-04 7.3823e-05 5.9008e-04 6.9859e-05 9.3377e-04 8.9097e-04 1.4262e-07 1.5438e-06 9.8476e-04 5.8471e-06 2.4934e-04 
3.6409e-01 8.2829e-01 1.9388e-01 8.1048e-01 3.3145e-02 3.1958e-01 8.4819e-01 4.2261e-01 2.5404e-01 4.2814e-01 6.7015e-01 4.0675e-01 9.4622e-01 7.1006e-01 4.8197e-01 
1.5578e+00 8.3419e-01 2.4064e+00 1.5366e+00 2.2382e+00 6.1381e-01 1.1788e+00 5.8598e-01 1.5675e+00 1.4509e+00 9.7243e-01 2.7129e+00 1.1588e+00 1.8020e+00 8.8641e-01 
