2.3332e+00 1.7131e+00 1.1054e+00 6.8279e-01 4.8777e-01 1.2305e+00 9.8334e-01 2.0518e+00 1.4672e+00 1.4303e+00 1.8784e+00 6.9016e-01 1.9082e+00 1.5157e+00 8.9184e-01 
1.0000e+03 1.0000e+03 1.0000e+03 1.0000e+03 1.0000e+03 1.0000e+03 1.0000e+03 1.0000e+03 1.0000e+03 1.0000e+03 1.0000e+03 1.0000e+03 1.0000e+03 1.0000e+03 1.0000e+03 
3.1409e+01 3.7616e+01 3.8468e+01 1.7109e+01 2.6420e+01 3.7656e+01 3.2683e+01 3.1761e+01 3.6314e+01 4.3052e+01 3.2436e+01 3.1278e+01 3.0713e+01 3.6214e+01 4.0353e+01 
3.3217e+01 4.3958e+01 4.7255e+01 3.6995e+01 4.4489e+01 4.0980e+01 3.4252e+01 4.4725e+01 2.8418e+01 5.0229e+01 3.9616e+01 5.8445e+01 4.9461e+01 2.7870e+01 3.3595e+01 
1.9369e+01 1.1800e+01 1.5676e+01 1.1292e+01 1.7232e+01 1.3371e+01 1.2228e+01 1.6706e+01 1.1453e+01 1.2423e+01 1.7369e+01 1.5377e+01 1.2674e+01 1.2888e+01 1.1841e+01 
7.5884e+00 1.2936e+01 3.8471e+00 2.0868e+02 2.3462e+01 1.8250e+01 1.2601e+01 1.5045e+01 1.4324e+01 4.3884e+00 1.2397e+01 1.2716e+01 2.3378e+01 1.2688e+01 2.4455e+01 
4.5657e+00 4.2330e+00 6.1539e+00 8.6449e+00 3.4951e+00 4.6490e+00 7.4078e+00 6.7666e+00 3.9632e+00 1.9030e+00 2.0967e+00 1.1976e+00 9.7726e-01 4.9713e+00 6.9623e+00 
1.6621e+02 2.7397e+01 1.0017e+02 9.1574e+01 4.2851e+01 1.0538e+02 1.6877e+02 7.2646e+01 1.0948e+02 2.0961e+02 1.9998e+02 2.3467e+02 4.5486e+01 1.8828e+02 1.7647e+02 
4.5278e+01 1.2048e+02 1.2889e+02 3.1461e+01 9.8374e+01 8.0522e+01 1.8004e+02 6.8819e+01 1.1103e+02 1.2177e+02 2.9247e+01 1.3798e+02 5.5737e+01 1.9307e+02 1.0378e+02 
1.0000e+03 1.0000e+03 1.0000e+03 1.0000e+03 1.0000e+03 1.0000e+03 1.0000e+03 1.0000e+03 1.0000e+03 1.0000e+03 1.0000e+03 1.0000e+03 6.0044e+02 2.7178e+02 1.0000e+03 
5.9186e+00 1.1157e+01 2.5133e+01 5.4592e+01 1.2711e+01 9.8375e+00 6.3683e+00 5.1315e+01 2.1478e+01 6.2030e+01 2.0609e+01 6.2248e+01 1.9261e+01 2.4180e+01 1.6648e+01 
1.0000e+03 1.0000e+03 1.0000e+03 1.0000e+03 1.0000e+03 1.0000e+03 1.0000e+03 1.0000e+03 1.0000e+03 1.0000e+03 1.0000e+03 1.0000e+03 1.0000e+03 1.0000e+03 1.0000e+03 
1.7508e+02 7.9767e+01 1.7095e+02 2.5225e+02 1.8935e+02 1.1498e+02 8.3259e+01 1.8153e+02 1.1457e+02 1.0317e+02 1.1719e+02 1.3766e+02 1.8048e+02 1.2016e+02 1.7765e+02 
1.1356e+00 9.6524e-01 8.9507e-01 9.2158e-01 7.6119e-01 6.5652e-01 4.9635e-01 1.1447e+00 7.6477e-01 6.9392e-01 6.3603e-01 8.5199e-01 9.6545e-01 9.1378e-01 1.2143e+00 
2.8856e+01 4.0609e+01 4.2760e+01 4.4992e+01 2.8859e+01 4.8095e+01 3.8404e+01 1.4602e+01 2.6034e+01 2.6811e+01 2.3260e+01 3.2709e+01 4.9194e+01 4.3204e+01 4.9676e+01 
4.6237e+00 1.9711e+00 6.1226e+00 2.4140e+00 3.3651e+00 3.2084e+00 2.3953e+00 5.9269e+00 2.2671e+00 2.0120e+00 2.0673e+00 4.7579e+00 7.1251e+00 2.3093e+00 5.8002e-01 
1.7650e+00 2.2013e+00 1.9674e+00 2.2940e+00 1.8757e+00 1.9210e+00 1.6389e+00 2.8713e+00 3.2008e+00 2.5245e+00 2.1927e+00 1.8057e+00 1.4451e+00 1.7689e+00 2.6431e+00 
9.8620e+00 2.4025e+00 6.3373e+00 6.3253e+00 7.6021e+00 6.9304e+00 7.5736e+00 1.1363e+01 5.1589e+00 1.0103e+01 8.7660e+00 1.1093e+01 6.3899e+00 6.1185e+00 8.0127e+00 
2.9896e+00 2.3879e+00 3.0917e+00 3.3659e+00 1.9726e+00 1.2689e+00 2.6981e+00 1.2310e+00 2.4896e+00 3.7513e+00 2.4933e+00 2.9581e+00 3.7092e+00 2.5412e+00 2.6418e+00 
2.6803e+00 3.1269e+00 2.5375e+00 3.2050e+00 3.1949e+00 2.8591e+00 4.0927e+00 2.8628e+00 2.9029e+00 2.4749e+00 3.2588e+00 2.4072e+00 3.6953e+00 2.9635e+00 2.2942e+00 
6.3344e-01 2.2103e+00 1.1830e+00 1.7129e+00 2.6812e-01 3.5988e-03 1.9085e+00 1.8594e+00 1.7429e+00 2.4512e-02 1.9983e+00 6.0783e-01 1.4260e-01 8.3160e-01 2.0143e+00 
5.6708e-01 2.2278e+00 1.8937e+00 2.2185e+00 2.0559e+00 1.4347e+00 4.3574e-01 1.4225e+00 1.0968e+00 3.1097e+00 1.8138e+00 3.6296e+00 7.2166e+00 1.3297e+00 7.5330e-01 
1.6086e+00 1.9219e+00 1.6022e+00 1.3453e+00 1.7278e+00 1.2228e+00 8.6265e-01 1.2341e+00 1.4725e+00 1.6314e+00 1.7854e+00 1.4842e+00 1.6022e+00 1.4846e+00 1.6879e+00 
3.6172e+01 3.0607e+01 2.3109e+01 2.4100e+01 1.9673e+01 2.6436e+01 2.9235e+01 2.7487e+01 1.9261e+01 2.6159e+01 2.8936e+01 3.1219e+01 3.3967e+01 3.1287e+01 2.1924e+01 
