8.4913e+01 7.5975e+01 7.9378e+01 8.3918e+01 6.7296e+01 6.4326e+01 6.1862e+01 7.1788e+01 7.4361e+01 8.3347e+01 7.6995e+01 6.7589e+01 6.9134e+01 8.7874e+01 8.5063e+01 
1.0000e+03 1.0000e+03 1.0000e+03 1.0000e+03 1.0000e+03 1.0000e+03 1.0000e+03 1.0000e+03 1.0000e+03 1.0000e+03 1.0000e+03 1.0000e+03 1.0000e+03 1.0000e+03 1.0000e+03 
4.6609e+02 3.9709e+02 4.6637e+02 4.2720e+02 4.8548e+02 4.0800e+02 5.3207e+02 4.7101e+02 4.2083e+02 5.2018e+02 4.7001e+02 6.1520e+02 3.7576e+02 4.9298e+02 4.1007e+02 
5.2843e+02 4.8464e+02 6.5172e+02 5.7836e+02 6.0210e+02 6.5513e+02 5.5801e+02 4.9694e+02 5.7397e+02 6.2578e+02 6.2613e+02 5.8045e+02 5.2636e+02 5.6557e+02 6.5235e+02 
1.8963e+02 1.9248e+02 1.9810e+02 1.8076e+02 1.7811e+02 1.9036e+02 1.6479e+02 2.1406e+02 1.9699e+02 1.9663e+02 1.7895e+02 1.9602e+02 1.7179e+02 1.9334e+02 1.9879e+02 
1.0000e+03 1.0000e+03 1.0000e+03 1.0000e+03 1.0000e+03 1.0000e+03 1.0000e+03 1.0000e+03 1.0000e+03 1.0000e+03 1.0000e+03 1.0000e+03 1.0000e+03 1.0000e+03 1.0000e+03 
4.2328e+02 4.3744e+02 2.9374e+02 4.1175e+02 1.9410e+02 3.6204e+02 3.7207e+02 2.7499e+02 3.2706e+02 4.5207e+02 3.0252e+02 2.4608e+02 3.2103e+02 3.7130e+02 2.2212e+02 
1.0000e+03 1.0000e+03 1.0000e+03 1.0000e+03 1.0000e+03 1.0000e+03 1.0000e+03 1.0000e+03 1.0000e+03 1.0000e+03 1.0000e+03 1.0000e+03 1.0000e+03 1.0000e+03 1.0000e+03 
1.0000e+03 1.0000e+03 1.0000e+03 1.0000e+03 1.0000e+03 1.0000e+03 1.0000e+03 1.0000e+03 1.0000e+03 1.0000e+03 1.0000e+03 1.0000e+03 1.0000e+03 1.0000e+03 1.0000e+03 
1.0000e+03 1.0000e+03 1.0000e+03 1.0000e+03 1.0000e+03 1.0000e+03 1.0000e+03 1.0000e+03 1.0000e+03 1.0000e+03 1.0000e+03 1.0000e+03 1.0000e+03 1.0000e+03 1.0000e+03 
1.7438e+02 1.7864e+02 1.7260e+02 2.1816e+02 2.4043e+02 2.9316e+02 1.6756e+02 2.4046e+02 1.4131e+02 2.0423e+02 2.6257e+02 1.5163e+02 1.9959e+02 2.1003e+02 2.5422e+02 
1.0000e+03 1.0000e+03 1.0000e+03 1.0000e+03 1.0000e+03 1.0000e+03 1.0000e+03 1.0000e+03 1.0000e+03 1.0000e+03 1.0000e+03 1.0000e+03 1.0000e+03 1.0000e+03 1.0000e+03 
1.0000e+03 1.0000e+03 1.0000e+03 1.0000e+03 1.0000e+03 1.0000e+03 1.0000e+03 1.0000e+03 1.0000e+03 1.0000e+03 1.0000e+03 1.0000e+03 1.0000e+03 1.0000e+03 1.0000e+03 
2.7055e+01 2.3733e+01 1.7673e+01 2.2279e+01 2.1649e+01 1.6753e+01 2.3523e+01 1.7182e+01 2.2335e+01 1.9777e+01 1.6661e+01 2.6106e+01 2.1280e+01 2.2852e+01 2.6881e+01 
4.5270e+02 5.1091e+02 4.7045e+02 4.4077e+02 5.2984e+02 4.6807e+02 4.4789e+02 4.6737e+02 4.9596e+02 5.0953e+02 5.6377e+02 6.6034e+02 5.2264e+02 4.5272e+02 4.4221e+02 
1.7349e+01 2.6192e+01 2.1428e+01 2.4528e+01 2.5275e+01 2.4825e+01 2.4687e+01 2.0201e+01 2.4427e+01 2.0795e+01 2.0542e+01 2.1913e+01 2.1491e+01 2.4430e+01 2.1845e+01 
8.1563e+00 9.1301e+00 1.2318e+01 7.1911e+00 9.8321e+00 8.2167e+00 8.8906e+00 8.6721e+00 1.0485e+01 1.1225e+01 9.6739e+00 1.0335e+01 1.0263e+01 7.7533e+00 1.1235e+01 
3.1572e+01 3.3328e+01 4.2394e+01 3.5686e+01 3.3081e+01 2.7204e+01 3.1511e+01 3.7467e+01 3.3528e+01 3.8145e+01 3.8509e+01 2.9477e+01 3.2841e+01 3.5648e+01 4.3592e+01 
1.3630e+01 1.5097e+01 1.3023e+01 1.3712e+01 1.5049e+01 1.3181e+01 1.4946e+01 1.5263e+01 1.3703e+01 1.3912e+01 1.2817e+01 1.4570e+01 1.4560e+01 1.1780e+01 1.1975e+01 
1.0000e+03 1.0000e+03 1.0000e+03 1.0000e+03 1.0000e+03 1.0000e+03 1.0000e+03 1.0000e+03 1.0000e+03 1.0000e+03 1.0000e+03 1.0000e+03 1.0000e+03 1.0000e+03 1.0000e+03 
5.6788e+01 6.8468e+01 7.0130e+01 7.0628e+01 5.1359e+01 6.8612e+01 5.7903e+01 6.3641e+01 6.9252e+01 6.8319e+01 5.8303e+01 6.6071e+01 6.4507e+01 6.2597e+01 6.8641e+01 
6.8506e+01 6.9623e+01 7.1902e+01 6.8988e+01 6.0825e+01 7.5335e+01 7.0483e+01 7.0799e+01 7.2537e+01 7.0427e+01 7.0235e+01 7.5490e+01 7.0817e+01 7.4284e+01 6.2343e+01 
2.0559e+00 3.2150e+00 2.6008e+00 2.8952e+00 2.7722e+00 2.6893e+00 2.6162e+00 2.9927e+00 3.3452e+00 3.6072e+00 2.6653e+00 3.1129e+00 2.1267e+00 2.5701e+00 3.0843e+00 
3.9285e+02 3.9639e+02 3.5544e+02 3.9289e+02 3.7290e+02 3.4453e+02 3.7080e+02 3.9584e+02 4.0768e+02 3.8038e+02 3.3900e+02 4.0119e+02 3.8459e+02 3.3672e+02 3.7345e+02 
