2.7895e-02 2.1547e-01 1.7347e-01 1.7755e-01 1.4329e-02 4.9113e-02 4.7415e-02 4.5060e-02 5.0887e-02 6.9965e-02 1.4229e-02 2.3399e-01 1.8454e-01 6.2394e-02 1.0186e-01 
3.5644e+01 3.3822e+02 1.3548e+02 2.1862e+02 8.5261e+01 1.3956e+02 2.7902e+02 2.8004e+02 2.3261e+01 2.7268e+02 6.6579e+01 8.2147e+02 2.4467e+02 8.0297e+01 4.2828e+02 
5.6150e+00 8.3702e+00 5.3313e+00 5.3219e+00 1.0103e+01 3.8440e+00 5.8775e+00 6.5645e+00 6.9252e+00 7.8018e+00 9.4096e+00 5.5629e+00 1.2209e+01 8.1823e+00 6.2942e+00 
9.6227e+00 1.6346e+01 7.0573e+00 3.3548e+00 7.8391e+00 1.1189e+01 1.5472e+01 1.3504e+01 1.4478e+01 1.1054e+01 9.8336e+00 7.9544e+00 7.7490e+00 1.0715e+01 1.2417e+01 
4.2391e+00 4.5340e+00 4.8153e+00 3.0030e+00 3.6330e+00 5.1054e+00 3.1769e+00 2.3944e+00 5.4440e+00 4.7971e+00 1.1857e+00 3.1462e+00 3.9092e+00 2.4767e+00 2.4951e+00 
1.1697e+00 1.1930e+00 2.7272e+00 1.7725e-01 1.6882e+00 1.6049e+00 1.5473e+00 1.4525e+00 1.1627e+00 2.5292e+00 1.2875e+00 1.5416e+00 6.0146e-01 1.4194e+00 2.3283e+00 
3.2614e-01 4.4936e-01 1.0071e-01 2.6640e-01 8.6531e-01 1.2449e+00 1.9495e-01 1.3203e-01 2.7216e-01 2.7512e-02 7.6451e-01 6.8270e-01 1.9627e-01 3.8849e-01 2.4823e-01 
1.0920e+00 2.6461e+00 8.8599e+00 1.0740e+00 2.1764e-01 1.9551e+00 4.7911e+00 5.5668e+00 3.7360e+00 2.6881e+00 3.3030e+00 5.3650e+00 1.0458e+01 3.5547e+00 3.7432e+00 
7.6574e+00 1.3469e+00 6.4001e+00 6.3387e+00 4.4341e+00 5.3104e+00 3.9497e+00 4.8525e-01 1.9933e+00 2.9304e+00 3.1989e+00 1.4243e+00 5.3544e+00 3.7682e+00 1.8167e+00 
1.0331e+02 2.4369e+02 7.7998e+02 6.4647e+01 2.5612e+02 4.3709e+02 7.0802e+01 7.0913e+02 7.8889e+01 3.0643e+02 2.2235e+02 5.7592e+01 1.2584e+02 2.3978e+02 8.3410e+01 
2.4430e+01 2.9675e+01 1.4119e+00 1.6861e+01 2.1251e+01 2.2371e+01 1.8883e+01 4.6019e+01 1.3247e+01 1.3194e+01 2.0981e+01 4.2194e+00 8.3663e+00 3.9892e+01 1.4916e+01 
1.0000e+03 1.0000e+03 1.0000e+03 1.0000e+03 5.9059e+02 5.9845e+02 1.0000e+03 7.7503e+02 1.0000e+03 1.0000e+03 1.0000e+03 1.0000e+03 4.3063e+02 1.0000e+03 1.0000e+03 
2.7946e+01 2.8226e+01 1.5390e+01 1.9068e+01 4.0646e+01 3.3815e+01 2.9000e+01 1.3962e+01 2.8670e+01 2.9380e+01 1.8118e+01 2.8761e+01 3.4761e+01 3.0558e+01 2.7328e+01 
1.8997e-01 1.4879e-01 1.4329e-01 8.6384e-02 8.3957e-02 1.3596e-01 3.5439e-01 7.7417e-02 2.6999e-01 1.3290e-01 9.1543e-02 1.0044e-01 1.8228e-01 1.6181e-01 1.3116e-01 
8.6717e+00 7.7106e+00 5.5274e+00 2.3679e+00 7.3646e+00 4.5039e+00 4.9529e+00 6.5625e+00 7.1913e+00 3.8885e+00 1.1311e+01 3.9632e+00 5.4369e+00 6.6688e+00 5.5650e+00 
1.5084e+00 1.0058e+00 2.5123e-01 1.1988e+00 5.6374e-01 9.6273e-01 8.3854e-01 5.9172e-01 2.8397e-01 2.6660e-01 1.3893e-01 1.5214e-01 9.1098e-01 1.0865e+00 1.8489e-01 
8.3979e-01 5.7173e-01 9.4324e-01 4.8281e-01 6.0318e-01 7.4776e-01 6.6131e-01 6.3026e-01 8.1592e-01 4.9601e-01 4.1889e-01 3.1203e-01 6.0916e-01 6.4716e-01 4.5473e-01 
4.1429e+00 2.7438e+00 3.4371e+00 2.3518e+00 6.2562e-01 1.7354e+00 2.6777e+00 2.5501e+00 2.6186e+00 2.4285e+00 2.0201e+00 2.6422e+00 2.7908e+00 3.8830e-01 2.3483e+00 
4.2169e-01 1.8652e-01 6.2421e-01 3.9716e-01 9.8990e-02 4.5472e-01 2.9744e-01 2.0199e-01 2.0323e-01 3.6497e-01 5.6632e-01 1.5996e-01 9.8055e-02 5.3797e-01 4.0037e-01 
6.2330e-01 1.7607e+00 1.3754e+00 1.6653e+00 1.3275e+00 1.2213e+00 9.6796e-01 1.0090e+00 1.4630e+00 2.0597e+00 1.7222e+00 1.8371e+00 2.0305e+00 8.5317e-01 1.0796e+00 
1.5370e-01 1.5389e-02 4.4512e-02 3.9198e-02 2.7133e-03 4.4439e-02 4.2158e-04 1.1832e-01 3.6961e-02 1.2068e-01 3.4514e-03 1.9055e-02 1.3287e-02 8.5593e-03 1.2084e-01 
4.2988e-01 9.8355e-04 4.9500e-02 4.7979e-02 1.1514e-01 1.6192e-03 8.1489e-02 2.9809e-03 5.3790e-02 9.4378e-05 1.2829e-01 3.4263e-05 6.6022e-03 7.3014e-03 3.5918e-03 
6.8402e-01 6.7859e-01 6.9653e-01 1.3150e+00 9.0100e-01 1.0817e+00 1.5545e+00 6.5788e-01 9.7746e-01 9.3736e-01 8.7603e-01 2.3158e-01 1.0862e+00 8.1726e-01 1.0230e+00 
6.4098e+00 5.4546e+00 8.3328e+00 4.6442e+00 9.1067e+00 2.1596e+00 7.3560e+00 6.7962e+00 7.1406e+00 7.3226e+00 5.7614e+00 7.8960e+00 8.3495e+00 7.5914e+00 6.3110e+00 
