1.3600e+01 1.9317e+01 2.0684e+01 1.6350e+01 8.8144e+00 1.4259e+01 1.3844e+01 1.0674e+01 1.1295e+01 1.2340e+01 1.1516e+01 1.9123e+01 1.5746e+01 1.3743e+01 1.8869e+01 
1.0000e+03 1.0000e+03 1.0000e+03 1.0000e+03 1.0000e+03 1.0000e+03 1.0000e+03 1.0000e+03 1.0000e+03 1.0000e+03 1.0000e+03 1.0000e+03 1.0000e+03 1.0000e+03 1.0000e+03 
1.1755e+02 1.5894e+02 1.7039e+02 1.3445e+02 1.6358e+02 1.2481e+02 1.1255e+02 1.2743e+02 1.4471e+02 1.4313e+02 1.4801e+02 1.4889e+02 1.2653e+02 1.6534e+02 1.4837e+02 
1.8056e+02 1.5802e+02 2.0293e+02 1.9355e+02 1.2551e+02 1.8207e+02 1.5886e+02 1.7915e+02 1.9172e+02 1.8448e+02 1.9256e+02 2.1628e+02 1.7715e+02 1.8405e+02 1.6984e+02 
6.2161e+01 5.4399e+01 5.8669e+01 7.0377e+01 5.6648e+01 7.0869e+01 6.7226e+01 6.5443e+01 4.7620e+01 6.8679e+01 6.0834e+01 5.4218e+01 7.1234e+01 6.3714e+01 6.7387e+01 
1.2939e+02 9.2916e+01 1.0000e+03 1.0000e+03 7.2809e+01 2.2699e+02 2.2311e+02 1.1002e+02 2.1362e+02 1.1930e+02 1.1689e+02 9.0797e+02 8.5301e+02 3.7741e+02 8.3155e+02 
4.8917e+01 9.3643e+01 4.6199e+01 3.3088e+01 5.7415e+01 4.6072e+01 4.7657e+01 7.1404e+01 5.6100e+01 5.6304e+01 6.7359e+01 4.2111e+01 2.5352e+01 4.5864e+01 5.8226e+01 
1.0000e+03 2.6915e+02 1.0000e+03 1.0000e+03 1.0000e+03 1.0000e+03 1.0000e+03 1.0000e+03 1.0000e+03 1.0000e+03 1.0000e+03 1.0000e+03 1.0000e+03 1.0000e+03 1.0000e+03 
1.0000e+03 1.0000e+03 1.0000e+03 1.0000e+03 1.0000e+03 1.0000e+03 1.0000e+03 1.0000e+03 1.0000e+03 1.0000e+03 1.0000e+03 1.0000e+03 1.0000e+03 1.0000e+03 1.0000e+03 
1.0000e+03 1.0000e+03 1.0000e+03 1.0000e+03 1.0000e+03 1.0000e+03 1.0000e+03 1.0000e+03 1.0000e+03 1.0000e+03 1.0000e+03 1.0000e+03 1.0000e+03 1.0000e+03 1.0000e+03 
3.0280e+01 1.0548e+02 7.2470e+01 1.0128e+02 4.9204e+01 1.2125e+02 8.8968e+01 5.5287e+01 8.9402e+01 9.4276e+01 8.2666e+01 6.6584e+01 1.0998e+02 7.0584e+01 8.9451e+01 
1.0000e+03 1.0000e+03 1.0000e+03 1.0000e+03 1.0000e+03 1.0000e+03 1.0000e+03 1.0000e+03 1.0000e+03 1.0000e+03 1.0000e+03 1.0000e+03 1.0000e+03 1.0000e+03 1.0000e+03 
5.9503e+02 7.8671e+02 5.3542e+02 6.4323e+02 6.5049e+02 6.0169e+02 6.3168e+02 6.4728e+02 5.3709e+02 6.7565e+02 5.9635e+02 7.0850e+02 5.0161e+02 6.7132e+02 6.9644e+02 
4.5704e+00 5.7404e+00 5.3291e+00 6.0096e+00 5.3924e+00 5.1224e+00 3.3816e+00 5.5496e+00 3.6968e+00 7.1511e+00 6.7610e+00 4.1797e+00 5.9272e+00 3.7469e+00 6.9899e+00 
1.2070e+02 1.3380e+02 1.4605e+02 1.5890e+02 1.3352e+02 1.4008e+02 1.3538e+02 1.0228e+02 1.6289e+02 1.3356e+02 1.5186e+02 1.3828e+02 1.4816e+02 1.4079e+02 1.2773e+02 
9.6506e+00 1.5599e+01 1.2606e+01 1.3159e+01 1.1415e+01 7.9336e+00 1.8070e+01 1.2985e+01 1.3417e+01 1.3951e+01 1.3775e+01 9.6698e+00 1.0017e+01 1.5512e+01 9.8306e+00 
2.6062e+00 4.6694e+00 6.2841e+00 4.6059e+00 5.3585e+00 4.8051e+00 5.9529e+00 4.7629e+00 5.9030e+00 5.2713e+00 6.0592e+00 6.8468e+00 6.3723e+00 4.8614e+00 4.7629e+00 
2.1019e+01 1.6320e+01 2.0291e+01 1.2932e+01 1.6611e+01 1.9093e+01 1.9412e+01 1.7672e+01 2.2529e+01 1.8330e+01 1.9658e+01 2.0489e+01 1.7401e+01 2.0462e+01 2.2987e+01 
7.2919e+00 6.7325e+00 9.2602e+00 7.0694e+00 7.9547e+00 7.2167e+00 8.1827e+00 7.3409e+00 8.3111e+00 8.3402e+00 6.0122e+00 6.3690e+00 7.8002e+00 8.2373e+00 6.1733e+00 
1.0000e+03 7.4811e+02 1.0000e+03 6.5747e+02 3.0085e+02 1.0000e+03 9.5293e+02 3.4518e+02 7.9294e+02 8.8129e+02 1.0000e+03 1.1883e+02 1.0000e+03 1.0000e+03 6.2648e+02 
1.2954e+01 2.3309e+01 2.2183e+01 1.7114e+01 1.7576e+01 1.2841e+01 2.3748e+01 1.7661e+01 1.7895e+01 2.4019e+01 1.0628e+01 1.6638e+01 2.5069e+01 1.4080e+01 2.7106e+01 
2.1645e+01 2.4944e+01 2.3342e+01 2.0473e+01 4.5599e+01 2.6757e+01 1.6191e+01 3.7995e+01 2.1921e+01 8.7269e+00 3.4930e+01 2.9356e+01 3.7269e+01 3.6647e+01 1.9926e+01 
1.7403e+00 2.1676e+00 2.3648e+00 1.9603e+00 2.4003e+00 1.6958e+00 1.4774e+00 2.0456e+00 2.0642e+00 1.7424e+00 2.1992e+00 2.0319e+00 1.7178e+00 2.0285e+00 2.1016e+00 
1.2222e+02 1.1946e+02 1.0584e+02 1.1101e+02 7.5980e+01 1.3052e+02 1.3372e+02 1.0544e+02 1.2653e+02 1.3161e+02 1.1724e+02 1.2562e+02 1.0205e+02 1.2831e+02 1.2400e+02 
