2-D
 3.2380e-03  6.7381e-03  1.3285e-02  3.3375e-04  1.6809e-02  3.1672e-03  2.2896e-03  5.7150e-03  5.9809e-04  3.1540e-03  1.0350e-02  7.1535e-03  1.6740e-03  3.1143e-02  5.9148e-03 
 3.7441e+00  1.7507e+01  1.7519e+00  1.0538e+00  5.4875e-01  2.8872e+00  2.4553e+01  3.7504e+00  7.2253e+00  5.5720e+00  8.8908e+00  4.9873e-01  1.3103e+00  3.5196e+00  2.5598e+00 
 1.6004e+00  1.6631e+00  1.3803e+00  1.8198e+00  1.4584e+00  5.7145e-02  1.1326e+00  1.5566e+00  1.6177e+00  1.7509e+00  1.4071e-02  1.3886e+00  1.5581e+00  8.5295e-01  1.4094e+00 
 2.0755e+00  2.5590e+00  1.1004e+00  1.0708e+00  5.0905e+00  4.6318e+00  1.1281e+00  1.7945e+00  4.1833e+00  2.3626e+00  1.4873e+00  2.9263e+00  2.3256e+00  1.4683e+00  3.1581e+00 
 3.3188e-01  4.1338e-01  9.8612e-01  1.6151e+00  8.7663e-01  7.6789e-01  3.7233e-01  1.1252e-01  1.2776e+00  8.4186e-01  7.9387e-01  8.0236e-01  4.4132e-01  4.1734e-01  3.6267e-01 
 1.2632e-02  8.1498e-02  8.2864e-02  2.3287e-02  2.0390e-01  6.1673e-02  1.8380e-01  1.4898e-01  5.4234e-03  8.7185e-02  8.3183e-02  7.9075e-02  2.2224e-02  2.9659e-01  3.5635e-02 
 6.0092e-03  3.2602e-02  2.0492e-02  3.0519e-02  1.6141e-02  4.1226e-02  1.6397e-02  9.4237e-03  2.8099e-02  1.7871e-02  4.4585e-02  7.5785e-08  1.2809e-02  1.4504e-02  1.0746e-02 
 1.1220e-01  1.9499e-02  8.1433e-03  5.1298e-02  5.0589e-02  1.1748e-02  2.7810e-02  1.3304e-01  2.0855e-02  8.1681e-02  4.6576e-03  6.6305e-02  3.8249e-03  1.3370e-03  1.0742e-01 
 1.3358e-01  1.0250e-02  5.4509e-02  2.1015e-01  2.1376e-02  1.1797e-01  7.0417e-03  4.6181e-02  1.6230e-01  4.9038e-02  6.4698e-02  2.4776e-01  1.6819e-01  1.5218e-01  2.3730e-02 
 2.5051e+00  9.0295e+00  1.2969e+01  6.2997e+00  4.1929e+00  4.2783e-01  4.2396e+00  5.9321e+00  2.3178e+01  1.8254e+01  1.6833e+00  4.3249e+00  2.5231e+00  2.0868e-01  2.4099e+00 
 9.9772e+00  2.6116e+00  8.9459e+00  6.7449e+00  2.0128e+01  1.0389e+01  8.4659e+00  1.0603e+00  3.2174e+00  1.0545e+01  3.6870e+00  6.7867e+00  8.8212e-02  4.7900e+00  3.1560e+00 
 5.7313e+00  5.8358e+01  6.3973e+00  6.4502e+00  8.0489e-01  1.6414e+00  3.0568e+00  6.9717e+00  1.1605e+00  1.2905e+01  4.1491e+00  3.2757e-01  1.2630e+01  6.8599e+00  4.2444e+00 
 3.1663e+00  1.0756e-01  1.0434e+00  2.5988e+00  7.7848e-01  1.3149e+00  1.9274e+00  8.3724e-01  1.1702e+00  5.1853e-01  3.1387e+00  8.4599e-01  2.9483e+00  9.6496e-01  3.3509e+00 
 6.4698e-03  4.8477e-02  1.6096e-03  6.2411e-03  2.9938e-02  2.1190e-03  5.9898e-03  5.7088e-03  1.0129e-02  1.9291e-03  2.1041e-02  5.6400e-02  8.3701e-03  2.2134e-03  8.2096e-03 
 7.0127e-01  1.1614e+00  2.1980e+00  4.8335e-01  1.5471e+00  2.0369e+00  1.4081e+00  1.1454e+00  1.0414e+00  1.0098e+00  1.9025e+00  1.7900e+00  2.0145e-01  1.5957e+00  9.8431e-01 
 1.5558e-02  7.5155e-03  2.9750e-02  2.6613e-02  6.7866e-02  2.5986e-01  1.9103e-01  7.3323e-02  2.7498e-01  2.0937e-01  1.3354e-02  2.8877e-02  1.1779e-01  1.0796e-01  7.6112e-02 
 1.6246e-01  5.3999e-02  1.8411e-01  1.6063e-01  2.8211e-01  3.6782e-01  7.2469e-02  1.7221e-01  4.7001e-01  1.5176e-01  1.6418e-01  1.6870e-01  2.7088e-01  3.7080e-01  1.5644e-01 
 7.4352e-01  5.6346e-01  2.5264e-01  8.9170e-01  2.7065e-01  7.4969e-01  8.1256e-01  1.2863e+00  8.8884e-01  1.5769e-01  6.6169e-01  4.1919e-01  7.2301e-01  1.3913e+00  2.7884e-01 
 1.8021e-02  2.0557e-02  1.2946e-03  3.1433e-02  2.6332e-02  2.1872e-02  4.3553e-05  3.0090e-02  3.6192e-03  2.2421e-03  1.6020e-02  1.7227e-04  1.0068e-02  1.9693e-02  1.6509e-02 
 7.4405e-01  9.2285e-02  9.0118e-01  6.4395e-01  2.4840e-02  7.5355e-01  3.7813e-01  6.3593e-01  1.7249e-01  3.9764e-02  3.0559e-02  6.2816e-01  1.8642e-01  4.9926e-02  3.3232e-01 
 3.6683e-05  6.8579e-05  1.0786e-04  4.9296e-03  1.7077e-08  6.0546e-04  2.2967e-04  1.7874e-05  2.9801e-05  9.1499e-04  6.2157e-04  4.8077e-04  1.1935e-03  1.5524e-05  6.2560e-05 
 1.6737e-06  1.1801e-03  1.5601e-06  6.6130e-06  2.1235e-04  7.3823e-05  5.9008e-04  6.9859e-05  9.3377e-04  8.9097e-04  1.4262e-07  1.5438e-06  9.8476e-04  5.8471e-06  2.4934e-04 
 3.6409e-01  8.2829e-01  1.9388e-01  8.1048e-01  3.3145e-02  3.1958e-01  8.4819e-01  4.2261e-01  2.5404e-01  4.2814e-01  6.7015e-01  4.0675e-01  9.4622e-01  7.1006e-01  4.8197e-01 
 1.5578e+00  8.3419e-01  2.4064e+00  1.5366e+00  2.2382e+00  6.1381e-01  1.1788e+00  5.8598e-01  1.5675e+00  1.4509e+00  9.7243e-01  2.7129e+00  1.1588e+00  1.8020e+00  8.8641e-01 

3-D
 2.7895e-02  2.1547e-01  1.7347e-01  1.7755e-01  1.4329e-02  4.9113e-02  4.7415e-02  4.5060e-02  5.0887e-02  6.9965e-02  1.4229e-02  2.3399e-01  1.8454e-01  6.2394e-02  1.0186e-01 
 3.5644e+01  3.3822e+02  1.3548e+02  2.1862e+02  8.5261e+01  1.3956e+02  2.7902e+02  2.8004e+02  2.3261e+01  2.7268e+02  6.6579e+01  8.2147e+02  2.4467e+02  8.0297e+01  4.2828e+02 
 5.6150e+00  8.3702e+00  5.3313e+00  5.3219e+00  1.0103e+01  3.8440e+00  5.8775e+00  6.5645e+00  6.9252e+00  7.8018e+00  9.4096e+00  5.5629e+00  1.2209e+01  8.1823e+00  6.2942e+00 
 9.6227e+00  1.6346e+01  7.0573e+00  3.3548e+00  7.8391e+00  1.1189e+01  1.5472e+01  1.3504e+01  1.4478e+01  1.1054e+01  9.8336e+00  7.9544e+00  7.7490e+00  1.0715e+01  1.2417e+01 
 4.2391e+00  4.5340e+00  4.8153e+00  3.0030e+00  3.6330e+00  5.1054e+00  3.1769e+00  2.3944e+00  5.4440e+00  4.7971e+00  1.1857e+00  3.1462e+00  3.9092e+00  2.4767e+00  2.4951e+00 
 1.1697e+00  1.1930e+00  2.7272e+00  1.7725e-01  1.6882e+00  1.6049e+00  1.5473e+00  1.4525e+00  1.1627e+00  2.5292e+00  1.2875e+00  1.5416e+00  6.0146e-01  1.4194e+00  2.3283e+00 
 3.2614e-01  4.4936e-01  1.0071e-01  2.6640e-01  8.6531e-01  1.2449e+00  1.9495e-01  1.3203e-01  2.7216e-01  2.7512e-02  7.6451e-01  6.8270e-01  1.9627e-01  3.8849e-01  2.4823e-01 
 1.0920e+00  2.6461e+00  8.8599e+00  1.0740e+00  2.1764e-01  1.9551e+00  4.7911e+00  5.5668e+00  3.7360e+00  2.6881e+00  3.3030e+00  5.3650e+00  1.0458e+01  3.5547e+00  3.7432e+00 
 7.6574e+00  1.3469e+00  6.4001e+00  6.3387e+00  4.4341e+00  5.3104e+00  3.9497e+00  4.8525e-01  1.9933e+00  2.9304e+00  3.1989e+00  1.4243e+00  5.3544e+00  3.7682e+00  1.8167e+00 
 1.0331e+02  2.4369e+02  7.7998e+02  6.4647e+01  2.5612e+02  4.3709e+02  7.0802e+01  7.0913e+02  7.8889e+01  3.0643e+02  2.2235e+02  5.7592e+01  1.2584e+02  2.3978e+02  8.3410e+01 
 2.4430e+01  2.9675e+01  1.4119e+00  1.6861e+01  2.1251e+01  2.2371e+01  1.8883e+01  4.6019e+01  1.3247e+01  1.3194e+01  2.0981e+01  4.2194e+00  8.3663e+00  3.9892e+01  1.4916e+01 
 1.4819e+04  1.0056e+03  3.0501e+04  5.2275e+03  5.9059e+02  5.9845e+02  2.4570e+03  7.7503e+02  6.0714e+03  6.2963e+03  7.9493e+03  3.7998e+03  4.3063e+02  2.3057e+04  3.3431e+03 
 2.7946e+01  2.8226e+01  1.5390e+01  1.9068e+01  4.0646e+01  3.3815e+01  2.9000e+01  1.3962e+01  2.8670e+01  2.9380e+01  1.8118e+01  2.8761e+01  3.4761e+01  3.0558e+01  2.7328e+01 
 1.8997e-01  1.4879e-01  1.4329e-01  8.6384e-02  8.3957e-02  1.3596e-01  3.5439e-01  7.7417e-02  2.6999e-01  1.3290e-01  9.1543e-02  1.0044e-01  1.8228e-01  1.6181e-01  1.3116e-01 
 8.6717e+00  7.7106e+00  5.5274e+00  2.3679e+00  7.3646e+00  4.5039e+00  4.9529e+00  6.5625e+00  7.1913e+00  3.8885e+00  1.1311e+01  3.9632e+00  5.4369e+00  6.6688e+00  5.5650e+00 
 1.5084e+00  1.0058e+00  2.5123e-01  1.1988e+00  5.6374e-01  9.6273e-01  8.3854e-01  5.9172e-01  2.8397e-01  2.6660e-01  1.3893e-01  1.5214e-01  9.1098e-01  1.0865e+00  1.8489e-01 
 8.3979e-01  5.7173e-01  9.4324e-01  4.8281e-01  6.0318e-01  7.4776e-01  6.6131e-01  6.3026e-01  8.1592e-01  4.9601e-01  4.1889e-01  3.1203e-01  6.0916e-01  6.4716e-01  4.5473e-01 
 4.1429e+00  2.7438e+00  3.4371e+00  2.3518e+00  6.2562e-01  1.7354e+00  2.6777e+00  2.5501e+00  2.6186e+00  2.4285e+00  2.0201e+00  2.6422e+00  2.7908e+00  3.8830e-01  2.3483e+00 
 4.2169e-01  1.8652e-01  6.2421e-01  3.9716e-01  9.8990e-02  4.5472e-01  2.9744e-01  2.0199e-01  2.0323e-01  3.6497e-01  5.6632e-01  1.5996e-01  9.8055e-02  5.3797e-01  4.0037e-01 
 6.2330e-01  1.7607e+00  1.3754e+00  1.6653e+00  1.3275e+00  1.2213e+00  9.6796e-01  1.0090e+00  1.4630e+00  2.0597e+00  1.7222e+00  1.8371e+00  2.0305e+00  8.5317e-01  1.0796e+00 
 1.5370e-01  1.5389e-02  4.4512e-02  3.9198e-02  2.7133e-03  4.4439e-02  4.2158e-04  1.1832e-01  3.6961e-02  1.2068e-01  3.4514e-03  1.9055e-02  1.3287e-02  8.5593e-03  1.2084e-01 
 4.2988e-01  9.8355e-04  4.9500e-02  4.7979e-02  1.1514e-01  1.6192e-03  8.1489e-02  2.9809e-03  5.3790e-02  9.4378e-05  1.2829e-01  3.4263e-05  6.6022e-03  7.3014e-03  3.5918e-03 
 6.8402e-01  6.7859e-01  6.9653e-01  1.3150e+00  9.0100e-01  1.0817e+00  1.5545e+00  6.5788e-01  9.7746e-01  9.3736e-01  8.7603e-01  2.3158e-01  1.0862e+00  8.1726e-01  1.0230e+00 
 6.4098e+00  5.4546e+00  8.3328e+00  4.6442e+00  9.1067e+00  2.1596e+00  7.3560e+00  6.7962e+00  7.1406e+00  7.3226e+00  5.7614e+00  7.8960e+00  8.3495e+00  7.5914e+00  6.3110e+00 

5-D
 2.3332e+00  1.7131e+00  1.1054e+00  6.8279e-01  4.8777e-01  1.2305e+00  9.8334e-01  2.0518e+00  1.4672e+00  1.4303e+00  1.8784e+00  6.9016e-01  1.9082e+00  1.5157e+00  8.9184e-01 
 2.1353e+03  6.1148e+03  3.8763e+03  1.7549e+03  4.0292e+03  6.4886e+03  1.1859e+03  2.4371e+03  3.2474e+03  5.8764e+03  7.1612e+03  8.2711e+03  7.6307e+03  4.7971e+03  4.1318e+03 
 3.1409e+01  3.7616e+01  3.8468e+01  1.7109e+01  2.6420e+01  3.7656e+01  3.2683e+01  3.1761e+01  3.6314e+01  4.3052e+01  3.2436e+01  3.1278e+01  3.0713e+01  3.6214e+01  4.0353e+01 
 3.3217e+01  4.3958e+01  4.7255e+01  3.6995e+01  4.4489e+01  4.0980e+01  3.4252e+01  4.4725e+01  2.8418e+01  5.0229e+01  3.9616e+01  5.8445e+01  4.9461e+01  2.7870e+01  3.3595e+01 
 1.9369e+01  1.1800e+01  1.5676e+01  1.1292e+01  1.7232e+01  1.3371e+01  1.2228e+01  1.6706e+01  1.1453e+01  1.2423e+01  1.7369e+01  1.5377e+01  1.2674e+01  1.2888e+01  1.1841e+01 
 7.5884e+00  1.2936e+01  3.8471e+00  2.0868e+02  2.3462e+01  1.8250e+01  1.2601e+01  1.5045e+01  1.4324e+01  4.3884e+00  1.2397e+01  1.2716e+01  2.3378e+01  1.2688e+01  2.4455e+01 
 4.5657e+00  4.2330e+00  6.1539e+00  8.6449e+00  3.4951e+00  4.6490e+00  7.4078e+00  6.7666e+00  3.9632e+00  1.9030e+00  2.0967e+00  1.1976e+00  9.7726e-01  4.9713e+00  6.9623e+00 
 1.6621e+02  2.7397e+01  1.0017e+02  9.1574e+01  4.2851e+01  1.0538e+02  1.6877e+02  7.2646e+01  1.0948e+02  2.0961e+02  1.9998e+02  2.3467e+02  4.5486e+01  1.8828e+02  1.7647e+02 
 4.5278e+01  1.2048e+02  1.2889e+02  3.1461e+01  9.8374e+01  8.0522e+01  1.8004e+02  6.8819e+01  1.1103e+02  1.2177e+02  2.9247e+01  1.3798e+02  5.5737e+01  1.9307e+02  1.0378e+02 
 6.4211e+03  3.9126e+03  2.9019e+03  3.3687e+03  6.6379e+03  2.1606e+03  5.5444e+03  2.0703e+03  3.3678e+03  1.0441e+04  9.3567e+03  3.0925e+03  6.0044e+02  2.7178e+02  3.9277e+03 
 5.9186e+00  1.1157e+01  2.5133e+01  5.4592e+01  1.2711e+01  9.8375e+00  6.3683e+00  5.1315e+01  2.1478e+01  6.2030e+01  2.0609e+01  6.2248e+01  1.9261e+01  2.4180e+01  1.6648e+01 
 3.8033e+05  5.3793e+05  7.4585e+05  5.3073e+05  4.9748e+05  6.0074e+05  2.4019e+05  4.9638e+05  1.5097e+06  2.1458e+05  4.7538e+05  5.6367e+05  3.3941e+05  2.5516e+05  9.5680e+05 
 1.7508e+02  7.9767e+01  1.7095e+02  2.5225e+02  1.8935e+02  1.1498e+02  8.3259e+01  1.8153e+02  1.1457e+02  1.0317e+02  1.1719e+02  1.3766e+02  1.8048e+02  1.2016e+02  1.7765e+02 
 1.1356e+00  9.6524e-01  8.9507e-01  9.2158e-01  7.6119e-01  6.5652e-01  4.9635e-01  1.1447e+00  7.6477e-01  6.9392e-01  6.3603e-01  8.5199e-01  9.6545e-01  9.1378e-01  1.2143e+00 
 2.8856e+01  4.0609e+01  4.2760e+01  4.4992e+01  2.8859e+01  4.8095e+01  3.8404e+01  1.4602e+01  2.6034e+01  2.6811e+01  2.3260e+01  3.2709e+01  4.9194e+01  4.3204e+01  4.9676e+01 
 4.6237e+00  1.9711e+00  6.1226e+00  2.4140e+00  3.3651e+00  3.2084e+00  2.3953e+00  5.9269e+00  2.2671e+00  2.0120e+00  2.0673e+00  4.7579e+00  7.1251e+00  2.3093e+00  5.8002e-01 
 1.7650e+00  2.2013e+00  1.9674e+00  2.2940e+00  1.8757e+00  1.9210e+00  1.6389e+00  2.8713e+00  3.2008e+00  2.5245e+00  2.1927e+00  1.8057e+00  1.4451e+00  1.7689e+00  2.6431e+00 
 9.8620e+00  2.4025e+00  6.3373e+00  6.3253e+00  7.6021e+00  6.9304e+00  7.5736e+00  1.1363e+01  5.1589e+00  1.0103e+01  8.7660e+00  1.1093e+01  6.3899e+00  6.1185e+00  8.0127e+00 
 2.9896e+00  2.3879e+00  3.0917e+00  3.3659e+00  1.9726e+00  1.2689e+00  2.6981e+00  1.2310e+00  2.4896e+00  3.7513e+00  2.4933e+00  2.9581e+00  3.7092e+00  2.5412e+00  2.6418e+00 
 2.6803e+00  3.1269e+00  2.5375e+00  3.2050e+00  3.1949e+00  2.8591e+00  4.0927e+00  2.8628e+00  2.9029e+00  2.4749e+00  3.2588e+00  2.4072e+00  3.6953e+00  2.9635e+00  2.2942e+00 
 6.3344e-01  2.2103e+00  1.1830e+00  1.7129e+00  2.6812e-01  3.5988e-03  1.9085e+00  1.8594e+00  1.7429e+00  2.4512e-02  1.9983e+00  6.0783e-01  1.4260e-01  8.3160e-01  2.0143e+00 
 5.6708e-01  2.2278e+00  1.8937e+00  2.2185e+00  2.0559e+00  1.4347e+00  4.3574e-01  1.4225e+00  1.0968e+00  3.1097e+00  1.8138e+00  3.6296e+00  7.2166e+00  1.3297e+00  7.5330e-01 
 1.6086e+00  1.9219e+00  1.6022e+00  1.3453e+00  1.7278e+00  1.2228e+00  8.6265e-01  1.2341e+00  1.4725e+00  1.6314e+00  1.7854e+00  1.4842e+00  1.6022e+00  1.4846e+00  1.6879e+00 
 3.6172e+01  3.0607e+01  2.3109e+01  2.4100e+01  1.9673e+01  2.6436e+01  2.9235e+01  2.7487e+01  1.9261e+01  2.6159e+01  2.8936e+01  3.1219e+01  3.3967e+01  3.1287e+01  2.1924e+01 

10-D
 1.3600e+01  1.9317e+01  2.0684e+01  1.6350e+01  8.8144e+00  1.4259e+01  1.3844e+01  1.0674e+01  1.1295e+01  1.2340e+01  1.1516e+01  1.9123e+01  1.5746e+01  1.3743e+01  1.8869e+01 
 1.1370e+05  7.1880e+04  4.1094e+04  1.0417e+05  6.3277e+04  6.0277e+04  6.2049e+04  5.8586e+04  5.4842e+04  1.3278e+05  8.5831e+04  2.1206e+05  5.7595e+04  7.2598e+04  9.8505e+04 
 1.1755e+02  1.5894e+02  1.7039e+02  1.3445e+02  1.6358e+02  1.2481e+02  1.1255e+02  1.2743e+02  1.4471e+02  1.4313e+02  1.4801e+02  1.4889e+02  1.2653e+02  1.6534e+02  1.4837e+02 
 1.8056e+02  1.5802e+02  2.0293e+02  1.9355e+02  1.2551e+02  1.8207e+02  1.5886e+02  1.7915e+02  1.9172e+02  1.8448e+02  1.9256e+02  2.1628e+02  1.7715e+02  1.8405e+02  1.6984e+02 
 6.2161e+01  5.4399e+01  5.8669e+01  7.0377e+01  5.6648e+01  7.0869e+01  6.7226e+01  6.5443e+01  4.7620e+01  6.8679e+01  6.0834e+01  5.4218e+01  7.1234e+01  6.3714e+01  6.7387e+01 
 1.2939e+02  9.2916e+01  1.6689e+04  1.5830e+04  7.2809e+01  2.2699e+02  2.2311e+02  1.1002e+02  2.1362e+02  1.1930e+02  1.1689e+02  9.0797e+02  8.5301e+02  3.7741e+02  8.3155e+02 
 4.8917e+01  9.3643e+01  4.6199e+01  3.3088e+01  5.7415e+01  4.6072e+01  4.7657e+01  7.1404e+01  5.6100e+01  5.6304e+01  6.7359e+01  4.2111e+01  2.5352e+01  4.5864e+01  5.8226e+01 
 1.4977e+03  2.6915e+02  3.2415e+03  1.5604e+03  3.6409e+03  5.2000e+03  6.1299e+03  3.6265e+03  4.7867e+03  4.1273e+03  3.1473e+03  5.3238e+03  3.8695e+03  2.5872e+03  4.1785e+03 
 5.4053e+03  3.7598e+03  1.9581e+03  3.9236e+03  2.7924e+03  3.0095e+03  3.0788e+03  2.9149e+03  4.6908e+03  3.5606e+03  2.4853e+03  1.0046e+03  3.9267e+03  4.6657e+03  3.3437e+03 
 4.9614e+04  3.7806e+04  7.3104e+04  7.8409e+04  1.0854e+05  4.4047e+04  8.8502e+04  1.1655e+05  6.2750e+04  4.2633e+04  6.2183e+04  1.5635e+05  8.0808e+04  1.4024e+05  8.1249e+04 
 3.0280e+01  1.0548e+02  7.2470e+01  1.0128e+02  4.9204e+01  1.2125e+02  8.8968e+01  5.5287e+01  8.9402e+01  9.4276e+01  8.2666e+01  6.6584e+01  1.0998e+02  7.0584e+01  8.9451e+01 
 1.3802e+07  1.8267e+07  1.7588e+07  1.6506e+07  1.2649e+07  1.3578e+07  1.2475e+07  9.4463e+06  1.7479e+07  1.3673e+07  1.7380e+07  1.7433e+07  1.2904e+07  1.6840e+07  1.9727e+07 
 5.9503e+02  7.8671e+02  5.3542e+02  6.4323e+02  6.5049e+02  6.0169e+02  6.3168e+02  6.4728e+02  5.3709e+02  6.7565e+02  5.9635e+02  7.0850e+02  5.0161e+02  6.7132e+02  6.9644e+02 
 4.5704e+00  5.7404e+00  5.3291e+00  6.0096e+00  5.3924e+00  5.1224e+00  3.3816e+00  5.5496e+00  3.6968e+00  7.1511e+00  6.7610e+00  4.1797e+00  5.9272e+00  3.7469e+00  6.9899e+00 
 1.2070e+02  1.3380e+02  1.4605e+02  1.5890e+02  1.3352e+02  1.4008e+02  1.3538e+02  1.0228e+02  1.6289e+02  1.3356e+02  1.5186e+02  1.3828e+02  1.4816e+02  1.4079e+02  1.2773e+02 
 9.6506e+00  1.5599e+01  1.2606e+01  1.3159e+01  1.1415e+01  7.9336e+00  1.8070e+01  1.2985e+01  1.3417e+01  1.3951e+01  1.3775e+01  9.6698e+00  1.0017e+01  1.5512e+01  9.8306e+00 
 2.6062e+00  4.6694e+00  6.2841e+00  4.6059e+00  5.3585e+00  4.8051e+00  5.9529e+00  4.7629e+00  5.9030e+00  5.2713e+00  6.0592e+00  6.8468e+00  6.3723e+00  4.8614e+00  4.7629e+00 
 2.1019e+01  1.6320e+01  2.0291e+01  1.2932e+01  1.6611e+01  1.9093e+01  1.9412e+01  1.7672e+01  2.2529e+01  1.8330e+01  1.9658e+01  2.0489e+01  1.7401e+01  2.0462e+01  2.2987e+01 
 7.2919e+00  6.7325e+00  9.2602e+00  7.0694e+00  7.9547e+00  7.2167e+00  8.1827e+00  7.3409e+00  8.3111e+00  8.3402e+00  6.0122e+00  6.3690e+00  7.8002e+00  8.2373e+00  6.1733e+00 
 1.3916e+03  7.4811e+02  1.8272e+03  6.5747e+02  3.0085e+02  1.7684e+03  9.5293e+02  3.4518e+02  7.9294e+02  8.8129e+02  1.6641e+03  1.1883e+02  1.0587e+03  2.2920e+03  6.2648e+02 
 1.2954e+01  2.3309e+01  2.2183e+01  1.7114e+01  1.7576e+01  1.2841e+01  2.3748e+01  1.7661e+01  1.7895e+01  2.4019e+01  1.0628e+01  1.6638e+01  2.5069e+01  1.4080e+01  2.7106e+01 
 2.1645e+01  2.4944e+01  2.3342e+01  2.0473e+01  4.5599e+01  2.6757e+01  1.6191e+01  3.7995e+01  2.1921e+01  8.7269e+00  3.4930e+01  2.9356e+01  3.7269e+01  3.6647e+01  1.9926e+01 
 1.7403e+00  2.1676e+00  2.3648e+00  1.9603e+00  2.4003e+00  1.6958e+00  1.4774e+00  2.0456e+00  2.0642e+00  1.7424e+00  2.1992e+00  2.0319e+00  1.7178e+00  2.0285e+00  2.1016e+00 
 1.2222e+02  1.1946e+02  1.0584e+02  1.1101e+02  7.5980e+01  1.3052e+02  1.3372e+02  1.0544e+02  1.2653e+02  1.3161e+02  1.1724e+02  1.2562e+02  1.0205e+02  1.2831e+02  1.2400e+02 

20-D
 8.4913e+01  7.5975e+01  7.9378e+01  8.3918e+01  6.7296e+01  6.4326e+01  6.1862e+01  7.1788e+01  7.4361e+01  8.3347e+01  7.6995e+01  6.7589e+01  6.9134e+01  8.7874e+01  8.5063e+01 
 8.6644e+05  5.8713e+05  9.3076e+05  4.2435e+05  5.2612e+05  9.0812e+05  7.6241e+05  5.3684e+05  6.1982e+05  8.0298e+05  1.0887e+06  9.3211e+05  8.4298e+05  7.5809e+05  3.6604e+05 
 4.6609e+02  3.9709e+02  4.6637e+02  4.2720e+02  4.8548e+02  4.0800e+02  5.3207e+02  4.7101e+02  4.2083e+02  5.2018e+02  4.7001e+02  6.1520e+02  3.7576e+02  4.9298e+02  4.1007e+02 
 5.2843e+02  4.8464e+02  6.5172e+02  5.7836e+02  6.0210e+02  6.5513e+02  5.5801e+02  4.9694e+02  5.7397e+02  6.2578e+02  6.2613e+02  5.8045e+02  5.2636e+02  5.6557e+02  6.5235e+02 
 1.8963e+02  1.9248e+02  1.9810e+02  1.8076e+02  1.7811e+02  1.9036e+02  1.6479e+02  2.1406e+02  1.9699e+02  1.9663e+02  1.7895e+02  1.9602e+02  1.7179e+02  1.9334e+02  1.9879e+02 
 3.1032e+05  6.3659e+04  4.9267e+04  1.8818e+05  1.8355e+04  1.2113e+05  1.2468e+04  8.6588e+04  2.8768e+04  1.0888e+05  1.2734e+05  2.8063e+05  7.4083e+04  4.5276e+04  1.2587e+05 
 4.2328e+02  4.3744e+02  2.9374e+02  4.1175e+02  1.9410e+02  3.6204e+02  3.7207e+02  2.7499e+02  3.2706e+02  4.5207e+02  3.0252e+02  2.4608e+02  3.2103e+02  3.7130e+02  2.2212e+02 
 2.1843e+04  6.2992e+04  3.5345e+04  6.2799e+04  3.5301e+04  4.5764e+04  2.4277e+04  5.9070e+04  5.2336e+04  4.2730e+04  4.1657e+04  4.8116e+04  5.1345e+04  4.3282e+04  7.6561e+04 
 3.6456e+04  4.6346e+04  4.3327e+04  3.1967e+04  4.2832e+04  2.2186e+04  3.6653e+04  2.1094e+04  1.3528e+04  3.5812e+04  4.0352e+04  4.0480e+04  2.3665e+04  3.8855e+04  3.8678e+04 
 1.1373e+06  3.4982e+05  3.8985e+05  9.3900e+05  8.0472e+05  5.5572e+05  9.0320e+05  7.1086e+05  9.8448e+05  7.2352e+05  8.0868e+05  3.5871e+05  7.3948e+05  5.7125e+05  4.5221e+05 
 1.7438e+02  1.7864e+02  1.7260e+02  2.1816e+02  2.4043e+02  2.9316e+02  1.6756e+02  2.4046e+02  1.4131e+02  2.0423e+02  2.6257e+02  1.5163e+02  1.9959e+02  2.1003e+02  2.5422e+02 
 6.4550e+07  1.1983e+08  1.2471e+08  8.9532e+07  9.5052e+07  9.5165e+07  9.9579e+07  8.3203e+07  9.7092e+07  7.2224e+07  1.1676e+08  9.4178e+07  6.2670e+07  8.3626e+07  9.7004e+07 
 1.3034e+03  1.7274e+03  1.6626e+03  1.4311e+03  1.5858e+03  1.3409e+03  1.6356e+03  1.6278e+03  1.5371e+03  1.4738e+03  1.6314e+03  1.4600e+03  1.4644e+03  1.4338e+03  1.4920e+03 
 2.7055e+01  2.3733e+01  1.7673e+01  2.2279e+01  2.1649e+01  1.6753e+01  2.3523e+01  1.7182e+01  2.2335e+01  1.9777e+01  1.6661e+01  2.6106e+01  2.1280e+01  2.2852e+01  2.6881e+01 
 4.5270e+02  5.1091e+02  4.7045e+02  4.4077e+02  5.2984e+02  4.6807e+02  4.4789e+02  4.6737e+02  4.9596e+02  5.0953e+02  5.6377e+02  6.6034e+02  5.2264e+02  4.5272e+02  4.4221e+02 
 1.7349e+01  2.6192e+01  2.1428e+01  2.4528e+01  2.5275e+01  2.4825e+01  2.4687e+01  2.0201e+01  2.4427e+01  2.0795e+01  2.0542e+01  2.1913e+01  2.1491e+01  2.4430e+01  2.1845e+01 
 8.1563e+00  9.1301e+00  1.2318e+01  7.1911e+00  9.8321e+00  8.2167e+00  8.8906e+00  8.6721e+00  1.0485e+01  1.1225e+01  9.6739e+00  1.0335e+01  1.0263e+01  7.7533e+00  1.1235e+01 
 3.1572e+01  3.3328e+01  4.2394e+01  3.5686e+01  3.3081e+01  2.7204e+01  3.1511e+01  3.7467e+01  3.3528e+01  3.8145e+01  3.8509e+01  2.9477e+01  3.2841e+01  3.5648e+01  4.3592e+01 
 1.3630e+01  1.5097e+01  1.3023e+01  1.3712e+01  1.5049e+01  1.3181e+01  1.4946e+01  1.5263e+01  1.3703e+01  1.3912e+01  1.2817e+01  1.4570e+01  1.4560e+01  1.1780e+01  1.1975e+01 
 1.5966e+04  1.8967e+04  1.4626e+04  2.4156e+04  1.4337e+04  1.8139e+04  1.7139e+04  1.8100e+04  1.6466e+04  1.8227e+04  1.5190e+04  1.6256e+04  1.6926e+04  1.9031e+04  1.9304e+04 
 5.6788e+01  6.8468e+01  7.0130e+01  7.0628e+01  5.1359e+01  6.8612e+01  5.7903e+01  6.3641e+01  6.9252e+01  6.8319e+01  5.8303e+01  6.6071e+01  6.4507e+01  6.2597e+01  6.8641e+01 
 6.8506e+01  6.9623e+01  7.1902e+01  6.8988e+01  6.0825e+01  7.5335e+01  7.0483e+01  7.0799e+01  7.2537e+01  7.0427e+01  7.0235e+01  7.5490e+01  7.0817e+01  7.4284e+01  6.2343e+01 
 2.0559e+00  3.2150e+00  2.6008e+00  2.8952e+00  2.7722e+00  2.6893e+00  2.6162e+00  2.9927e+00  3.3452e+00  3.6072e+00  2.6653e+00  3.1129e+00  2.1267e+00  2.5701e+00  3.0843e+00 
 3.9285e+02  3.9639e+02  3.5544e+02  3.9289e+02  3.7290e+02  3.4453e+02  3.7080e+02  3.9584e+02  4.0768e+02  3.8038e+02  3.3900e+02  4.0119e+02  3.8459e+02  3.3672e+02  3.7345e+02 

