% function evaluation | noise-free fitness - Fopt (-4.620900000000e+02) | best noise-free fitness - Fopt | measured fitness | best measured fitness | x1 | x2...
1 +6.502184672e+02 +6.502184672e+02 +1.881284672e+02 +1.881284672e+02 +4.4534e+00 -1.4057e+00 +3.4976e+00 +4.7898e+00 -8.0194e-01 -3.4551e+00 +4.1727e+00 -1.9256e+00 +4.6789e+00 -2.7219e+00
2 +3.881942874e+02 +3.881942874e+02 -7.389571258e+01 -7.389571258e+01 +4.1998e+00 -4.3072e+00 -1.5852e+00 -3.4445e+00 +6.2879e-03 +4.4019e+00 +3.7098e+00 +3.6063e+00 -6.3778e-01 -2.2922e+00
18 +1.175517683e+02 +1.175517683e+02 -3.445382317e+02 -3.445382317e+02 -1.2897e+00 +1.5224e+00 +9.6404e-01 -8.2769e-01 +2.2027e+00 +1.6198e+00 +2.0362e-01 +1.6290e+00 +2.2382e+00 -9.4474e-01
% function evaluation | noise-free fitness - Fopt (7.766000000000e+01) | best noise-free fitness - Fopt | measured fitness | best measured fitness | x1 | x2...
1 +1.623667059e+03 +1.623667059e+03 +1.701327059e+03 +1.701327059e+03 -1.7580e+00 +1.3833e+00 -9.0371e-01 +1.3909e+00 -4.3823e+00 -1.4221e+00 -3.6621e+00 +1.3279e+00 -3.2713e+00 +1.4546e+00
4 +6.373824687e+02 +6.373824687e+02 +7.150424687e+02 +7.150424687e+02 +2.9635e+00 +2.3285e+00 -4.1889e+00 -3.5413e+00 +1.4039e+00 -2.8788e-01 -4.5188e+00 +2.0861e+00 -4.2874e+00 -4.2950e+00
7 +6.216321225e+02 +6.216321225e+02 +6.992921225e+02 +6.992921225e+02 -1.3226e+00 +1.1541e+00 -3.4885e+00 -4.6581e+00 -8.8266e-01 +1.0148e+00 +1.6279e+00 +2.6941e+00 -3.4238e+00 -9.5595e-01
15 +1.927145013e+02 +1.927145013e+02 +2.703745013e+02 +2.703745013e+02 +2.1963e+00 +3.1735e-01 -4.9294e+00 +4.8918e+00 -1.9840e+00 +2.3841e+00 -1.1332e+00 -1.0048e+00 +6.7882e-01 -4.5721e+00
% function evaluation | noise-free fitness - Fopt (1.156800000000e+02) | best noise-free fitness - Fopt | measured fitness | best measured fitness | x1 | x2...
1 +1.285964923e+03 +1.285964923e+03 +1.401644923e+03 +1.401644923e+03 +4.6796e+00 +3.4189e+00 -3.9036e+00 -2.9129e+00 -2.4947e+00 -5.5796e-01 +3.1049e+00 +1.7875e+00 -2.9112e+00 +2.1039e-01
3 +9.354942258e+02 +9.354942258e+02 +1.051174226e+03 +1.051174226e+03 -1.6949e+00 +3.2900e-01 +4.2201e+00 +1.5586e+00 +4.8709e+00 -1.5908e+00 -1.7980e+00 -3.4430e+00 -3.6775e+00 -1.6392e+00
10 +4.208023531e+02 +4.208023531e+02 +5.364823531e+02 +5.364823531e+02 -3.0512e+00 -4.1676e+00 +4.8125e+00 +3.6360e+00 -1.7911e+00 +9.0523e-03 -1.3898e+00 +3.6060e+00 -1.1224e+00 -1.7788e-01
24 +3.365081648e+02 +3.365081648e+02 +4.521881648e+02 +4.521881648e+02 +1.6846e+00 +1.5118e+00 +1.4330e+00 +1.0457e-01 -1.6545e+00 -1.4360e+00 -1.3026e-01 +1.8768e+00 -2.7796e+00 -5.0786e-02
60 +2.297741557e+02 +2.297741557e+02 +3.454541557e+02 +3.454541557e+02 -4.5298e+00 +3.8137e+00 +2.0731e+00 -1.1967e+00 -3.4096e+00 -1.5255e+00 -4.0861e+00 +1.6605e+00 -4.4831e+00 -4.4710e-01
% function evaluation | noise-free fitness - Fopt (-3.710000000000e+00) | best noise-free fitness - Fopt | measured fitness | best measured fitness | x1 | x2...
1 +2.090002841e+03 +2.090002841e+03 +2.086292841e+03 +2.086292841e+03 +2.8756e+00 +4.3469e+00 +8.9571e-01 +1.4386e+00 -1.5508e+00 +3.8075e-01 +4.7857e+00 -1.7855e+00 +3.6501e+00 -3.8484e+00
2 +8.599452289e+02 +8.599452289e+02 +8.562352289e+02 +8.562352289e+02 -2.2533e+00 +2.5721e+00 +1.4193e-01 +4.1657e+00 -3.9976e+00 -4.5028e+00 -3.6209e+00 -1.2085e+00 +7.1534e-03 +3.8894e+00
6 +5.977282175e+02 +5.977282175e+02 +5.940182175e+02 +5.940182175e+02 -3.8436e+00 +4.4806e+00 +1.8340e-01 -3.8818e+00 -6.2551e-01 -1.7994e+00 +2.5702e+00 +3.2311e-01 -2.4443e+00 -5.4965e-01
15 +2.841010207e+02 +2.841010207e+02 +2.803910207e+02 +2.803910207e+02 -4.1379e+00 -8.3655e-01 +4.3094e-01 +4.5661e+00 +1.6999e+00 +5.2542e-01 -6.4698e-02 -8.2149e-02 -2.8127e+00 +2.8204e+00
39 +2.405416332e+02 +2.405416332e+02 +2.368316332e+02 +2.368316332e+02 +1.2081e+00 +4.6412e+00 +4.6125e+00 +2.6870e+00 +1.9824e+00 +2.5029e+00 +2.4493e+00 -1.9449e+00 -3.0295e+00 -7.9046e-01
2584 +1.468362795e+02 +1.468362795e+02 +1.431262795e+02 +1.431262795e+02 +6.1545e-01 -3.7879e+00 -9.7555e-01 +4.2796e+00 +1.3389e+00 +4.2080e+00 +1.4698e-01 -2.4534e+00 -2.5193e+00 +1.9255e-01
% function evaluation | noise-free fitness - Fopt (1.321800000000e+02) | best noise-free fitness - Fopt | measured fitness | best measured fitness | x1 | x2...
1 +6.175101241e+02 +6.175101241e+02 +7.496901241e+02 +7.496901241e+02 +3.2865e+00 +5.2263e-01 +2.0821e+00 +9.3459e-01 -4.9026e+00 -1.4970e+00 +2.6444e+00 -1.4116e-01 -3.0645e+00 +2.3276e+00
18 +2.951939349e+02 +2.951939349e+02 +4.273739349e+02 +4.273739349e+02 -4.3377e-01 -1.4202e+00 +3.2919e+00 -4.5692e+00 -1.2934e+00 +1.0410e+00 -3.7294e+00 +1.3660e+00 +2.6225e+00 +2.3849e+00
89 +2.424202736e+02 +2.424202736e+02 +3.746002736e+02 +3.746002736e+02 -3.1604e+00 +2.2601e+00 +4.5372e-01 +1.4682e+00 -4.4345e+00 -3.4163e+00 -2.3265e+00 -2.7132e+00 +1.4881e+00 +1.1798e+00
% function evaluation | noise-free fitness - Fopt (-5.847300000000e+02) | best noise-free fitness - Fopt | measured fitness | best measured fitness | x1 | x2...
1 +2.195706776e+03 +2.195706776e+03 +1.610976776e+03 +1.610976776e+03 +2.3746e+00 -1.6976e+00 +7.7461e-01 -2.7692e+00 -4.5616e+00 +2.8431e+00 -3.6913e-01 -4.1617e+00 +9.4368e-01 +3.1010e+00
5 +1.099602855e+03 +1.099602855e+03 +5.148728553e+02 +5.148728553e+02 -1.5931e+00 -3.3443e+00 -2.6910e+00 +3.6895e+00 -3.4935e+00 +2.3464e+00 +2.3019e-01 +3.3831e+00 -2.8953e+00 +8.7520e-01
6 +9.299077150e+02 +9.299077150e+02 +3.451777150e+02 +3.451777150e+02 -2.8474e+00 -1.0649e+00 +3.6341e+00 +4.4137e+00 +2.7956e+00 +1.6700e+00 -5.3319e-02 -4.2167e+00 -2.3763e+00 -2.4622e+00
10 +4.837936522e+02 +4.837936522e+02 -1.009363478e+02 -1.009363478e+02 +4.8891e+00 -2.6005e+00 +1.0656e+00 -1.6850e+00 -1.2591e+00 -1.3790e+00 -2.6405e-01 +1.9873e+00 +2.3227e+00 -2.5868e+00
27 +3.188151968e+02 +3.188151968e+02 -2.659148032e+02 -2.659148032e+02 -7.2641e-01 -3.3915e+00 +7.7568e-01 -3.1813e-01 -3.9394e+00 -2.5824e+00 +4.1599e+00 -3.5391e+00 +4.8439e-01 -1.8653e+00
58 +2.429014315e+02 +2.429014315e+02 -3.418285685e+02 -3.418285685e+02 -3.9339e+00 -2.4007e+00 -7.3770e-01 -3.8328e+00 -1.7775e+00 -3.6857e+00 +1.3901e+00 +8.4150e-01 -1.0074e+00 +1.8947e-01
1937 +1.530456720e+02 +1.530456720e+02 -4.316843280e+02 -4.316843280e+02 -1.2612e+00 -3.8249e+00 -8.5398e-01 -3.1776e+00 +7.6022e-01 -3.8129e+00 +1.2501e-01 -9.1771e-01 -1.1082e+00 -2.3115e+00
% function evaluation | noise-free fitness - Fopt (-3.654000000000e+01) | best noise-free fitness - Fopt | measured fitness | best measured fitness | x1 | x2...
1 +1.362159132e+03 +1.362159132e+03 +1.325619132e+03 +1.325619132e+03 +1.8051e+00 -3.9429e+00 -8.3080e-01 +3.6886e-01 -2.4227e-01 +4.0379e+00 -3.1366e-01 +3.2538e+00 -1.7364e+00 +1.8704e+00
5 +2.197938448e+02 +2.197938448e+02 +1.832538448e+02 +1.832538448e+02 -3.6658e+00 -6.8713e-01 +1.0362e-01 +1.9545e+00 -3.3787e-01 -1.0703e-01 -2.6766e-01 +8.2688e-01 -2.5314e+00 -3.4750e+00
611 +1.508809539e+02 +1.508809539e+02 +1.143409539e+02 +1.143409539e+02 +1.8061e+00 -1.1719e+00 -9.1038e-02 +1.4591e+00 +4.0315e+00 -1.3068e+00 -4.5847e+00 -1.8411e+00 -2.5031e+00 -2.9591e+00
% function evaluation | noise-free fitness - Fopt (1.000000000000e+03) | best noise-free fitness - Fopt | measured fitness | best measured fitness | x1 | x2...
1 +1.522273462e+03 +1.522273462e+03 +2.522273462e+03 +2.522273462e+03 -4.7187e+00 +9.9114e-01 +1.0538e+00 -4.5549e+00 -1.7725e+00 -3.2725e-01 +3.8287e+00 -4.1906e+00 -2.6515e+00 +2.7709e+00
4 +4.973518063e+02 +4.973518063e+02 +1.497351806e+03 +1.497351806e+03 +3.1424e+00 -1.3576e+00 -3.6791e+00 +2.4045e-01 +1.1509e+00 +2.5450e+00 -1.9739e+00 -2.6960e+00 -7.8213e-01 -4.2661e+00
11 +3.599401771e+02 +3.599401771e+02 +1.359940177e+03 +1.359940177e+03 +3.5668e+00 +1.7256e+00 -2.1074e+00 +2.9767e+00 +3.4987e+00 +1.3063e+00 +8.0268e-02 -3.7882e+00 -9.5734e-01 -4.7950e+00
75 +1.950626537e+02 +1.950626537e+02 +1.195062654e+03 +1.195062654e+03 -4.9461e-01 +2.5597e+00 -3.5629e+00 +3.9524e+00 -1.4717e-01 +1.2258e+00 +1.0805e+00 -4.4253e+00 -2.9483e+00 -1.8722e+00
2592 +1.274348725e+02 +1.274348725e+02 +1.127434873e+03 +1.127434873e+03 +1.0413e+00 -3.5580e-01 +4.6596e-01 +2.6347e+00 +1.1398e+00 +1.8810e+00 +3.5684e+00 -2.3576e+00 -4.5132e+00 -3.2248e+00
% function evaluation | noise-free fitness - Fopt (4.661000000000e+01) | best noise-free fitness - Fopt | measured fitness | best measured fitness | x1 | x2...
1 +6.550736051e+02 +6.550736051e+02 +7.016836051e+02 +7.016836051e+02 -4.3572e+00 -8.6393e-01 -3.7972e+00 +4.8946e+00 -1.7086e+00 -4.6585e+00 -2.0888e+00 +1.6874e+00 +1.9750e+00 -2.8144e+00
3 +5.480911718e+02 +5.480911718e+02 +5.947011718e+02 +5.947011718e+02 +1.9894e+00 +1.5329e+00 +4.4995e+00 -4.5825e+00 -4.9385e+00 -6.3701e-01 +3.0171e+00 -3.8334e+00 -4.5693e+00 -4.1182e+00
20 +2.565997188e+02 +2.565997188e+02 +3.032097188e+02 +3.032097188e+02 +9.6006e-01 +2.2160e+00 +4.4192e+00 -8.9622e-01 -2.0830e+00 +3.5621e-01 +3.4077e+00 -1.6519e+00 -1.6505e+00 -2.5554e+00
61 +2.424473647e+02 +2.424473647e+02 +2.890573647e+02 +2.890573647e+02 +5.6607e-01 -2.6810e-02 -6.1342e-01 +4.0177e-01 -4.8693e+00 -2.5474e+00 +4.6152e+00 -2.9380e+00 -1.2986e+00 -2.3911e+00
3430 +1.447097983e+02 +1.447097983e+02 +1.913197983e+02 +1.913197983e+02 -1.1714e+00 +4.7189e+00 +3.5941e+00 +2.5925e+00 -1.6835e+00 -3.3997e+00 +2.3336e+00 -1.1130e+00 -1.4887e+00 -2.7104e+00
% function evaluation | noise-free fitness - Fopt (-2.643100000000e+02) | best noise-free fitness - Fopt | measured fitness | best measured fitness | x1 | x2...
1 +1.020309586e+03 +1.020309586e+03 +7.559995860e+02 +7.559995860e+02 -1.1386e+00 +2.1974e+00 +2.8337e+00 -3.4798e+00 +1.5669e+00 -3.0849e+00 +1.8465e+00 -2.0452e+00 +3.2017e+00 -4.7829e+00
2 +6.991807107e+02 +6.991807107e+02 +4.348707107e+02 +4.348707107e+02 -3.3111e+00 +2.2628e+00 +1.9344e+00 -1.9716e-01 +1.5358e+00 +2.5519e+00 -9.1325e-01 -5.3004e-01 -1.4827e+00 +1.4672e+00
6 +4.427617303e+02 +4.427617303e+02 +1.784517303e+02 +1.784517303e+02 -3.4999e+00 +1.6053e+00 +2.2007e+00 +8.1801e-01 +8.6767e-02 -2.1693e+00 -1.6244e+00 +1.1436e+00 +1.0904e+00 +4.3804e+00
19 +3.162188681e+02 +3.162188681e+02 +5.190886812e+01 +5.190886812e+01 +2.6654e+00 +4.6537e+00 +5.0315e-01 +1.4884e+00 +2.3910e+00 -4.5660e+00 +3.9068e+00 -1.6869e+00 -2.6889e+00 +1.1311e+00
223 +2.218401564e+02 +2.218401564e+02 -4.246984361e+01 -4.246984361e+01 -2.1467e+00 -2.6761e-01 -1.4040e+00 -1.4553e+00 +1.6272e+00 -9.5541e-01 +1.8257e+00 -7.9245e-02 +1.1363e+00 +2.1814e-01
1244 +1.431277911e+02 +1.431277911e+02 -1.211822089e+02 -1.211822089e+02 +1.7416e+00 -2.8281e+00 -3.9135e+00 -3.3698e+00 +3.2892e+00 -2.2760e+00 +3.2685e+00 +6.1884e-01 -8.9931e-01 +9.5606e-01
% function evaluation | noise-free fitness - Fopt (7.273000000000e+01) | best noise-free fitness - Fopt | measured fitness | best measured fitness | x1 | x2...
1 +3.613302261e+03 +3.613302261e+03 +3.686032261e+03 +3.686032261e+03 +4.4293e+00 +3.2729e+00 -8.9837e-01 +1.0347e+00 -4.4415e+00 -1.1631e+00 +4.9368e+00 +2.8158e+00 -1.4406e+00 +3.5935e+00
2 +2.127294988e+03 +2.127294988e+03 +2.200024988e+03 +2.200024988e+03 +1.2377e+00 -4.7190e+00 -4.2766e+00 +1.2466e+00 +1.2465e+00 +3.1696e-01 +1.2791e+00 -4.5199e+00 +1.0153e+00 +4.9770e+00
3 +1.419142367e+03 +1.419142367e+03 +1.491872367e+03 +1.491872367e+03 -9.6239e-01 +3.5782e+00 -3.0455e+00 +1.5243e+00 -4.9866e+00 +4.8132e+00 +2.1679e+00 -1.1089e+00 +3.9243e+00 +1.1671e+00
4 +9.269566325e+02 +9.269566325e+02 +9.996866325e+02 +9.996866325e+02 -4.5844e+00 +1.1311e+00 -4.2539e+00 -4.7894e+00 +3.6849e+00 -5.9631e-01 -1.9343e+00 -3.9190e+00 +4.3056e+00 -3.3677e+00
8 +3.770241532e+02 +3.770241532e+02 +4.497541532e+02 +4.497541532e+02 +3.8665e+00 +2.2896e+00 -4.6055e+00 +2.6440e+00 +7.7294e-01 -1.7097e+00 -1.5331e+00 -1.7318e+00 -2.0211e+00 +1.2324e+00
29 +2.503374017e+02 +2.503374017e+02 +3.230674017e+02 +3.230674017e+02 -5.1331e-01 +2.7854e+00 -3.6598e+00 -2.5788e+00 +4.3444e+00 +4.9785e-01 -3.6891e+00 -9.7938e-01 -1.2978e+00 +2.9977e-01
775 +1.519934935e+02 +1.519934935e+02 +2.247234935e+02 +2.247234935e+02 -2.4954e+00 -4.9542e+00 -6.3723e-01 -1.3286e+00 -3.0998e-01 +3.6975e+00 -4.0147e+00 -3.9185e+00 +4.0866e-01 -1.7814e-01
% function evaluation | noise-free fitness - Fopt (1.368700000000e+02) | best noise-free fitness - Fopt | measured fitness | best measured fitness | x1 | x2...
1 +4.471129999e+02 +4.471129999e+02 +5.839829999e+02 +5.839829999e+02 +1.9987e+00 +1.1576e+00 -4.7492e+00 +3.0618e-01 +3.9525e-01 +1.5467e-01 -3.2160e+00 -1.3265e+00 -1.8599e+00 -2.7568e+00
14 +3.177971715e+02 +3.177971715e+02 +4.546671715e+02 +4.546671715e+02 -2.3505e+00 +2.6092e+00 +3.6507e-01 +2.1146e+00 -1.6538e+00 +3.5655e+00 -2.7238e+00 +7.6339e-01 -2.9279e+00 -4.0208e+00
62 +1.907477397e+02 +1.907477397e+02 +3.276177397e+02 +3.276177397e+02 +3.0502e+00 +4.8839e+00 +2.1573e+00 +2.1177e+00 -5.9713e-01 -5.4253e-01 +3.4574e-01 +3.8077e+00 -2.8993e+00 -2.1669e+00
710 +1.489223581e+02 +1.489223581e+02 +2.857923581e+02 +2.857923581e+02 +1.6165e+00 +2.6504e+00 +3.0316e+00 +3.2691e+00 -1.3904e+00 +4.1643e+00 +4.8194e-01 +2.5254e+00 -2.6077e+00 -3.7592e+00
% function evaluation | noise-free fitness - Fopt (2.196000000000e+01) | best noise-free fitness - Fopt | measured fitness | best measured fitness | x1 | x2...
1 +6.736250468e+02 +6.736250468e+02 +6.955850468e+02 +6.955850468e+02 +1.3422e+00 -3.9712e+00 -2.4971e+00 +4.8138e+00 +1.8117e-02 +1.7251e+00 -4.1801e+00 +8.4810e-01 +1.2685e+00 -3.8987e+00
2 +4.136329239e+02 +4.136329239e+02 +4.355929239e+02 +4.355929239e+02 -1.3595e+00 +5.2240e-01 -3.9180e+00 -4.1369e+00 -1.0411e+00 -1.2003e+00 +2.3053e+00 +2.8453e+00 -1.1253e+00 +6.1424e-01
8 +3.673698466e+02 +3.673698466e+02 +3.893298466e+02 +3.893298466e+02 -4.0524e+00 +3.3683e+00 -3.1522e+00 +3.3213e+00 -3.4386e+00 -3.8095e+00 +3.8495e+00 +1.7382e+00 +4.8660e-02 +2.0647e+00
108 +2.472688619e+02 +2.472688619e+02 +2.692288619e+02 +2.692288619e+02 +2.9571e+00 +3.8064e+00 -1.4101e+00 +3.5733e+00 -3.7545e+00 -4.7241e-02 +1.9146e+00 +2.6772e+00 +3.0077e-01 +1.0069e+00
205 +1.467414915e+02 +1.467414915e+02 +1.687014915e+02 +1.687014915e+02 +1.9411e+00 +2.9970e+00 +1.6938e+00 -4.0484e-01 -2.6132e+00 +4.4748e+00 +4.2984e+00 +1.5485e+00 +2.3286e-01 -1.3985e-01
% function evaluation | noise-free fitness - Fopt (-2.139000000000e+01) | best noise-free fitness - Fopt | measured fitness | best measured fitness | x1 | x2...
1 +1.147016827e+03 +1.147016827e+03 +1.125626827e+03 +1.125626827e+03 +9.2326e-01 +1.5298e+00 -3.7406e+00 +4.0335e+00 -1.0860e+00 -4.6791e+00 +1.3104e+00 +3.1895e+00 -1.4303e+00 -4.9030e+00
2 +6.594502750e+02 +6.594502750e+02 +6.380602750e+02 +6.380602750e+02 +1.3469e+00 +4.7152e+00 +1.0600e+00 -2.5658e-01 -1.2201e+00 -3.0723e+00 -4.6290e+00 +4.4637e+00 -3.9125e+00 -1.7471e+00
11 +6.078001794e+02 +6.078001794e+02 +5.864101794e+02 +5.864101794e+02 +3.1168e+00 +4.0564e+00 +2.7762e+00 -4.7309e+00 +4.8806e+00 -2.7967e+00 -1.9076e+00 -1.0733e+00 +1.9423e+00 +1.3501e+00
20 +3.755921556e+02 +3.755921556e+02 +3.542021556e+02 +3.542021556e+02 +2.4799e+00 -9.8392e-01 -4.3781e+00 +1.3016e+00 +1.3140e+00 -2.7831e+00 -3.6047e+00 +3.1409e+00 +2.3508e+00 +1.1107e+00
265 +2.164660157e+02 +2.164660157e+02 +1.950760157e+02 +1.950760157e+02 +2.3300e+00 -1.3216e+00 +3.7233e+00 -3.6876e+00 +2.1145e+00 +1.6556e+00 -1.9215e+00 +1.6585e+00 +2.7494e+00 -3.7781e-01
% function evaluation | noise-free fitness - Fopt (5.176600000000e+02) | best noise-free fitness - Fopt | measured fitness | best measured fitness | x1 | x2...
1 +4.227179102e+02 +4.227179102e+02 +9.403779102e+02 +9.403779102e+02 +3.4335e+00 +2.2293e+00 -2.9577e-01 +1.3346e+00 +2.9490e+00 +3.0859e+00 -6.0266e-01 -2.2302e+00 +4.4459e-01 -1.5742e+00
2 +3.446456188e+02 +3.446456188e+02 +8.623056188e+02 +8.623056188e+02 -4.0361e+00 +1.2729e-01 +3.7530e+00 +4.9109e+00 +3.2549e+00 +1.8916e+00 -4.3571e+00 -1.1986e-01 +3.9805e+00 +8.1105e-01
40 +2.133011551e+02 +2.133011551e+02 +7.309611551e+02 +7.309611551e+02 +4.4281e-02 +1.6851e+00 +4.1941e+00 +4.2312e-01 +4.4950e-01 -7.1350e-01 -4.6639e+00 +1.0071e+00 -1.0972e+00 -1.1472e+00
1745 +1.564145245e+02 +1.564145245e+02 +6.740745245e+02 +6.740745245e+02 -2.4879e+00 +2.4194e+00 +4.5366e+00 +1.2345e+00 +3.6908e+00 -7.0579e-01 -3.8922e+00 +9.1977e-01 -1.7570e-01 +7.1606e-01
