% function evaluation | noise-free fitness - Fopt (-4.620900000000e+02) | best noise-free fitness - Fopt | measured fitness | best measured fitness | x1 | x2...
1 +3.395584987e+02 +3.395584987e+02 -1.225315013e+02 -1.225315013e+02 -2.1423e+00 -1.8392e+00 -2.8470e+00
7 +4.352341534e+01 +4.352341534e+01 -4.185665847e+02 -4.185665847e+02 -2.5521e+00 +3.5122e+00 +2.1267e+00
40 +3.172331715e+01 +3.172331715e+01 -4.303666829e+02 -4.303666829e+02 +1.0722e+00 +1.6068e+00 +1.9239e+00
581 +2.089828047e+01 +2.089828047e+01 -4.411917195e+02 -4.411917195e+02 -4.6073e+00 +3.3901e+00 +1.9028e+00
972 +1.373316473e+01 +1.373316473e+01 -4.483568353e+02 -4.483568353e+02 -3.3663e+00 +8.1462e-01 +2.5499e+00
3485 +5.615008928e+00 +5.615008928e+00 -4.564749911e+02 -4.564749911e+02 -2.4690e+00 +2.2594e+00 +2.5883e+00
% function evaluation | noise-free fitness - Fopt (7.766000000000e+01) | best noise-free fitness - Fopt | measured fitness | best measured fitness | x1 | x2...
1 +1.248893077e+02 +1.248893077e+02 +2.025493077e+02 +2.025493077e+02 -4.5577e+00 +6.0874e-01 +3.6490e-01
4 +3.472235415e+01 +3.472235415e+01 +1.123823541e+02 +1.123823541e+02 +2.1641e+00 +4.9664e-01 -9.0855e-01
85 +1.298615856e+01 +1.298615856e+01 +9.064615856e+01 +9.064615856e+01 +1.2207e+00 -3.0686e-01 -1.2605e+00
560 +9.322605913e+00 +9.322605913e+00 +8.698260591e+01 +8.698260591e+01 +1.4274e+00 -1.4049e+00 -1.1964e+00
% function evaluation | noise-free fitness - Fopt (1.156800000000e+02) | best noise-free fitness - Fopt | measured fitness | best measured fitness | x1 | x2...
1 +5.221561790e+01 +5.221561790e+01 +1.678956179e+02 +1.678956179e+02 -2.2813e+00 +1.8230e+00 +3.5684e-01
40 +3.732126457e+01 +3.732126457e+01 +1.530012646e+02 +1.530012646e+02 +1.6896e+00 -2.6258e+00 -4.7054e-01
59 +2.250538819e+01 +2.250538819e+01 +1.381853882e+02 +1.381853882e+02 -2.1874e+00 -1.7099e+00 +3.6899e-01
481 +1.382247278e+01 +1.382247278e+01 +1.295024728e+02 +1.295024728e+02 -3.2833e+00 -1.6731e+00 +8.5360e-01
1488 +9.986036235e+00 +9.986036235e+00 +1.256660362e+02 +1.256660362e+02 -2.1442e+00 -2.0018e+00 +5.9797e-01
2721 +5.907801036e+00 +5.907801036e+00 +1.215878010e+02 +1.215878010e+02 -1.6198e-01 -1.5671e+00 +2.2510e-01
% function evaluation | noise-free fitness - Fopt (-3.710000000000e+00) | best noise-free fitness - Fopt | measured fitness | best measured fitness | x1 | x2...
1 +3.578010082e+02 +3.578010082e+02 +3.540910082e+02 +3.540910082e+02 +2.0523e+00 +3.9928e+00 +2.1226e+00
3 +6.186602625e+01 +6.186602625e+01 +5.815602625e+01 +5.815602625e+01 +8.6172e-01 +6.2841e-01 +1.8364e+00
41 +3.571671913e+01 +3.571671913e+01 +3.200671913e+01 +3.200671913e+01 -2.1113e+00 -2.2312e+00 +2.5030e+00
326 +1.179825899e+01 +1.179825899e+01 +8.088258989e+00 +8.088258989e+00 +4.1030e+00 -1.2255e+00 +1.7199e+00
563 +5.321899522e+00 +5.321899522e+00 +1.611899522e+00 +1.611899522e+00 +3.2382e+00 -2.9233e+00 +2.1664e+00
% function evaluation | noise-free fitness - Fopt (1.321800000000e+02) | best noise-free fitness - Fopt | measured fitness | best measured fitness | x1 | x2...
1 +1.171363475e+02 +1.171363475e+02 +2.493163475e+02 +2.493163475e+02 +8.6381e-01 +4.9588e+00 +3.1687e+00
2 +6.296095526e+01 +6.296095526e+01 +1.951409553e+02 +1.951409553e+02 +7.0677e-01 +2.0306e+00 +2.9766e+00
44 +3.675044194e+01 +3.675044194e+01 +1.689304419e+02 +1.689304419e+02 -4.7015e+00 +2.9802e+00 +4.2678e+00
132 +1.147484442e+01 +1.147484442e+01 +1.436548444e+02 +1.436548444e+02 -4.7200e+00 +2.5456e+00 +2.8120e+00
% function evaluation | noise-free fitness - Fopt (-5.847300000000e+02) | best noise-free fitness - Fopt | measured fitness | best measured fitness | x1 | x2...
1 +1.059353166e+03 +1.059353166e+03 +4.746231657e+02 +4.746231657e+02 +2.6478e+00 -1.9499e+00 +2.6877e+00
2 +5.302071989e+02 +5.302071989e+02 -5.452280110e+01 -5.452280110e+01 +2.1595e+00 -4.6899e+00 +1.6673e+00
3 +3.965305574e+02 +3.965305574e+02 -1.881994426e+02 -1.881994426e+02 -3.7341e+00 -3.8285e+00 +1.4262e+00
4 +1.847705957e+02 +1.847705957e+02 -3.999594043e+02 -3.999594043e+02 -3.7903e+00 -4.1230e+00 +4.2378e-01
6 +6.121264068e+01 +6.121264068e+01 -5.235173593e+02 -5.235173593e+02 -2.0589e+00 -2.7873e+00 -8.6853e-01
65 +3.701548860e+01 +3.701548860e+01 -5.477145114e+02 -5.477145114e+02 -1.8887e+00 -4.0354e+00 -2.5237e+00
549 +1.770074162e+01 +1.770074162e+01 -5.670292584e+02 -5.670292584e+02 +1.8037e-01 -3.0561e+00 -1.6537e+00
2066 +1.573377918e+01 +1.573377918e+01 -5.689962208e+02 -5.689962208e+02 -4.5851e+00 -2.4193e+00 -2.5621e+00
2461 +9.832786522e+00 +9.832786522e+00 -5.748972135e+02 -5.748972135e+02 -2.7321e+00 -3.5762e+00 -3.0355e+00
4934 +3.843975540e+00 +3.843975540e+00 -5.808860245e+02 -5.808860245e+02 -2.6611e+00 -2.4819e+00 -2.6413e+00
% function evaluation | noise-free fitness - Fopt (-3.654000000000e+01) | best noise-free fitness - Fopt | measured fitness | best measured fitness | x1 | x2...
1 +6.547326675e+02 +6.547326675e+02 +6.181926675e+02 +6.181926675e+02 -4.1738e+00 +1.8320e+00 +4.0348e+00
2 +8.932354870e+01 +8.932354870e+01 +5.278354870e+01 +5.278354870e+01 -3.4682e+00 +1.1816e+00 -1.0941e-02
32 +2.094250124e+01 +2.094250124e+01 -1.559749876e+01 -1.559749876e+01 +2.7394e+00 -3.3103e+00 -9.3886e-02
292 +1.262339492e+01 +1.262339492e+01 -2.391660508e+01 -2.391660508e+01 +2.8660e+00 -2.3044e+00 -3.2847e-01
388 +8.452176273e+00 +8.452176273e+00 -2.808782373e+01 -2.808782373e+01 -1.2546e+00 -2.7070e+00 -3.2793e-01
879 +5.997777627e+00 +5.997777627e+00 -3.054222237e+01 -3.054222237e+01 -2.9877e-01 -1.6442e+00 +3.1533e-01
% function evaluation | noise-free fitness - Fopt (1.000000000000e+03) | best noise-free fitness - Fopt | measured fitness | best measured fitness | x1 | x2...
1 +2.099855238e+02 +2.099855238e+02 +1.209985524e+03 +1.209985524e+03 -3.9665e+00 +3.5726e+00 -2.2686e+00
2 +1.083381540e+02 +1.083381540e+02 +1.108338154e+03 +1.108338154e+03 +2.2082e+00 -3.2311e+00 -2.2036e+00
4 +4.267693486e+01 +4.267693486e+01 +1.042676935e+03 +1.042676935e+03 +1.3727e+00 -1.5524e+00 +1.3573e+00
44 +2.886283839e+01 +2.886283839e+01 +1.028862838e+03 +1.028862838e+03 -8.4966e-01 +7.9243e-01 -1.5871e-01
124 +1.304467783e+01 +1.304467783e+01 +1.013044678e+03 +1.013044678e+03 -2.7070e+00 -2.7064e-01 +4.6511e-01
1604 +6.564504551e+00 +6.564504551e+00 +1.006564505e+03 +1.006564505e+03 -5.8685e-01 +2.3589e-01 -1.3610e-01
% function evaluation | noise-free fitness - Fopt (4.661000000000e+01) | best noise-free fitness - Fopt | measured fitness | best measured fitness | x1 | x2...
1 +9.997457649e+01 +9.997457649e+01 +1.465845765e+02 +1.465845765e+02 -6.8046e-01 +2.2294e+00 +3.7455e+00
12 +6.232429700e+01 +6.232429700e+01 +1.089342970e+02 +1.089342970e+02 -2.5268e+00 +2.0688e+00 +2.4285e+00
39 +3.759296465e+01 +3.759296465e+01 +8.420296465e+01 +8.420296465e+01 +1.2055e+00 +2.2254e+00 +2.1355e+00
46 +2.467820793e+01 +2.467820793e+01 +7.128820793e+01 +7.128820793e+01 -1.4148e+00 +2.3946e+00 +2.1308e+00
616 +1.155711763e+01 +1.155711763e+01 +5.816711763e+01 +5.816711763e+01 -1.1965e+00 +3.2056e+00 +1.6943e+00
1853 +6.925200708e+00 +6.925200708e+00 +5.353520071e+01 +5.353520071e+01 +1.8048e+00 +3.2284e+00 +2.0604e+00
% function evaluation | noise-free fitness - Fopt (-2.643100000000e+02) | best noise-free fitness - Fopt | measured fitness | best measured fitness | x1 | x2...
1 +1.149736735e+03 +1.149736735e+03 +8.854267351e+02 +8.854267351e+02 -1.7655e+00 +2.6401e+00 +2.3159e+00
3 +6.844311137e+02 +6.844311137e+02 +4.201211137e+02 +4.201211137e+02 -7.3011e-01 -4.1291e+00 +1.5834e+00
4 +3.273477349e+02 +3.273477349e+02 +6.303773489e+01 +6.303773489e+01 -3.0657e+00 +4.6064e+00 -1.1797e+00
5 +8.116413836e+01 +8.116413836e+01 -1.831458616e+02 -1.831458616e+02 -2.8404e+00 +1.3836e+00 -1.8002e+00
10 +2.353937282e+01 +2.353937282e+01 -2.407706272e+02 -2.407706272e+02 -3.5006e+00 -4.0273e-01 -2.7799e+00
61 +1.265997986e+01 +1.265997986e+01 -2.516500201e+02 -2.516500201e+02 -2.2678e+00 -9.4743e-01 -3.0623e+00
1053 +7.801836193e+00 +7.801836193e+00 -2.565081638e+02 -2.565081638e+02 -3.2498e+00 -1.9744e+00 -3.3540e+00
% function evaluation | noise-free fitness - Fopt (7.273000000000e+01) | best noise-free fitness - Fopt | measured fitness | best measured fitness | x1 | x2...
1 +1.423785805e+03 +1.423785805e+03 +1.496515805e+03 +1.496515805e+03 -2.6669e+00 +1.0120e+00 +3.3428e+00
3 +1.438491804e+02 +1.438491804e+02 +2.165791804e+02 +2.165791804e+02 +2.9091e+00 +1.5242e+00 -2.7946e+00
6 +8.078670347e+01 +8.078670347e+01 +1.535167035e+02 +1.535167035e+02 -2.2405e+00 -7.3482e-01 -4.3078e-01
8 +5.467030029e+01 +5.467030029e+01 +1.274003003e+02 +1.274003003e+02 -4.8690e+00 -2.0841e+00 -6.5147e-01
11 +3.739364056e+01 +3.739364056e+01 +1.101236406e+02 +1.101236406e+02 -4.3814e-01 -2.4371e+00 -2.3246e+00
27 +2.205873218e+01 +2.205873218e+01 +9.478873218e+01 +9.478873218e+01 -1.4545e+00 -3.8675e+00 -1.6877e+00
629 +1.218521794e+01 +1.218521794e+01 +8.491521794e+01 +8.491521794e+01 -1.5479e+00 -2.3603e+00 -1.3671e+00
1274 +9.409550322e+00 +9.409550322e+00 +8.213955032e+01 +8.213955032e+01 -3.5553e+00 -2.3800e+00 -2.1226e+00
% function evaluation | noise-free fitness - Fopt (1.368700000000e+02) | best noise-free fitness - Fopt | measured fitness | best measured fitness | x1 | x2...
1 +7.494466607e+02 +7.494466607e+02 +8.863166607e+02 +8.863166607e+02 -2.2832e-01 -2.8959e-01 -4.5507e+00
3 +4.048880551e+01 +4.048880551e+01 +1.773588055e+02 +1.773588055e+02 -3.1353e-01 +3.4596e+00 +4.1331e+00
26 +2.624251036e+01 +2.624251036e+01 +1.631125104e+02 +1.631125104e+02 +1.7034e+00 +3.0318e+00 +4.0160e+00
553 +1.329305391e+01 +1.329305391e+01 +1.501630539e+02 +1.501630539e+02 +1.5960e+00 +2.9617e+00 +4.2970e+00
850 +8.648046754e+00 +8.648046754e+00 +1.455180468e+02 +1.455180468e+02 +1.4257e+00 +3.6597e+00 +4.1909e+00
1942 +5.562932859e+00 +5.562932859e+00 +1.424329329e+02 +1.424329329e+02 +4.5360e+00 +3.6268e+00 +3.1764e+00
% function evaluation | noise-free fitness - Fopt (2.196000000000e+01) | best noise-free fitness - Fopt | measured fitness | best measured fitness | x1 | x2...
1 +2.705301318e+02 +2.705301318e+02 +2.924901318e+02 +2.924901318e+02 -3.7521e-01 +4.7583e-01 +4.8768e+00
3 +1.606715934e+02 +1.606715934e+02 +1.826315934e+02 +1.826315934e+02 +1.6465e+00 -5.0378e-02 +4.3327e+00
4 +1.256416273e+02 +1.256416273e+02 +1.476016273e+02 +1.476016273e+02 -3.1637e+00 -4.6953e+00 +3.1443e+00
6 +6.528055604e+01 +6.528055604e+01 +8.724055604e+01 +8.724055604e+01 +4.7835e+00 -2.7803e+00 +1.2396e+00
20 +4.787940902e+01 +4.787940902e+01 +6.983940902e+01 +6.983940902e+01 +3.7331e+00 +5.1387e-01 +1.3147e+00
38 +3.123376752e+01 +3.123376752e+01 +5.319376752e+01 +5.319376752e+01 -7.5630e-01 -1.7003e+00 +2.4725e+00
97 +2.110585938e+01 +2.110585938e+01 +4.306585938e+01 +4.306585938e+01 +1.3039e+00 -2.8888e+00 +1.7132e+00
129 +1.396163533e+01 +1.396163533e+01 +3.592163533e+01 +3.592163533e+01 +1.4569e+00 -1.7412e+00 +1.0019e+00
% function evaluation | noise-free fitness - Fopt (-2.139000000000e+01) | best noise-free fitness - Fopt | measured fitness | best measured fitness | x1 | x2...
1 +1.623907835e+02 +1.623907835e+02 +1.410007835e+02 +1.410007835e+02 -3.5453e+00 -5.1041e-01 -1.2419e+00
3 +7.603503522e+01 +7.603503522e+01 +5.464503522e+01 +5.464503522e+01 +4.8500e+00 +2.8799e-01 +9.7852e-01
9 +3.872581216e+01 +3.872581216e+01 +1.733581216e+01 +1.733581216e+01 +2.0964e+00 +3.8678e+00 +2.4801e+00
492 +1.751514986e+01 +1.751514986e+01 -3.874850143e+00 -3.874850143e+00 +2.6826e-01 +3.3767e+00 +7.8784e-01
688 +1.305940789e+01 +1.305940789e+01 -8.330592114e+00 -8.330592114e+00 +4.2312e+00 +1.6733e+00 +1.7857e+00
1236 +8.182278371e+00 +8.182278371e+00 -1.320772163e+01 -1.320772163e+01 +4.2388e+00 +2.3398e+00 +1.1166e+00
% function evaluation | noise-free fitness - Fopt (5.176600000000e+02) | best noise-free fitness - Fopt | measured fitness | best measured fitness | x1 | x2...
1 +1.353970204e+02 +1.353970204e+02 +6.530570204e+02 +6.530570204e+02 -4.3002e+00 +3.0003e+00 +2.8453e+00
6 +7.576508289e+01 +7.576508289e+01 +5.934250829e+02 +5.934250829e+02 -4.8712e+00 +4.0834e+00 +2.5291e+00
9 +5.228781192e+01 +5.228781192e+01 +5.699478119e+02 +5.699478119e+02 -2.5809e+00 +1.9957e+00 +4.6341e-01
79 +3.512592219e+01 +3.512592219e+01 +5.527859222e+02 +5.527859222e+02 -7.1844e-01 +3.2811e+00 +1.4283e+00
199 +2.297557016e+01 +2.297557016e+01 +5.406355702e+02 +5.406355702e+02 -4.2705e+00 +3.0843e+00 +9.5356e-01
897 +1.581118936e+01 +1.581118936e+01 +5.334711894e+02 +5.334711894e+02 -3.0248e+00 +3.1339e+00 +1.2988e+00
2961 +8.964972623e+00 +8.964972623e+00 +5.266249726e+02 +5.266249726e+02 -4.9601e+00 +2.1131e+00 +2.7723e-01
4114 +6.294230871e+00 +6.294230871e+00 +5.239542309e+02 +5.239542309e+02 -3.7707e+00 +2.5797e+00 +1.0003e+00
