% function evaluation | noise-free fitness - Fopt (-5.465000000000e+02) | best noise-free fitness - Fopt | measured fitness | best measured fitness | x1 | x2...
1 +9.497543114e+04 +9.497543114e+04 +9.442893114e+04 +9.442893114e+04 +3.2357e+00 +3.3199e-01 +2.1722e+00 -4.4834e+00 -4.9002e-01 +1.2845e+00 -1.6651e+00 -8.5612e-01 +2.2291e+00 -1.7149e+00
2 +4.219940757e+04 +4.219940757e+04 +4.165290757e+04 +4.165290757e+04 +9.0468e-01 -2.4362e+00 -2.2872e+00 +1.6606e+00 -1.7999e+00 -9.6973e-01 -1.6126e+00 -2.9213e+00 -4.8719e+00 +1.4090e+00
10 +2.857771954e+04 +2.857771954e+04 +2.803121954e+04 +2.803121954e+04 -1.6247e+00 -4.0111e+00 +3.6265e+00 -2.2092e+00 +3.5345e+00 +1.6443e+00 -2.7906e+00 -2.8224e+00 -2.6091e+00 +3.0070e+00
22 +2.299087173e+04 +2.299087173e+04 +2.244437173e+04 +2.244437173e+04 -5.2105e-01 +2.2358e+00 -9.2247e-01 +2.3421e-01 -4.3364e+00 -4.8504e+00 +1.5217e-01 +6.3463e-01 -1.8810e+00 +2.8866e+00
187 +6.788354937e+03 +6.788354937e+03 +6.241854937e+03 +6.241854937e+03 +6.8322e-01 +1.1975e-01 -1.4670e+00 -2.1462e-01 -9.9299e-01 -2.7018e+00 -2.2392e+00 +1.4628e+00 -3.7834e+00 +6.4113e-01
487 +3.600319928e+03 +3.600319928e+03 +3.053819928e+03 +3.053819928e+03 -1.7675e+00 +1.0523e+00 +1.9381e+00 +1.9197e+00 -1.1929e+00 -2.4097e+00 +3.5893e-01 +9.3934e-01 -2.7028e+00 +1.2451e+00
964 +1.999081311e+03 +1.999081311e+03 +1.452581311e+03 +1.452581311e+03 +2.9283e+00 -5.9250e-01 +1.9831e+00 +2.2090e+00 +2.1862e+00 -9.3367e-01 -7.9202e-01 +2.9634e-02 -9.0606e-01 +2.2589e+00
1840 +1.391565251e+03 +1.391565251e+03 +8.450652506e+02 +8.450652506e+02 -3.7693e+00 -1.8549e+00 +2.1596e+00 +1.8671e+00 -4.4444e-02 -1.4708e+00 -1.4431e+00 +3.9856e-01 -2.1798e+00 +1.0220e+00
% function evaluation | noise-free fitness - Fopt (1.000000000000e+03) | best noise-free fitness - Fopt | measured fitness | best measured fitness | x1 | x2...
1 +1.585213080e+05 +1.585213080e+05 +1.595213080e+05 +1.595213080e+05 -3.9265e+00 -1.6568e+00 +3.2506e+00 -3.4139e+00 +3.3757e+00 -2.7968e+00 +7.8809e-02 -1.7028e+00 +8.8686e-01 +3.3795e+00
3 +6.458365648e+04 +6.458365648e+04 +6.558365648e+04 +6.558365648e+04 -1.6491e+00 -3.4437e+00 -4.2601e+00 +2.7576e+00 +4.0816e+00 +1.5629e+00 +5.0883e-01 +3.0197e+00 -3.4379e+00 -4.6777e+00
4 +3.976316950e+04 +3.976316950e+04 +4.076316950e+04 +4.076316950e+04 +3.8731e+00 +3.7452e+00 -2.1987e+00 +1.8395e+00 +2.3793e+00 -2.0294e+00 +2.1682e+00 +1.0688e+00 -6.1515e-01 -1.2885e+00
14 +2.231122653e+04 +2.231122653e+04 +2.331122653e+04 +2.331122653e+04 -2.4722e+00 +3.1413e+00 -4.4861e+00 +2.1884e+00 +1.2530e+00 +4.2960e+00 +1.5749e+00 +7.6047e-02 -3.3074e-01 +2.6006e-01
34 +6.236948888e+03 +6.236948888e+03 +7.236948888e+03 +7.236948888e+03 -9.0916e-01 +1.9711e+00 -3.9700e+00 +1.2645e+00 -8.7855e-01 +1.7177e+00 -2.0066e+00 +6.8372e-01 -1.9775e-02 -3.3809e-01
350 +1.405700424e+03 +1.405700424e+03 +2.405700424e+03 +2.405700424e+03 +8.7586e-01 +2.9513e+00 -2.0255e+00 +6.6311e-01 -3.6508e+00 +8.5605e-01 -6.9447e-01 +3.2578e+00 -4.9954e-01 -1.0811e+00
1391 +7.481139927e+02 +7.481139927e+02 +1.748113993e+03 +1.748113993e+03 -1.1361e+00 +2.3982e+00 -7.9335e-01 -1.2165e-01 +8.4247e-02 +2.1978e+00 -2.3580e+00 +4.2672e-01 -9.4115e-01 -5.1325e-01
% function evaluation | noise-free fitness - Fopt (2.083800000000e+02) | best noise-free fitness - Fopt | measured fitness | best measured fitness | x1 | x2...
1 +7.397577151e+04 +7.397577151e+04 +7.418415151e+04 +7.418415151e+04 -2.5818e+00 -1.9872e+00 +4.1848e+00 -1.0283e+00 -2.0402e+00 -2.5963e+00 +6.0419e-01 -2.7985e+00 -4.2287e+00 -2.2611e+00
3 +2.067704899e+04 +2.067704899e+04 +2.088542899e+04 +2.088542899e+04 +1.3121e+00 +2.8628e+00 -7.8458e-01 -1.6814e-01 +1.6340e+00 +1.1608e+00 +2.6455e-01 -1.7195e+00 -3.7746e+00 +3.0170e+00
53 +5.005541136e+03 +5.005541136e+03 +5.213921136e+03 +5.213921136e+03 +2.9563e+00 -1.4259e+00 +9.3133e-01 -1.9788e+00 +1.7941e+00 +1.5116e+00 +2.4866e+00 -3.9344e-01 -3.7963e+00 +9.1478e-01
403 +2.908161455e+03 +2.908161455e+03 +3.116541455e+03 +3.116541455e+03 -3.0113e+00 -4.1293e+00 +3.1192e+00 +2.9110e+00 +9.7903e-01 +1.5983e+00 +2.7489e+00 +4.9226e-01 -1.3491e+00 +2.5586e+00
699 +2.248474150e+03 +2.248474150e+03 +2.456854150e+03 +2.456854150e+03 +1.3161e+00 +2.0238e+00 -4.4435e-01 +2.4865e+00 +2.2666e+00 +2.8644e+00 -1.1225e+00 +1.8759e+00 -2.5815e+00 +1.7843e+00
% function evaluation | noise-free fitness - Fopt (-1.449600000000e+02) | best noise-free fitness - Fopt | measured fitness | best measured fitness | x1 | x2...
1 +4.451703481e+04 +4.451703481e+04 +4.437207481e+04 +4.437207481e+04 -4.8811e+00 -4.9823e+00 +2.4340e+00 +3.5954e+00 -4.0201e+00 +3.4429e+00 -4.2604e-01 +1.0281e+00 -4.3537e+00 -1.5567e+00
5 +8.485619992e+03 +8.485619992e+03 +8.340659992e+03 +8.340659992e+03 -2.1705e+00 +1.5747e-01 +3.8963e+00 -3.1877e+00 -1.2209e-01 +3.4957e+00 -1.3260e+00 -3.1584e-01 -3.2547e+00 +6.8512e-01
245 +2.989062771e+03 +2.989062771e+03 +2.844102771e+03 +2.844102771e+03 +4.9154e-01 +2.6102e+00 -4.5386e+00 -5.5861e-01 -5.5489e-01 +3.2284e+00 +2.6384e-01 +8.4180e-01 -1.7089e-01 +2.0101e+00
1679 +1.375154273e+03 +1.375154273e+03 +1.230194273e+03 +1.230194273e+03 +7.3046e-01 -2.5894e+00 +2.5682e+00 -2.4322e+00 -1.6235e+00 +1.7812e+00 -4.0682e-01 +7.7077e-01 -1.5948e+00 +2.7819e+00
3434 +6.574712826e+02 +6.574712826e+02 +5.125112826e+02 +5.125112826e+02 +2.3870e+00 -3.1748e+00 +2.7148e+00 -1.4985e+00 +3.3334e-01 +1.0576e+00 -4.6496e-01 +2.7061e+00 -7.6276e-01 +1.5300e+00
% function evaluation | noise-free fitness - Fopt (-6.300000000000e+00) | best noise-free fitness - Fopt | measured fitness | best measured fitness | x1 | x2...
1 +1.963329331e+05 +1.963329331e+05 +1.963266331e+05 +1.963266331e+05 +2.2624e+00 +4.7066e+00 +3.9294e+00 -3.9512e-01 -4.1865e+00 -2.5638e+00 -3.7551e+00 -1.8892e-01 -1.9973e-01 -4.7796e+00
2 +7.046675242e+04 +7.046675242e+04 +7.046045242e+04 +7.046045242e+04 +1.8188e+00 -1.7493e-01 +4.2156e+00 +3.8495e+00 +2.3277e+00 +2.5128e+00 +3.3140e+00 -3.5777e+00 -1.8481e+00 -1.0261e+00
10 +6.030741052e+04 +6.030741052e+04 +6.030111052e+04 +6.030111052e+04 -5.4435e-01 -1.9169e+00 -1.5872e+00 -4.2347e-01 -4.7322e-01 +2.6248e+00 -1.2007e+00 -1.7127e+00 -1.8576e+00 -6.8318e-01
16 +3.543335556e+04 +3.543335556e+04 +3.542705556e+04 +3.542705556e+04 -1.0366e-01 +8.5192e-01 +7.0533e-01 -2.2906e+00 -1.7479e+00 -4.7792e+00 +1.7074e-01 -3.6779e+00 +3.8660e+00 -1.3235e+00
48 +2.193951110e+04 +2.193951110e+04 +2.193321110e+04 +2.193321110e+04 -3.5570e+00 -1.4905e+00 -4.2882e+00 +3.3724e+00 +4.5053e+00 -3.4468e+00 +2.6389e+00 +7.5561e-01 +3.5210e+00 +1.2581e+00
82 +1.115300232e+04 +1.115300232e+04 +1.114670232e+04 +1.114670232e+04 -8.3211e-01 -5.4321e-01 +2.8080e+00 +1.6923e+00 -5.9056e-01 -3.2322e+00 -6.5701e-01 +5.5333e-01 +1.8630e+00 +3.2029e+00
148 +9.976355855e+03 +9.976355855e+03 +9.970055855e+03 +9.970055855e+03 -1.1808e+00 -4.5906e+00 +3.3824e+00 +1.3430e+00 +1.5875e+00 +1.5026e+00 +1.7870e+00 -1.3281e+00 +1.0135e+00 +6.9760e-01
386 +6.146462181e+03 +6.146462181e+03 +6.140162181e+03 +6.140162181e+03 +3.6127e+00 -4.9648e-01 +1.5994e+00 +3.2577e+00 -9.2145e-01 -2.4919e+00 +1.5493e+00 +7.8328e-01 +3.1004e-01 +2.0066e+00
1659 +2.581694484e+03 +2.581694484e+03 +2.575394484e+03 +2.575394484e+03 +4.4048e+00 +3.9017e-01 -1.4096e+00 +2.5138e+00 -3.0653e+00 -2.3980e+00 -6.7225e-02 -4.6802e-01 +9.1660e-01 +1.5823e+00
3060 +2.163009061e+03 +2.163009061e+03 +2.156709061e+03 +2.156709061e+03 -5.1402e-02 +6.1421e-01 -4.4206e+00 +1.3617e+00 +1.3359e+00 -3.4779e+00 +2.0173e+00 -9.7074e-01 +1.7311e+00 +1.9223e+00
4548 +3.008482164e+02 +3.008482164e+02 +2.945482164e+02 +2.945482164e+02 -1.0360e+00 +7.6402e-01 -2.3013e+00 -5.3250e-01 +4.8560e-01 -1.8017e-01 +1.1365e+00 -2.1405e+00 +1.7653e+00 +1.8507e+00
% function evaluation | noise-free fitness - Fopt (-2.206000000000e+01) | best noise-free fitness - Fopt | measured fitness | best measured fitness | x1 | x2...
1 +2.931634552e+04 +2.931634552e+04 +2.929428552e+04 +2.929428552e+04 +2.4360e+00 +4.6969e+00 +1.7085e+00 +1.9919e+00 +2.1997e+00 +5.3114e-01 +3.0687e+00 +2.3720e+00 -1.6579e-01 +3.7002e+00
26 +8.209439259e+03 +8.209439259e+03 +8.187379259e+03 +8.187379259e+03 -4.7094e+00 +7.8965e-01 +2.4993e+00 -4.8747e+00 -9.5882e-02 -1.2197e+00 +1.7597e+00 +8.8621e-01 -3.0101e+00 +1.9854e+00
292 +4.923873675e+03 +4.923873675e+03 +4.901813675e+03 +4.901813675e+03 +4.5003e+00 +2.7863e+00 +2.2759e+00 -1.1926e+00 +1.5855e+00 +4.6686e-01 +1.4396e-01 -2.6486e+00 -1.0160e+00 +3.2232e+00
295 +2.220148563e+03 +2.220148563e+03 +2.198088563e+03 +2.198088563e+03 +2.7032e+00 -1.9382e+00 -3.4773e+00 -5.4331e-01 +3.6002e+00 +2.5993e-01 +1.1335e+00 -3.2670e-01 -1.3752e+00 +2.5835e-01
% function evaluation | noise-free fitness - Fopt (7.129000000000e+01) | best noise-free fitness - Fopt | measured fitness | best measured fitness | x1 | x2...
1 +8.964202923e+04 +8.964202923e+04 +8.971331923e+04 +8.971331923e+04 -1.4825e+00 -8.7866e-01 +3.6691e+00 +4.3330e+00 +4.5682e+00 +4.1836e+00 -5.4244e-01 -3.5758e+00 -3.4710e+00 -1.7255e+00
3 +3.777447643e+04 +3.777447643e+04 +3.784576643e+04 +3.784576643e+04 -2.3150e+00 -4.2877e+00 -2.8725e+00 +2.4293e+00 -7.7661e-01 -1.1212e+00 +3.1699e+00 -1.2615e+00 -2.0666e+00 +3.6157e+00
26 +1.644991757e+04 +1.644991757e+04 +1.652120757e+04 +1.652120757e+04 +1.4201e+00 +3.8152e+00 -4.1021e+00 +1.7654e+00 +5.5358e-01 -6.5448e-01 -2.0486e+00 +1.7336e+00 -4.3041e+00 +7.8278e-01
62 +1.145493299e+04 +1.145493299e+04 +1.152622299e+04 +1.152622299e+04 -4.4297e+00 -2.4373e+00 -2.3350e+00 -2.2268e+00 +3.3121e-02 +2.2932e-01 -3.2692e+00 +2.6525e-01 -2.8280e-01 +2.4181e+00
125 +7.512721002e+03 +7.512721002e+03 +7.584011002e+03 +7.584011002e+03 -1.4002e+00 +6.7007e-02 +1.7671e+00 +3.9856e+00 -1.4121e+00 -4.0696e+00 -1.4922e+00 +1.0498e-01 -2.7461e+00 -9.0260e-02
339 +5.841280170e+03 +5.841280170e+03 +5.912570170e+03 +5.912570170e+03 -4.8782e-01 -8.7664e-01 +4.5813e+00 -2.1923e+00 -1.5825e+00 -1.2318e+00 -2.5084e-01 -3.0243e+00 -3.0951e+00 +2.3073e+00
693 +1.624820890e+03 +1.624820890e+03 +1.696110890e+03 +1.696110890e+03 -2.5930e+00 -7.9879e-01 -7.7254e-02 +1.4532e+00 +1.1086e+00 -3.7096e-01 -3.2650e+00 +2.7015e-01 -1.8417e+00 +2.6601e+00
1377 +9.529327426e+02 +9.529327426e+02 +1.024222743e+03 +1.024222743e+03 -8.5654e-02 +2.5883e+00 +3.0539e+00 +1.1544e+00 -3.2898e+00 -7.7385e-01 -7.3174e-01 -1.7642e+00 -1.7339e+00 +2.1287e+00
% function evaluation | noise-free fitness - Fopt (-1.054000000000e+01) | best noise-free fitness - Fopt | measured fitness | best measured fitness | x1 | x2...
1 +3.591724880e+05 +3.591724880e+05 +3.591619480e+05 +3.591619480e+05 -4.4020e+00 +1.2391e+00 +4.0487e+00 +1.5316e+00 +9.2332e-02 +1.5432e+00 +4.3164e+00 +3.5931e+00 -2.9340e+00 -4.5589e+00
2 +4.882877713e+04 +4.882877713e+04 +4.881823713e+04 +4.881823713e+04 +2.0549e-01 -7.5926e-01 +2.9070e+00 +4.0619e+00 -3.6904e+00 +3.0215e-01 +2.4091e+00 +1.0784e+00 +6.0130e-01 +2.9953e+00
18 +3.649242199e+04 +3.649242199e+04 +3.648188199e+04 +3.648188199e+04 -2.5221e+00 +3.2231e+00 +5.1041e-01 +3.2677e+00 -4.5511e+00 -7.1338e-01 -8.4229e-01 +1.9096e+00 +4.0970e+00 +3.2065e+00
24 +1.896185400e+04 +1.896185400e+04 +1.895131400e+04 +1.895131400e+04 +3.0585e-01 -7.0163e-01 -2.1398e+00 +1.8127e+00 +3.4967e+00 +1.2112e+00 +8.3274e-01 -9.2646e-01 +2.2001e+00 +3.7342e-01
41 +1.482877067e+04 +1.482877067e+04 +1.481823067e+04 +1.481823067e+04 +2.7461e+00 +4.8755e+00 +3.6087e+00 -2.0761e-01 -1.3759e+00 +2.2680e+00 -2.8597e+00 -1.7446e+00 +1.9385e+00 +2.1721e+00
76 +9.995033403e+03 +9.995033403e+03 +9.984493403e+03 +9.984493403e+03 -3.4335e+00 +1.0373e+00 -3.5842e+00 +3.7066e-01 -1.3096e+00 +1.4171e+00 -4.7134e+00 -1.0854e+00 +2.2669e+00 +9.0510e-01
256 +6.965929509e+02 +6.965929509e+02 +6.860529509e+02 +6.860529509e+02 -7.9202e-01 +1.9088e+00 -5.6013e-02 -2.5731e-01 -2.2572e+00 -7.4688e-01 -2.3913e+00 -1.1172e+00 +8.6795e-01 +7.1525e-01
4541 +3.451849586e+02 +3.451849586e+02 +3.346449586e+02 +3.346449586e+02 +2.7285e+00 +1.0545e+00 -2.0829e+00 +1.1311e+00 -8.9327e-01 -4.4788e-01 -1.8149e+00 -1.1727e+00 +1.7014e+00 +6.3814e-01
% function evaluation | noise-free fitness - Fopt (3.860100000000e+02) | best noise-free fitness - Fopt | measured fitness | best measured fitness | x1 | x2...
1 +5.872604781e+04 +5.872604781e+04 +5.911205781e+04 +5.911205781e+04 -4.0596e+00 +3.4833e+00 -9.4592e-01 +3.7650e+00 -3.2464e+00 +2.2116e+00 +3.3384e+00 +3.4822e+00 -3.4347e+00 -3.2053e+00
4 +8.661187111e+03 +8.661187111e+03 +9.047197111e+03 +9.047197111e+03 +4.9762e-01 -2.7711e+00 -1.5054e+00 -3.3822e-01 +4.5365e+00 -2.6370e+00 +2.1607e-01 +2.4513e+00 +2.2669e-01 -1.5331e+00
22 +4.480741973e+03 +4.480741973e+03 +4.866751973e+03 +4.866751973e+03 +2.8382e+00 -1.1423e+00 +1.1636e+00 +9.1473e-01 +3.7739e+00 +8.0780e-01 +1.9347e+00 +2.8777e+00 -5.9009e-01 -1.5332e+00
726 +3.568846575e+03 +3.568846575e+03 +3.954856575e+03 +3.954856575e+03 -4.0635e+00 +1.5180e+00 +1.4718e+00 +2.2209e+00 -1.2987e+00 +3.2697e+00 +1.9868e-01 +1.8104e-01 +2.4123e+00 -2.4271e+00
1303 +2.274489859e+03 +2.274489859e+03 +2.660499859e+03 +2.660499859e+03 -2.9125e+00 +1.2210e+00 +1.6444e+00 +3.2769e+00 +3.4158e-01 +3.3192e+00 -1.0370e+00 +1.5578e+00 +1.8072e+00 -7.5391e-01
3147 +7.929417421e+02 +7.929417421e+02 +1.178951742e+03 +1.178951742e+03 +2.3397e+00 +5.8043e-01 +1.1863e+00 +3.8541e+00 +2.2885e+00 +1.0409e+00 +2.6813e+00 +2.1050e+00 +2.5503e-01 -2.1354e+00
% function evaluation | noise-free fitness - Fopt (-1.257000000000e+01) | best noise-free fitness - Fopt | measured fitness | best measured fitness | x1 | x2...
1 +7.550258409e+04 +7.550258409e+04 +7.549001409e+04 +7.549001409e+04 +4.8388e+00 -4.2248e+00 +6.9980e-01 +3.4861e-01 +2.3620e+00 +2.6859e+00 +3.5864e+00 +1.7333e+00 -3.4324e+00 +4.0489e+00
3 +2.758275321e+04 +2.758275321e+04 +2.757018321e+04 +2.757018321e+04 -3.5177e+00 -3.9202e+00 -2.5079e+00 +5.4028e-01 +2.9173e+00 +1.1072e+00 +1.0216e+00 -1.6735e+00 +3.8152e+00 +1.9884e-01
21 +1.907802364e+04 +1.907802364e+04 +1.906545364e+04 +1.906545364e+04 -1.5013e+00 +2.3556e+00 -2.7145e+00 +2.3148e+00 +6.3733e-01 +3.5401e+00 +1.8041e+00 +1.2159e-01 +2.1003e+00 -9.5612e-01
33 +1.460916718e+04 +1.460916718e+04 +1.459659718e+04 +1.459659718e+04 -3.2085e+00 +9.5530e-01 +2.3933e+00 -4.8719e+00 +1.7683e+00 -1.3732e-01 -4.5110e+00 -2.0411e+00 +3.3088e+00 +1.1794e+00
259 +1.220105243e+03 +1.220105243e+03 +1.207535243e+03 +1.207535243e+03 +9.9968e-02 +2.0883e-01 -2.4857e+00 -3.4658e+00 +6.9839e-01 +1.3582e+00 -5.3608e-01 +2.6817e+00 +1.8576e+00 +8.6253e-01
1416 +8.812936884e+02 +8.812936884e+02 +8.687236884e+02 +8.687236884e+02 -1.6085e+00 -2.0869e+00 +8.3564e-02 -1.7624e+00 +9.5794e-01 -4.8438e-01 -1.5026e+00 +2.2561e+00 +1.6932e+00 +1.5892e+00
% function evaluation | noise-free fitness - Fopt (-1.270400000000e+02) | best noise-free fitness - Fopt | measured fitness | best measured fitness | x1 | x2...
1 +1.910097577e+05 +1.910097577e+05 +1.908827177e+05 +1.908827177e+05 +1.6964e+00 +1.6382e+00 +1.7797e+00 +4.0163e+00 +1.0464e+00 -1.6809e+00 -4.8557e+00 -4.2328e+00 -1.7797e+00 +3.5123e-01
2 +1.464856966e+05 +1.464856966e+05 +1.463586566e+05 +1.463586566e+05 +3.6720e+00 -2.7457e+00 +1.3106e+00 -2.6425e+00 -4.3344e+00 -3.1859e+00 -4.3710e+00 -4.2780e-01 -4.4948e+00 +3.7170e+00
4 +1.128469367e+04 +1.128469367e+04 +1.115765367e+04 +1.115765367e+04 -2.0268e+00 -4.1829e+00 -3.2032e+00 +2.4795e+00 -2.0760e+00 +3.1509e-01 +4.2309e-01 -5.0372e-01 -2.3872e-01 +2.3598e+00
89 +7.631996988e+03 +7.631996988e+03 +7.504956988e+03 +7.504956988e+03 -3.5860e-01 -8.3474e-01 -4.5455e-01 -3.1662e+00 -1.3814e+00 -5.9269e-01 +8.1281e-01 +1.3943e+00 +2.9830e+00 +2.1013e+00
155 +6.160954795e+03 +6.160954795e+03 +6.033914795e+03 +6.033914795e+03 +1.9007e+00 +1.5403e+00 +1.1870e+00 +2.1970e+00 +2.9957e+00 -2.2443e+00 +8.1543e-01 +7.4842e-01 +2.1439e+00 +2.0368e+00
301 +2.885432808e+03 +2.885432808e+03 +2.758392808e+03 +2.758392808e+03 -8.1322e-01 +8.6334e-01 +1.2502e+00 -5.7230e-01 -1.5743e-01 -1.0754e+00 +2.8502e+00 +8.7901e-02 +3.4747e-02 +1.0159e+00
930 +1.686573498e+03 +1.686573498e+03 +1.559533498e+03 +1.559533498e+03 +2.9513e+00 -3.1339e+00 +2.4307e-01 -2.6564e-02 -1.8648e+00 -3.2025e+00 +1.7865e-01 +8.2583e-01 +2.6904e+00 +2.4595e+00
% function evaluation | noise-free fitness - Fopt (-3.752000000000e+01) | best noise-free fitness - Fopt | measured fitness | best measured fitness | x1 | x2...
1 +1.168876174e+05 +1.168876174e+05 +1.168500974e+05 +1.168500974e+05 -1.3185e+00 -6.3468e-01 +1.4481e+00 -6.1714e-01 -1.2314e+00 +4.9834e+00 +4.0570e+00 +1.1870e+00 +4.4721e+00 -4.6964e+00
4 +6.439772227e+04 +6.439772227e+04 +6.436020227e+04 +6.436020227e+04 +4.2238e+00 -2.2940e+00 +1.0178e+00 -3.4056e+00 -3.2689e+00 -5.4362e-01 +2.0399e+00 +9.3006e-01 +2.3096e+00 +4.9189e+00
6 +3.329605528e+04 +3.329605528e+04 +3.325853528e+04 +3.325853528e+04 +2.1878e+00 +8.6159e-03 -2.1476e+00 +4.1368e+00 -4.7965e-01 +8.6610e-01 +2.9652e+00 +1.6901e+00 +1.2044e+00 +4.8682e+00
49 +2.787588128e+03 +2.787588128e+03 +2.750068128e+03 +2.750068128e+03 -5.2325e-01 -3.2139e+00 -3.7182e-01 +2.9892e+00 -1.8906e+00 -2.7124e-01 +1.6577e+00 +2.8756e-02 +1.4102e+00 +1.8392e+00
3938 +2.065121909e+03 +2.065121909e+03 +2.027601909e+03 +2.027601909e+03 +8.7524e-01 -1.9960e+00 -3.0976e+00 +1.5085e+00 +2.2098e+00 +6.2894e-01 +3.7435e-01 -3.5580e+00 +1.2525e-01 +2.3872e+00
4980 +1.188267481e+02 +1.188267481e+02 +8.130674810e+01 +8.130674810e+01 +1.4440e+00 +1.4497e+00 -1.9151e+00 +1.5265e+00 +3.8214e-01 +1.6750e+00 +7.2187e-01 -1.4790e+00 +2.4954e+00 +4.0348e-01
% function evaluation | noise-free fitness - Fopt (-3.311600000000e+02) | best noise-free fitness - Fopt | measured fitness | best measured fitness | x1 | x2...
1 +9.840787324e+04 +9.840787324e+04 +9.807671324e+04 +9.807671324e+04 +4.9665e+00 -3.3109e+00 -4.2994e+00 +2.3306e+00 -2.4945e+00 +2.4348e-01 -4.6692e+00 -3.6164e+00 +2.9227e+00 +1.3667e+00
2 +1.656486168e+04 +1.656486168e+04 +1.623370168e+04 +1.623370168e+04 +1.3952e+00 -4.3915e+00 -1.9692e+00 -3.3039e+00 +3.4407e+00 +2.5562e+00 -1.1304e+00 -3.6298e+00 -1.6689e+00 -1.9362e-02
26 +1.423113632e+04 +1.423113632e+04 +1.389997632e+04 +1.389997632e+04 -4.9110e+00 -4.3460e-01 -4.4199e+00 -3.7599e+00 +4.9878e+00 +9.7472e-01 -3.4072e+00 +1.2407e+00 -1.7982e+00 -1.4609e-01
262 +4.825942540e+03 +4.825942540e+03 +4.494782540e+03 +4.494782540e+03 -2.6675e+00 -4.0791e+00 -3.0313e+00 +1.0629e+00 -2.1945e+00 -1.8737e+00 +3.6364e-01 -8.3972e-01 -2.4934e+00 -1.8349e+00
421 +3.603085093e+03 +3.603085093e+03 +3.271925093e+03 +3.271925093e+03 +2.4916e+00 -2.0780e+00 +2.6374e-01 +3.9682e-01 -1.6765e+00 -9.9780e-01 -2.8259e+00 -2.5435e+00 -5.0209e-01 -3.0299e+00
4012 +1.388731405e+03 +1.388731405e+03 +1.057571405e+03 +1.057571405e+03 -4.9608e-01 +5.6220e-01 -4.1615e+00 -3.8757e-01 +1.8106e+00 -4.5448e-01 -3.0356e+00 +3.3168e-01 -3.0699e+00 -5.4784e-01
% function evaluation | noise-free fitness - Fopt (4.481000000000e+01) | best noise-free fitness - Fopt | measured fitness | best measured fitness | x1 | x2...
1 +2.596182517e+05 +2.596182517e+05 +2.596630617e+05 +2.596630617e+05 -3.9831e-01 +3.3036e+00 +4.2972e+00 +1.8031e+00 +4.5411e+00 -4.5584e+00 +4.7167e+00 +4.8397e+00 -2.2273e+00 +3.8442e+00
2 +6.283988209e+04 +6.283988209e+04 +6.288469209e+04 +6.288469209e+04 -4.3172e+00 -3.9128e+00 -7.3219e-01 -2.7852e+00 +8.6184e-01 +4.1305e+00 +5.2389e-02 -2.3575e+00 -3.5011e+00 -9.5716e-01
6 +5.838620868e+03 +5.838620868e+03 +5.883430868e+03 +5.883430868e+03 -2.5688e+00 +1.4264e+00 +2.9809e+00 +1.4720e+00 +2.2981e+00 -1.0357e+00 +4.0118e+00 -2.9901e+00 +6.0783e-01 -1.0083e+00
1327 +3.928321404e+03 +3.928321404e+03 +3.973131404e+03 +3.973131404e+03 -4.9279e+00 +2.1167e+00 -2.1221e+00 +2.6868e-01 +3.0880e+00 +2.9468e+00 +2.0713e+00 -1.8445e+00 +2.2758e+00 -1.8823e+00
1463 +2.291988158e+03 +2.291988158e+03 +2.336798158e+03 +2.336798158e+03 -2.1166e+00 -2.1622e+00 +1.4790e+00 -9.5513e-01 +3.3906e+00 +2.8985e+00 -9.6038e-01 -2.6383e+00 +7.6895e-01 -1.4558e+00
% function evaluation | noise-free fitness - Fopt (-1.764600000000e+02) | best noise-free fitness - Fopt | measured fitness | best measured fitness | x1 | x2...
1 +1.200584419e+05 +1.200584419e+05 +1.198819819e+05 +1.198819819e+05 -2.5723e+00 -1.7251e+00 +3.8642e+00 -1.6919e+00 +1.3497e+00 -2.3880e+00 -4.5240e+00 +4.9371e+00 -1.7730e+00 +2.0724e+00
2 +5.118763395e+04 +5.118763395e+04 +5.101117395e+04 +5.101117395e+04 -4.9455e+00 +2.3663e+00 +2.9786e+00 +3.6694e+00 -4.3838e-01 +4.8875e+00 -3.6044e+00 +2.3372e+00 +2.8045e+00 +4.4424e+00
4 +1.402223421e+04 +1.402223421e+04 +1.384577421e+04 +1.384577421e+04 -9.1599e-01 -4.9564e+00 -1.8620e+00 +4.0650e+00 -9.9830e-01 +4.1585e+00 -1.1309e+00 -2.2707e+00 +3.4022e+00 +1.3982e+00
14 +5.074198231e+03 +5.074198231e+03 +4.897738231e+03 +4.897738231e+03 +2.6002e+00 -1.6057e+00 -8.5352e-01 -1.1061e+00 +3.1093e+00 +2.1481e+00 -1.4676e+00 +1.8539e-01 +3.9257e+00 +3.6420e-01
84 +2.806323559e+03 +2.806323559e+03 +2.629863559e+03 +2.629863559e+03 -7.8298e-01 +4.9553e-01 -1.8027e+00 +3.2431e+00 +5.1288e-02 +2.9422e+00 -1.8119e+00 -6.2381e-01 +2.8842e-01 +5.1844e-01
2728 +1.508737305e+03 +1.508737305e+03 +1.332277305e+03 +1.332277305e+03 +3.6328e+00 +7.0979e-01 +1.8034e+00 +3.1040e+00 +2.1630e+00 -1.7850e-01 -5.4474e-01 -8.7619e-02 +2.5877e+00 +1.5758e+00
4103 +6.264798778e+02 +6.264798778e+02 +4.500198778e+02 +4.500198778e+02 +1.9914e+00 +2.1570e+00 +9.0270e-01 +2.4878e+00 +6.6591e-01 +1.6719e+00 -2.9066e+00 -2.2668e+00 +9.5705e-01 +2.6185e+00
