% function evaluation | noise-free fitness - Fopt (-5.465000000000e+02) | best noise-free fitness - Fopt | measured fitness | best measured fitness | x1 | x2...
1 +2.435325099e+05 +2.435325099e+05 +2.429860099e+05 +2.429860099e+05 +3.9901e+00 +2.7103e+00 +1.1848e-01 +4.1469e+00 -4.6925e+00
2 +1.113766498e+04 +1.113766498e+04 +1.059116498e+04 +1.059116498e+04 -2.8547e-01 -1.5592e+00 +2.2437e+00 +1.7307e+00 +7.3527e-01
8 +2.927451956e+03 +2.927451956e+03 +2.380951956e+03 +2.380951956e+03 +3.7053e+00 +2.4685e+00 -1.7602e+00 -1.5261e+00 +4.1704e-01
25 +2.327811396e+03 +2.327811396e+03 +1.781311396e+03 +1.781311396e+03 +6.8495e-01 +9.1182e-01 +3.9809e+00 +2.8524e-01 +2.6753e+00
62 +1.399699554e+03 +1.399699554e+03 +8.531995541e+02 +8.531995541e+02 -3.0352e+00 +3.5095e+00 +8.2610e-01 -1.9096e+00 +1.3943e+00
68 +3.932582059e+02 +3.932582059e+02 -1.532417941e+02 -1.532417941e+02 +2.3921e+00 +8.5601e-01 +3.1948e+00 -1.9149e+00 +1.5041e+00
274 +1.525940974e+02 +1.525940974e+02 -3.939059026e+02 -3.939059026e+02 +3.5020e-01 +3.4713e+00 +6.9563e-01 -1.6931e+00 +1.5947e+00
276 +1.269510653e+01 +1.269510653e+01 -5.338048935e+02 -5.338048935e+02 +2.6622e+00 +5.6030e-01 -1.0794e-01 -2.2607e+00 +2.1679e+00
282 +5.547737112e+00 +5.547737112e+00 -5.409522629e+02 -5.409522629e+02 -3.1336e-01 +1.4979e+00 +2.4784e+00 -2.1899e+00 +1.5824e+00
887 +3.162957454e+00 +3.162957454e+00 -5.433370425e+02 -5.433370425e+02 -1.9379e-01 -1.2260e-01 +8.9927e-01 -8.9643e-01 +9.4348e-01
% function evaluation | noise-free fitness - Fopt (1.000000000000e+03) | best noise-free fitness - Fopt | measured fitness | best measured fitness | x1 | x2...
1 +4.390392134e+04 +4.390392134e+04 +4.490392134e+04 +4.490392134e+04 -1.7712e+00 -2.3731e+00 -4.0353e+00 +4.6708e+00 -2.7772e+00
2 +2.662828306e+04 +2.662828306e+04 +2.762828306e+04 +2.762828306e+04 -1.3810e+00 -5.6207e-01 +4.4535e-01 -7.3649e-01 +1.5643e+00
5 +2.182211533e+03 +2.182211533e+03 +3.182211533e+03 +3.182211533e+03 -1.7607e+00 +4.2020e+00 -1.2605e+00 -1.1921e+00 -2.6031e+00
47 +1.312646742e+03 +1.312646742e+03 +2.312646742e+03 +2.312646742e+03 -4.2518e+00 -2.0299e+00 -3.1911e-01 -2.6071e+00 -5.8343e-01
59 +9.693594282e+02 +9.693594282e+02 +1.969359428e+03 +1.969359428e+03 -5.8006e-01 +1.9728e+00 +1.7174e-01 -2.6244e-01 -3.0323e+00
231 +7.384290349e+01 +7.384290349e+01 +1.073842903e+03 +1.073842903e+03 +1.4489e+00 -4.7797e-01 -8.7838e-01 -3.8945e-01 -2.7769e+00
323 +3.764213917e+00 +3.764213917e+00 +1.003764214e+03 +1.003764214e+03 +7.5319e-01 -3.3371e-01 -2.7194e+00 -7.6478e-01 -9.7480e-01
% function evaluation | noise-free fitness - Fopt (2.083800000000e+02) | best noise-free fitness - Fopt | measured fitness | best measured fitness | x1 | x2...
1 +7.765294649e+03 +7.765294649e+03 +7.973674649e+03 +7.973674649e+03 +1.6155e+00 -1.1646e+00 -1.6340e+00 +4.2130e+00 +1.9217e+00
2 +3.974240251e+03 +3.974240251e+03 +4.182620251e+03 +4.182620251e+03 -2.2357e-01 +7.6783e-01 +1.3241e+00 +3.7954e+00 +3.0959e-01
58 +6.022732927e+02 +6.022732927e+02 +8.106532927e+02 +8.106532927e+02 -3.7248e+00 +1.9895e+00 +2.0929e+00 +9.1403e-01 +1.8179e+00
77 +3.187823890e+02 +3.187823890e+02 +5.271623890e+02 +5.271623890e+02 +3.3867e+00 +2.6102e+00 +1.2191e+00 +2.3922e+00 +1.6314e+00
470 +4.516230578e+00 +4.516230578e+00 +2.128962306e+02 +2.128962306e+02 +2.2832e+00 +2.3564e+00 +9.3900e-01 +1.4123e+00 +1.4905e+00
1764 +3.787420663e+00 +3.787420663e+00 +2.121674207e+02 +2.121674207e+02 +1.8110e+00 +7.5784e-02 +1.5133e+00 +2.3078e+00 +1.6968e+00
% function evaluation | noise-free fitness - Fopt (-1.449600000000e+02) | best noise-free fitness - Fopt | measured fitness | best measured fitness | x1 | x2...
1 +1.598583242e+03 +1.598583242e+03 +1.453623242e+03 +1.453623242e+03 +2.0453e+00 +1.7917e+00 -7.4938e-01 -5.1087e-01 -9.5232e-01
59 +1.280149624e+03 +1.280149624e+03 +1.135189624e+03 +1.135189624e+03 -1.6463e+00 +6.6302e-02 -3.3903e-01 +4.8332e-02 -9.0626e-01
165 +7.267938531e+02 +7.267938531e+02 +5.818338531e+02 +5.818338531e+02 -3.6983e+00 +2.2050e+00 -2.9732e+00 -1.5858e+00 -1.0337e+00
231 +5.175667389e+02 +5.175667389e+02 +3.726067389e+02 +3.726067389e+02 +8.9040e-01 -2.6174e+00 -1.1933e+00 -7.1622e-01 -6.3813e-01
483 +4.040416114e+00 +4.040416114e+00 -1.409195839e+02 -1.409195839e+02 -2.2246e+00 -2.9992e-01 -1.7192e-01 -1.7265e+00 -1.8397e+00
1922 +3.575871514e+00 +3.575871514e+00 -1.413841285e+02 -1.413841285e+02 -1.9901e+00 -2.7636e-01 -1.4753e+00 -1.8621e+00 -9.2282e-01
% function evaluation | noise-free fitness - Fopt (-6.300000000000e+00) | best noise-free fitness - Fopt | measured fitness | best measured fitness | x1 | x2...
1 +1.213889542e+04 +1.213889542e+04 +1.213259542e+04 +1.213259542e+04 -4.5249e+00 -4.7588e+00 +2.6606e+00 -2.7118e-01 -3.3962e+00
4 +6.473879691e+03 +6.473879691e+03 +6.467579691e+03 +6.467579691e+03 -3.0368e+00 +2.3510e+00 -3.2149e+00 +3.0192e+00 -2.2592e+00
7 +2.799087891e+03 +2.799087891e+03 +2.792787891e+03 +2.792787891e+03 +1.8869e+00 -4.1447e+00 -1.0775e+00 +3.0637e+00 -2.1640e+00
54 +2.298415630e+03 +2.298415630e+03 +2.292115630e+03 +2.292115630e+03 +3.1160e+00 -1.0468e+00 -1.3183e-01 +2.3107e+00 +1.3467e-01
153 +6.934767645e+02 +6.934767645e+02 +6.871767645e+02 +6.871767645e+02 -1.1162e+00 +1.3538e+00 -3.5530e+00 +1.3451e+00 -2.5360e+00
191 +2.721895843e+02 +2.721895843e+02 +2.658895843e+02 +2.658895843e+02 +1.4723e+00 -1.3539e+00 -2.9751e+00 +5.2356e-01 -2.0711e+00
365 +5.013259778e+00 +5.013259778e+00 -1.286740222e+00 -1.286740222e+00 +1.6121e+00 -2.4812e+00 -1.0680e+00 +9.7936e-01 -9.6162e-01
1252 +3.489457086e+00 +3.489457086e+00 -2.810542914e+00 -2.810542914e+00 +1.2212e+00 -1.0136e+00 -7.9894e-01 +2.0454e+00 -6.7335e-01
% function evaluation | noise-free fitness - Fopt (-2.206000000000e+01) | best noise-free fitness - Fopt | measured fitness | best measured fitness | x1 | x2...
1 +1.909858923e+04 +1.909858923e+04 +1.907652923e+04 +1.907652923e+04 +1.4455e+00 +4.2609e+00 -3.3779e-01 +1.7272e+00 +5.0942e-01
6 +1.390168245e+04 +1.390168245e+04 +1.387962245e+04 +1.387962245e+04 -4.1245e-01 -1.3987e+00 -1.3592e+00 +5.1758e-01 +4.6089e+00
11 +2.016035019e+03 +2.016035019e+03 +1.993975019e+03 +1.993975019e+03 -4.8698e-01 +3.5384e+00 -3.1380e+00 -2.2341e+00 +1.2334e+00
16 +1.662351216e+02 +1.662351216e+02 +1.441751216e+02 +1.441751216e+02 -3.8686e-01 +6.5675e-01 -2.9122e+00 +2.4792e-01 +2.5068e+00
53 +1.540956757e+02 +1.540956757e+02 +1.320356757e+02 +1.320356757e+02 -1.4522e+00 +3.4217e+00 -1.4645e+00 -7.6559e-02 +2.7323e+00
119 +4.377719489e+00 +4.377719489e+00 -1.768228051e+01 -1.768228051e+01 -9.3681e-03 +2.4499e+00 -1.5135e+00 -2.8943e-01 +1.7928e+00
2135 +2.859087863e+00 +2.859087863e+00 -1.920091214e+01 -1.920091214e+01 +2.0616e+00 +6.7304e-01 -2.6405e+00 -2.0005e+00 +1.6638e+00
% function evaluation | noise-free fitness - Fopt (7.129000000000e+01) | best noise-free fitness - Fopt | measured fitness | best measured fitness | x1 | x2...
1 +1.721693040e+03 +1.721693040e+03 +1.792983040e+03 +1.792983040e+03 -7.8488e-01 +1.4917e+00 +3.6450e+00 +1.5979e+00 -9.7477e-01
112 +5.940327837e+00 +5.940327837e+00 +7.723032784e+01 +7.723032784e+01 +2.0182e+00 +7.0451e-01 +1.3815e+00 +2.0647e+00 -1.6753e+00
% function evaluation | noise-free fitness - Fopt (-1.054000000000e+01) | best noise-free fitness - Fopt | measured fitness | best measured fitness | x1 | x2...
1 +7.433170093e+04 +7.433170093e+04 +7.432116093e+04 +7.432116093e+04 +1.1885e+00 -3.8629e+00 -2.4494e+00 +4.1806e-01 +2.9720e+00
3 +1.808707353e+04 +1.808707353e+04 +1.807653353e+04 +1.807653353e+04 +1.6003e+00 -2.2982e+00 -3.8495e+00 +2.8526e+00 -1.9485e+00
4 +8.460313706e+03 +8.460313706e+03 +8.449773706e+03 +8.449773706e+03 +3.7193e+00 -8.1804e-01 -2.8189e+00 +1.3010e+00 -4.8713e-01
16 +3.374962427e+03 +3.374962427e+03 +3.364422427e+03 +3.364422427e+03 -3.9602e-01 +1.1244e+00 +1.6589e-01 -3.0662e+00 -2.8319e+00
17 +8.682210046e+02 +8.682210046e+02 +8.576810046e+02 +8.576810046e+02 +3.1694e+00 -2.7258e+00 -1.6087e+00 -2.8369e+00 -1.5295e+00
50 +3.937211385e+02 +3.937211385e+02 +3.831811385e+02 +3.831811385e+02 -2.3134e+00 -3.2415e+00 -1.2743e+00 -5.9210e-01 -7.1532e-01
342 +3.880766080e+00 +3.880766080e+00 -6.659233920e+00 -6.659233920e+00 +1.3320e+00 -1.5528e+00 -7.5860e-01 -1.7183e+00 -1.4865e+00
% function evaluation | noise-free fitness - Fopt (3.860100000000e+02) | best noise-free fitness - Fopt | measured fitness | best measured fitness | x1 | x2...
1 +4.866962277e+04 +4.866962277e+04 +4.905563277e+04 +4.905563277e+04 -4.5563e+00 +6.0233e-01 -3.1706e+00 -4.4722e+00 +1.3708e+00
2 +9.807236866e+03 +9.807236866e+03 +1.019324687e+04 +1.019324687e+04 -1.5350e+00 -3.8523e+00 -3.7005e+00 +3.4291e+00 +1.3420e+00
29 +4.347895078e+03 +4.347895078e+03 +4.733905078e+03 +4.733905078e+03 +2.7700e+00 +2.3412e+00 -4.9787e+00 +2.8446e-01 +3.1398e+00
32 +1.269877178e+03 +1.269877178e+03 +1.655887178e+03 +1.655887178e+03 -3.6702e+00 -1.3557e+00 -2.7071e+00 +2.7032e-01 +6.9895e-01
127 +7.677158895e+02 +7.677158895e+02 +1.153725890e+03 +1.153725890e+03 +1.9503e+00 -3.0624e+00 -2.2537e+00 -3.2261e-01 +1.5240e+00
179 +5.428517812e+01 +5.428517812e+01 +4.402951781e+02 +4.402951781e+02 +8.4355e-01 +1.2992e+00 -5.7654e-01 +1.8832e+00 +9.4495e-01
459 +4.706910889e+00 +4.706910889e+00 +3.907169109e+02 +3.907169109e+02 -2.0474e+00 -2.0200e+00 -2.0840e+00 +1.4853e+00 +1.6124e+00
1027 +3.566737499e+00 +3.566737499e+00 +3.895767375e+02 +3.895767375e+02 +9.0631e-01 +6.5003e-01 -7.9374e-01 +1.3840e+00 +2.3415e+00
% function evaluation | noise-free fitness - Fopt (-1.257000000000e+01) | best noise-free fitness - Fopt | measured fitness | best measured fitness | x1 | x2...
1 +3.710227823e+04 +3.710227823e+04 +3.708970823e+04 +3.708970823e+04 -3.9483e+00 -1.7451e+00 +2.3779e-01 +2.6605e+00 +5.2950e-01
3 +4.261738287e+03 +4.261738287e+03 +4.249168287e+03 +4.249168287e+03 -4.7842e+00 +4.6640e-01 -3.5378e+00 +9.7304e-01 +2.7046e+00
26 +2.088488547e+03 +2.088488547e+03 +2.075918547e+03 +2.075918547e+03 +1.3218e+00 +8.3039e-01 +1.2759e+00 -1.4423e+00 +2.7593e+00
75 +1.534443727e+03 +1.534443727e+03 +1.521873727e+03 +1.521873727e+03 +1.4707e+00 +2.9814e+00 +1.1593e+00 -2.6688e-01 +1.6818e+00
96 +7.639786401e+01 +7.639786401e+01 +6.382786401e+01 +6.382786401e+01 +1.5210e+00 -9.9093e-01 -3.3367e+00 -6.0274e-01 +2.0897e+00
375 +4.190756738e+00 +4.190756738e+00 -8.379243262e+00 -8.379243262e+00 -4.5309e-01 +2.7281e+00 -2.1664e+00 -1.7865e+00 +1.6719e+00
1423 +3.183981831e+00 +3.183981831e+00 -9.386018169e+00 -9.386018169e+00 +5.7884e-01 +1.5683e+00 -1.3494e-01 -2.5214e+00 +1.3126e+00
2917 +2.474855407e+00 +2.474855407e+00 -1.009514459e+01 -1.009514459e+01 +1.7892e+00 +2.2109e+00 -2.1489e+00 -8.3647e-01 +2.0629e+00
% function evaluation | noise-free fitness - Fopt (-1.270400000000e+02) | best noise-free fitness - Fopt | measured fitness | best measured fitness | x1 | x2...
1 +9.651470727e+04 +9.651470727e+04 +9.638766727e+04 +9.638766727e+04 -2.9764e+00 -4.8679e+00 -6.2630e-02 -3.1325e+00 +1.8557e+00
3 +2.593435191e+04 +2.593435191e+04 +2.580731191e+04 +2.580731191e+04 +3.3443e+00 -4.5758e+00 +4.8178e+00 -1.5370e+00 +6.9103e-02
5 +1.748427040e+04 +1.748427040e+04 +1.735723040e+04 +1.735723040e+04 -2.3272e+00 -4.7640e+00 +2.2081e+00 +4.6448e+00 -8.4663e-01
8 +3.579926462e+03 +3.579926462e+03 +3.452886462e+03 +3.452886462e+03 +4.2965e+00 -3.5744e+00 +3.1116e+00 +1.2067e+00 -2.8440e+00
28 +1.935860323e+03 +1.935860323e+03 +1.808820323e+03 +1.808820323e+03 -7.7201e-01 -2.0931e+00 +1.5157e+00 +1.3275e+00 -3.1188e+00
36 +1.128412189e+03 +1.128412189e+03 +1.001372189e+03 +1.001372189e+03 +2.8273e+00 -1.0358e+00 +3.2252e+00 +1.9257e+00 -2.6559e+00
125 +5.085473942e+02 +5.085473942e+02 +3.815073942e+02 +3.815073942e+02 +8.0087e-01 +1.2580e+00 +3.4167e+00 +1.3585e+00 -6.5025e-01
165 +3.390356080e+02 +3.390356080e+02 +2.119956080e+02 +2.119956080e+02 -3.3997e+00 +1.7978e+00 +6.1821e-01 +6.9000e-01 -1.1891e+00
352 +1.203946291e+02 +1.203946291e+02 -6.645370852e+00 -6.645370852e+00 +2.9193e+00 +2.2560e-01 +4.9412e-01 +4.3863e-01 -1.9783e+00
484 +3.258818328e+00 +3.258818328e+00 -1.237811817e+02 -1.237811817e+02 -2.4255e+00 -1.2749e+00 +2.3884e+00 +9.0622e-01 -1.9288e+00
% function evaluation | noise-free fitness - Fopt (-3.752000000000e+01) | best noise-free fitness - Fopt | measured fitness | best measured fitness | x1 | x2...
1 +2.835971235e+03 +2.835971235e+03 +2.798451235e+03 +2.798451235e+03 +1.2274e-01 +2.9862e-01 +1.3798e+00 +1.7410e+00 +1.0742e+00
26 +1.963157935e+03 +1.963157935e+03 +1.925637935e+03 +1.925637935e+03 +2.0178e+00 +2.9873e+00 -3.4801e+00 +1.7357e-01 +1.9560e+00
36 +1.137564957e+03 +1.137564957e+03 +1.100044957e+03 +1.100044957e+03 -2.5174e+00 -1.3352e+00 -1.3899e+00 +2.2883e+00 +2.7163e+00
191 +6.570377653e+02 +6.570377653e+02 +6.195177653e+02 +6.195177653e+02 -3.7388e+00 -4.0917e+00 +1.9405e-01 +2.7027e+00 +1.6154e+00
310 +5.843128170e+02 +5.843128170e+02 +5.467928170e+02 +5.467928170e+02 -3.1041e+00 -5.4835e-01 -1.4999e+00 -9.4050e-02 +2.8994e+00
318 +2.286182716e+02 +2.286182716e+02 +1.910982716e+02 +1.910982716e+02 -1.3340e-01 -1.1082e+00 -2.9830e+00 +2.1328e+00 +6.5751e-01
346 +8.282716797e+01 +8.282716797e+01 +4.530716797e+01 +4.530716797e+01 +2.9420e+00 -7.2530e-01 -4.2613e-01 +1.7326e+00 +1.4627e+00
393 +2.407226617e+00 +2.407226617e+00 -3.511277338e+01 -3.511277338e+01 +1.0730e+00 -2.2188e+00 -9.5470e-01 +2.4008e+00 +1.6298e+00
% function evaluation | noise-free fitness - Fopt (-3.311600000000e+02) | best noise-free fitness - Fopt | measured fitness | best measured fitness | x1 | x2...
1 +1.619997317e+04 +1.619997317e+04 +1.586881317e+04 +1.586881317e+04 +3.1709e+00 +2.6374e+00 -7.8569e-01 +2.7302e+00 -1.4593e+00
4 +1.376437865e+04 +1.376437865e+04 +1.343321865e+04 +1.343321865e+04 +1.2079e+00 +2.4227e+00 +1.4729e+00 +4.6695e-01 +3.8733e+00
6 +7.980483538e+03 +7.980483538e+03 +7.649323538e+03 +7.649323538e+03 +3.0379e+00 +3.4376e+00 -1.4965e+00 +3.3475e+00 -5.9556e-01
7 +1.323819095e+03 +1.323819095e+03 +9.926590950e+02 +9.926590950e+02 -1.1764e+00 -2.7887e+00 -3.1769e+00 +1.1102e+00 +1.3500e+00
86 +7.655505533e+02 +7.655505533e+02 +4.343905533e+02 +4.343905533e+02 -1.7642e+00 -1.3586e+00 -1.8339e+00 -3.5071e-01 +1.7852e+00
205 +1.375047325e+02 +1.375047325e+02 -1.936552675e+02 -1.936552675e+02 -9.2318e-01 -3.3531e+00 -3.9453e-01 +3.7441e-01 +2.2947e+00
504 +4.252635164e+01 +4.252635164e+01 -2.886336484e+02 -2.886336484e+02 -1.0393e+00 -2.6523e+00 -1.7822e+00 +1.1233e-01 +1.6511e+00
569 +4.072008613e+00 +4.072008613e+00 -3.270879914e+02 -3.270879914e+02 +1.3977e+00 -2.7578e-01 -9.0630e-02 +1.5102e+00 +2.2782e+00
1161 +3.695342008e+00 +3.695342008e+00 -3.274646580e+02 -3.274646580e+02 -2.8750e-01 -1.3103e+00 -2.4298e+00 +8.1726e-01 +2.5194e+00
% function evaluation | noise-free fitness - Fopt (4.481000000000e+01) | best noise-free fitness - Fopt | measured fitness | best measured fitness | x1 | x2...
1 +2.208787482e+04 +2.208787482e+04 +2.213268482e+04 +2.213268482e+04 +2.1961e+00 +4.0112e+00 -3.7938e+00 +1.8666e+00 +4.0018e+00
2 +1.068324140e+04 +1.068324140e+04 +1.072805140e+04 +1.072805140e+04 +1.7862e+00 +1.0221e+00 +4.5125e+00 -2.0349e+00 +1.4036e+00
16 +8.949552937e+03 +8.949552937e+03 +8.994362937e+03 +8.994362937e+03 +5.0946e-01 +3.5538e+00 -9.2407e-02 +1.1787e+00 +3.9420e+00
17 +5.261347381e+03 +5.261347381e+03 +5.306157381e+03 +5.306157381e+03 -2.6525e+00 +1.1353e+00 +4.5991e+00 -5.8894e-01 +2.2031e+00
30 +1.079817732e+03 +1.079817732e+03 +1.124627732e+03 +1.124627732e+03 +1.7400e+00 +7.6463e-01 +2.9220e+00 +1.1095e+00 +2.9758e+00
75 +3.687047457e+00 +3.687047457e+00 +4.849704746e+01 +4.849704746e+01 +7.8483e-01 +2.0977e-01 +1.8448e+00 +1.2328e+00 +1.8025e+00
% function evaluation | noise-free fitness - Fopt (-1.764600000000e+02) | best noise-free fitness - Fopt | measured fitness | best measured fitness | x1 | x2...
1 +1.710751621e+04 +1.710751621e+04 +1.693105621e+04 +1.693105621e+04 -2.8777e+00 -1.5849e+00 -1.4107e+00 +9.6255e-01 -1.1302e+00
5 +8.929591325e+03 +8.929591325e+03 +8.753131325e+03 +8.753131325e+03 -3.4557e-01 -3.0949e+00 -3.9022e+00 -1.1731e+00 +4.0060e+00
27 +3.053641890e+03 +3.053641890e+03 +2.877181890e+03 +2.877181890e+03 -9.7472e-02 +1.8341e+00 -3.1948e+00 +2.5882e+00 +2.7128e+00
36 +1.925186911e+03 +1.925186911e+03 +1.748726911e+03 +1.748726911e+03 +4.3742e+00 +4.6233e+00 -2.1517e+00 +2.0112e+00 +7.3944e-01
240 +1.536137134e+03 +1.536137134e+03 +1.359677134e+03 +1.359677134e+03 +3.3159e+00 +3.1675e+00 -2.7071e+00 +2.6945e+00 +2.0084e+00
251 +8.232521753e+02 +8.232521753e+02 +6.467921753e+02 +6.467921753e+02 -3.9306e+00 -7.6731e-01 -2.0215e+00 +4.4995e-01 +1.9617e+00
414 +4.257510358e+00 +4.257510358e+00 -1.722024896e+02 -1.722024896e+02 +1.5568e+00 +2.4589e+00 -6.1279e-01 +2.3120e+00 +1.3519e+00
1031 +3.686017706e+00 +3.686017706e+00 -1.727739823e+02 -1.727739823e+02 +2.0970e-01 +2.0913e+00 -5.8768e-01 +9.9302e-01 +1.4677e+00
2067 +2.482495206e+00 +2.482495206e+00 -1.739775048e+02 -1.739775048e+02 -1.9798e+00 -7.4731e-01 -1.5678e+00 +1.0896e+00 +1.2066e+00
