% function evaluation | noise-free fitness - Fopt (-5.465000000000e+02) | best noise-free fitness - Fopt | measured fitness | best measured fitness | x1 | x2...
1 +1.412141529e+04 +1.412141529e+04 +1.357491529e+04 +1.357491529e+04 +4.5635e+00 -7.6111e-01 -1.7000e-02
6 +7.580606799e+03 +7.580606799e+03 +7.034106799e+03 +7.034106799e+03 -1.7353e+00 +2.5553e+00 +3.4909e+00
16 +4.591280458e+03 +4.591280458e+03 +4.044780458e+03 +4.044780458e+03 +1.0394e+00 +4.3147e+00 -7.3380e-01
19 +3.361994959e+03 +3.361994959e+03 +2.815494959e+03 +2.815494959e+03 -4.3800e+00 +1.9722e+00 -4.4455e-03
22 +7.227618173e+02 +7.227618173e+02 +1.762618173e+02 +1.762618173e+02 -2.9095e+00 +1.7786e+00 +2.7152e+00
37 +2.097953262e+02 +2.097953262e+02 -3.367046738e+02 -3.367046738e+02 -3.1717e+00 +2.1969e+00 +1.5383e+00
41 +2.896934596e+00 +2.896934596e+00 -5.436030654e+02 -5.436030654e+02 +6.9009e-01 +1.8448e+00 +2.2293e+00
1902 +2.401381548e+00 +2.401381548e+00 -5.440986185e+02 -5.440986185e+02 -2.3298e+00 +3.1070e-02 +2.7141e+00
3012 +6.232964791e-01 +6.232964791e-01 -5.458767035e+02 -5.458767035e+02 -2.1947e+00 +2.1188e+00 +9.6927e-01
% function evaluation | noise-free fitness - Fopt (1.000000000000e+03) | best noise-free fitness - Fopt | measured fitness | best measured fitness | x1 | x2...
1 +5.653917248e+04 +5.653917248e+04 +5.753917248e+04 +5.753917248e+04 -2.3579e-01 -3.6816e+00 +1.0496e+00
2 +6.756901557e+03 +6.756901557e+03 +7.756901557e+03 +7.756901557e+03 +4.8379e+00 -6.4912e-01 -1.6827e+00
7 +2.339502268e+03 +2.339502268e+03 +3.339502268e+03 +3.339502268e+03 +2.1434e-01 -1.1234e+00 -3.3767e+00
9 +3.439302571e+00 +3.439302571e+00 +1.003439303e+03 +1.003439303e+03 +1.5950e+00 +1.2968e+00 -1.2204e+00
664 +2.381312392e+00 +2.381312392e+00 +1.002381312e+03 +1.002381312e+03 +1.2293e+00 +9.4271e-01 -2.4505e+00
% function evaluation | noise-free fitness - Fopt (2.083800000000e+02) | best noise-free fitness - Fopt | measured fitness | best measured fitness | x1 | x2...
1 +1.786629162e+03 +1.786629162e+03 +1.995009162e+03 +1.995009162e+03 -3.2674e+00 +2.6039e+00 -1.1011e-02
32 +2.431933202e+02 +2.431933202e+02 +4.515733202e+02 +4.515733202e+02 +1.1651e+00 +3.5795e+00 +4.9467e-01
124 +6.480526038e+01 +6.480526038e+01 +2.731852604e+02 +2.731852604e+02 +1.7629e-01 -1.3839e-01 +2.7048e+00
132 +3.301163917e+01 +3.301163917e+01 +2.413916392e+02 +2.413916392e+02 +1.0786e+00 +3.2214e+00 +2.0070e+00
179 +5.796583947e+00 +5.796583947e+00 +2.141765839e+02 +2.141765839e+02 -5.1284e-02 -7.3108e-03 +2.4474e+00
265 +3.172817871e+00 +3.172817871e+00 +2.115528179e+02 +2.115528179e+02 -1.2068e+00 +3.6313e-01 +2.1326e+00
304 +2.467529997e+00 +2.467529997e+00 +2.108475300e+02 +2.108475300e+02 +1.8048e+00 +3.1585e+00 +6.6309e-01
970 +1.375424170e+00 +1.375424170e+00 +2.097554242e+02 +2.097554242e+02 -1.9997e+00 +1.4966e+00 +1.0964e+00
% function evaluation | noise-free fitness - Fopt (-1.449600000000e+02) | best noise-free fitness - Fopt | measured fitness | best measured fitness | x1 | x2...
1 +8.025617083e+02 +8.025617083e+02 +6.576017083e+02 +6.576017083e+02 -3.3319e+00 +1.0025e+00 -3.3497e+00
8 +3.622042219e+00 +3.622042219e+00 -1.413379578e+02 -1.413379578e+02 -1.7955e+00 -3.4535e-01 -2.6063e+00
59 +2.257655019e+00 +2.257655019e+00 -1.427023450e+02 -1.427023450e+02 -2.0548e+00 -5.5418e-01 -1.9292e+00
% function evaluation | noise-free fitness - Fopt (-6.300000000000e+00) | best noise-free fitness - Fopt | measured fitness | best measured fitness | x1 | x2...
1 +1.515598787e+04 +1.515598787e+04 +1.514968787e+04 +1.514968787e+04 +1.8198e+00 +1.3305e+00 -4.9653e+00
3 +9.328019960e+02 +9.328019960e+02 +9.265019960e+02 +9.265019960e+02 +3.0123e+00 +1.5176e+00 -2.3382e+00
13 +5.857552757e+00 +5.857552757e+00 -4.424472430e-01 -4.424472430e-01 +3.1371e-01 -8.2154e-01 -1.1255e+00
82 +1.740230080e+00 +1.740230080e+00 -4.559769920e+00 -4.559769920e+00 +2.1626e+00 -1.5422e-01 -2.2742e+00
2579 +1.327452437e+00 +1.327452437e+00 -4.972547563e+00 -4.972547563e+00 +1.9744e+00 -2.1287e+00 -1.2554e+00
% function evaluation | noise-free fitness - Fopt (-2.206000000000e+01) | best noise-free fitness - Fopt | measured fitness | best measured fitness | x1 | x2...
1 +9.343932612e+04 +9.343932612e+04 +9.341726612e+04 +9.341726612e+04 +2.8893e+00 -1.2952e+00 +3.3203e+00
2 +1.198260417e+04 +1.198260417e+04 +1.196054417e+04 +1.196054417e+04 +3.9139e+00 -2.1918e+00 -4.8199e+00
4 +5.669807985e+01 +5.669807985e+01 +3.463807985e+01 +3.463807985e+01 -1.5293e+00 +2.8242e-01 -1.0150e+00
16 +2.806117469e+00 +2.806117469e+00 -1.925388253e+01 -1.925388253e+01 +2.1520e+00 +1.0629e+00 -1.3181e+00
470 +2.175229286e+00 +2.175229286e+00 -1.988477071e+01 -1.988477071e+01 -1.3436e+00 +4.1524e-01 -2.5087e+00
2939 +1.221331864e+00 +1.221331864e+00 -2.083866814e+01 -2.083866814e+01 +1.8953e+00 +2.0874e+00 -2.1527e+00
% function evaluation | noise-free fitness - Fopt (7.129000000000e+01) | best noise-free fitness - Fopt | measured fitness | best measured fitness | x1 | x2...
1 +3.983880097e+04 +3.983880097e+04 +3.991009097e+04 +3.991009097e+04 +3.7651e-01 -2.9608e+00 -7.1635e-01
2 +1.213807769e+04 +1.213807769e+04 +1.220936769e+04 +1.220936769e+04 -4.1890e+00 -1.9003e+00 +4.8110e+00
3 +1.864701826e+03 +1.864701826e+03 +1.935991826e+03 +1.935991826e+03 -3.0886e+00 -1.6444e+00 +3.5758e+00
9 +1.290912108e+03 +1.290912108e+03 +1.362202108e+03 +1.362202108e+03 +3.8518e+00 +4.4797e+00 +1.1053e+00
16 +6.849758026e+00 +6.849758026e+00 +7.813975803e+01 +7.813975803e+01 +2.1521e+00 +8.5593e-01 +9.8923e-01
106 +5.526257353e+00 +5.526257353e+00 +7.681625735e+01 +7.681625735e+01 -5.3943e-01 +1.0958e-01 +1.3938e+00
221 +3.862572993e+00 +3.862572993e+00 +7.515257299e+01 +7.515257299e+01 -8.4621e-01 +8.4547e-01 +1.1803e+00
250 +1.500541879e+00 +1.500541879e+00 +7.279054188e+01 +7.279054188e+01 -1.1736e+00 +2.4056e+00 +1.9985e+00
4265 +9.679591672e-01 +9.679591672e-01 +7.225795917e+01 +7.225795917e+01 +1.6253e+00 +3.1197e+00 +1.8418e+00
% function evaluation | noise-free fitness - Fopt (-1.054000000000e+01) | best noise-free fitness - Fopt | measured fitness | best measured fitness | x1 | x2...
1 +8.965331198e+02 +8.965331198e+02 +8.859931198e+02 +8.859931198e+02 -2.6696e+00 -4.3560e+00 -8.8238e-01
5 +2.071862526e+02 +2.071862526e+02 +1.966462526e+02 +1.966462526e+02 -2.4216e+00 -6.5344e-01 -7.8619e-01
38 +5.636453449e+00 +5.636453449e+00 -4.903546551e+00 -4.903546551e+00 +7.2996e-01 -1.1336e+00 -1.0564e+00
168 +3.172830292e+00 +3.172830292e+00 -7.367169708e+00 -7.367169708e+00 -5.6348e-01 -2.3642e+00 -2.0459e+00
751 +2.009646293e+00 +2.009646293e+00 -8.530353707e+00 -8.530353707e+00 -1.5924e+00 -2.3555e+00 -8.6424e-01
1632 +1.103489456e+00 +1.103489456e+00 -9.436510544e+00 -9.436510544e+00 -5.6433e-01 -2.7705e+00 -1.9199e+00
% function evaluation | noise-free fitness - Fopt (3.860100000000e+02) | best noise-free fitness - Fopt | measured fitness | best measured fitness | x1 | x2...
1 +5.593387752e+00 +5.593387752e+00 +3.916033878e+02 +3.916033878e+02 -2.4077e+00 -1.4521e+00 -2.0359e+00
118 +3.878613441e+00 +3.878613441e+00 +3.898886134e+02 +3.898886134e+02 +8.6824e-01 -2.4627e+00 -7.0929e-01
1852 +2.483987494e+00 +2.483987494e+00 +3.884939875e+02 +3.884939875e+02 +1.8687e+00 +1.8639e-02 -2.6763e+00
3393 +1.463007656e+00 +1.463007656e+00 +3.874730077e+02 +3.874730077e+02 +1.9244e+00 -1.4720e+00 -2.2710e+00
% function evaluation | noise-free fitness - Fopt (-1.257000000000e+01) | best noise-free fitness - Fopt | measured fitness | best measured fitness | x1 | x2...
1 +1.087884490e+04 +1.087884490e+04 +1.086627490e+04 +1.086627490e+04 -1.8039e+00 +4.1873e+00 +1.4438e+00
5 +7.857006364e+03 +7.857006364e+03 +7.844436364e+03 +7.844436364e+03 +1.6450e+00 +1.7082e-01 -4.1143e+00
18 +2.834779616e+03 +2.834779616e+03 +2.822209616e+03 +2.822209616e+03 -3.9226e+00 +1.7285e+00 -3.0343e+00
19 +4.323631168e+02 +4.323631168e+02 +4.197931168e+02 +4.197931168e+02 -3.4523e+00 +3.9389e+00 -5.0123e-01
27 +2.656433765e+02 +2.656433765e+02 +2.530733765e+02 +2.530733765e+02 -2.6429e+00 +2.5421e-01 -1.4911e+00
54 +1.023638064e+02 +1.023638064e+02 +8.979380641e+01 +8.979380641e+01 +2.8151e+00 +9.7140e-01 -8.1113e-01
72 +4.200812552e+00 +4.200812552e+00 -8.369187448e+00 -8.369187448e+00 +1.2898e+00 +1.3524e+00 -1.8899e+00
170 +3.566387830e+00 +3.566387830e+00 -9.003612170e+00 -9.003612170e+00 -5.4027e-01 +1.5167e+00 -1.4211e+00
505 +2.146580027e+00 +2.146580027e+00 -1.042341997e+01 -1.042341997e+01 +1.7871e+00 +2.2162e+00 -1.7184e+00
% function evaluation | noise-free fitness - Fopt (-1.270400000000e+02) | best noise-free fitness - Fopt | measured fitness | best measured fitness | x1 | x2...
1 +7.398099023e+04 +7.398099023e+04 +7.385395023e+04 +7.385395023e+04 +1.9800e+00 +3.2075e+00 -1.7733e+00
2 +2.474302286e+04 +2.474302286e+04 +2.461598286e+04 +2.461598286e+04 -2.7449e+00 -9.1615e-01 -1.5394e+00
8 +1.541165168e+03 +1.541165168e+03 +1.414125168e+03 +1.414125168e+03 -2.4673e+00 -3.3375e+00 +1.3609e+00
24 +3.912732890e+00 +3.912732890e+00 -1.231272671e+02 -1.231272671e+02 +4.7159e-01 -6.6293e-01 +1.4788e+00
3303 +2.313224221e+00 +2.313224221e+00 -1.247267758e+02 -1.247267758e+02 -2.1039e+00 -5.2929e-01 +1.9191e+00
% function evaluation | noise-free fitness - Fopt (-3.752000000000e+01) | best noise-free fitness - Fopt | measured fitness | best measured fitness | x1 | x2...
1 +1.488096953e+05 +1.488096953e+05 +1.487721753e+05 +1.487721753e+05 -1.8523e+00 +4.1440e+00 +3.2996e+00
2 +2.221427485e+04 +2.221427485e+04 +2.217675485e+04 +2.217675485e+04 -3.9074e+00 +3.0539e+00 -3.8516e+00
3 +8.717006394e+03 +8.717006394e+03 +8.679486394e+03 +8.679486394e+03 +4.2548e-01 -1.0375e+00 +5.6034e-01
10 +2.191871563e+03 +2.191871563e+03 +2.154351563e+03 +2.154351563e+03 +1.3282e-01 -4.1349e+00 -1.2822e-01
16 +6.623697406e+02 +6.623697406e+02 +6.248497406e+02 +6.248497406e+02 -3.0832e+00 -2.4882e+00 -1.9217e-01
20 +1.612458318e+02 +1.612458318e+02 +1.237258318e+02 +1.237258318e+02 +3.1249e+00 -1.0264e+00 -1.5894e+00
23 +7.994184838e+01 +7.994184838e+01 +4.242184838e+01 +4.242184838e+01 +2.9318e+00 -9.6957e-01 -2.0053e+00
28 +4.332006082e+00 +4.332006082e+00 -3.318799392e+01 -3.318799392e+01 +7.8943e-01 -1.5176e+00 -1.6110e+00
157 +3.401263506e+00 +3.401263506e+00 -3.411873649e+01 -3.411873649e+01 +8.5472e-01 -2.3179e+00 -1.5754e+00
471 +2.459476871e+00 +2.459476871e+00 -3.506052313e+01 -3.506052313e+01 -2.5230e+00 -3.1833e+00 -1.7361e+00
% function evaluation | noise-free fitness - Fopt (-3.311600000000e+02) | best noise-free fitness - Fopt | measured fitness | best measured fitness | x1 | x2...
1 +3.244741085e+03 +3.244741085e+03 +2.913581085e+03 +2.913581085e+03 -6.3725e-01 -4.6142e+00 -9.0056e-01
6 +4.260256877e+00 +4.260256877e+00 -3.268997431e+02 -3.268997431e+02 +7.5731e-02 -1.9168e+00 -1.6680e+00
328 +3.779268287e+00 +3.779268287e+00 -3.273807317e+02 -3.273807317e+02 -2.5391e+00 -1.6997e+00 -1.2754e+00
556 +2.038410421e+00 +2.038410421e+00 -3.291215896e+02 -3.291215896e+02 -1.4071e+00 -1.3944e+00 -2.3270e+00
% function evaluation | noise-free fitness - Fopt (4.481000000000e+01) | best noise-free fitness - Fopt | measured fitness | best measured fitness | x1 | x2...
1 +2.731609707e+04 +2.731609707e+04 +2.736090707e+04 +2.736090707e+04 +8.9540e-01 +4.1290e+00 -2.4021e+00
2 +1.243152273e+03 +1.243152273e+03 +1.287962273e+03 +1.287962273e+03 -3.1804e+00 +2.9593e+00 +3.5201e-01
9 +2.830900685e+02 +2.830900685e+02 +3.279000685e+02 +3.279000685e+02 -3.3377e+00 -7.6757e-01 +2.1146e+00
26 +5.726234477e+00 +5.726234477e+00 +5.053623448e+01 +5.053623448e+01 -2.5231e+00 -5.3062e-01 +2.3044e+00
27 +3.785698296e+00 +3.785698296e+00 +4.859569830e+01 +4.859569830e+01 +6.5302e-02 +2.6331e+00 +1.7841e+00
1698 +1.838503299e+00 +1.838503299e+00 +4.664850330e+01 +4.664850330e+01 +6.9915e-01 +8.1474e-01 +2.3868e+00
3866 +1.558728605e+00 +1.558728605e+00 +4.636872860e+01 +4.636872860e+01 -2.0808e+00 +1.5177e+00 +2.3240e+00
4779 +8.531664322e-01 +8.531664322e-01 +4.566316643e+01 +4.566316643e+01 -9.4439e-01 +2.4179e+00 +2.0342e+00
% function evaluation | noise-free fitness - Fopt (-1.764600000000e+02) | best noise-free fitness - Fopt | measured fitness | best measured fitness | x1 | x2...
1 +5.220385848e+03 +5.220385848e+03 +5.043925848e+03 +5.043925848e+03 -2.3219e+00 -9.2847e-01 -2.8611e-01
2 +1.488519451e+03 +1.488519451e+03 +1.312059451e+03 +1.312059451e+03 +3.3268e+00 -1.0509e-01 -2.4865e+00
3 +2.218226932e+00 +2.218226932e+00 -1.742417731e+02 -1.742417731e+02 +7.6655e-01 +2.7893e+00 -2.0084e+00
2514 +1.079601872e+00 +1.079601872e+00 -1.753803981e+02 -1.753803981e+02 -2.1385e+00 +5.2479e-01 -2.5003e+00
