% function evaluation | noise-free fitness - Fopt (7.627000000000e+01) | best noise-free fitness - Fopt | measured fitness | best measured fitness | x1 | x2...
1 +6.100334158e+06 +6.100334158e+06 +6.100410428e+06 +6.100410428e+06 -2.4842e+00 +3.4137e+00 +6.6848e-01 +4.5302e+00 +4.3400e+00 -4.3799e+00 +8.1122e-01 -4.8681e+00 +2.1508e+00 -4.8213e+00 -3.6296e+00 +4.0869e+00 +4.1984e+00 -3.8362e+00 +1.2272e+00 -1.6622e+00 -3.0594e-01 +1.9789e+00 -9.5517e-01 -4.2393e+00
2 +4.860329557e+05 +4.860329557e+05 +4.861092257e+05 +4.861092257e+05 -2.5145e+00 +2.8482e-01 -3.0773e+00 -2.7671e+00 -3.2903e+00 -4.0879e+00 -2.5263e+00 -3.2313e+00 -1.3618e+00 -4.1640e+00 +3.7674e+00 +6.6535e-01 -4.1512e+00 +2.7673e+00 -2.6373e+00 -3.1659e-01 -3.6026e+00 +4.0969e+00 +1.0326e+00 -3.1595e+00
11 +1.569317871e+05 +1.569317871e+05 +1.570080571e+05 +1.570080571e+05 +2.0261e+00 +4.0104e+00 -4.3523e+00 +3.7478e+00 -2.3127e+00 +1.3458e+00 -4.8214e-01 -4.8031e+00 -4.6158e+00 -2.4995e+00 +1.9016e+00 -3.2754e+00 +4.2238e+00 +6.2788e-01 +4.0015e+00 -4.6124e+00 -1.4816e+00 +4.2553e+00 -8.5950e-03 +4.1912e+00
21 +5.763675846e+04 +5.763675846e+04 +5.771302846e+04 +5.771302846e+04 -1.0943e+00 -1.1940e+00 -4.0543e+00 +4.4301e+00 +2.9058e+00 -3.2333e+00 -5.3794e-01 -1.2193e+00 -3.0735e+00 +2.0719e+00 -7.1989e-01 +2.1394e+00 -2.2412e+00 +9.9574e-01 +3.0181e-01 +2.2328e+00 +1.8603e+00 +2.4558e+00 +7.8135e-02 -4.5577e+00
43 +1.349488394e+04 +1.349488394e+04 +1.357115394e+04 +1.357115394e+04 -3.6804e+00 -6.5502e-01 -4.3041e+00 +4.1829e+00 -3.5808e+00 +2.8988e+00 +1.4278e+00 -4.2019e+00 -6.6627e-01 -2.0662e+00 -2.5685e+00 -1.0778e+00 -1.2762e+00 +2.1749e+00 +4.3209e+00 +6.7053e-02 -7.3014e-01 -4.3435e+00 -4.7099e+00 +4.1412e+00
47 +1.551127688e+03 +1.551127688e+03 +1.627397688e+03 +1.627397688e+03 -3.2818e+00 +5.3034e-01 +9.6229e-01 -4.4942e+00 -3.9017e+00 +3.4440e+00 +8.3086e-01 -4.4774e-01 +3.8415e+00 +3.7946e+00 +1.2048e-01 +8.4525e-01 +3.2892e+00 -2.4865e+00 +1.5432e+00 +8.2953e-01 -2.4653e+00 -1.1300e+00 +2.0913e+00 -4.7431e+00
203 +8.854360090e+02 +8.854360090e+02 +9.617060090e+02 +9.617060090e+02 -4.8818e-01 +4.9052e+00 -4.1780e+00 +2.5129e+00 -2.7502e+00 -2.7445e+00 -4.3469e+00 -3.4494e+00 -4.3075e+00 +3.4928e+00 +1.7857e+00 -6.0593e-01 +3.7346e+00 -1.3899e+00 -2.8647e+00 +2.9135e-01 +2.7460e+00 -3.4333e+00 -9.7590e-01 +1.1598e-02
208 +2.950867493e+02 +2.950867493e+02 +3.713567493e+02 +3.713567493e+02 +3.1995e+00 -2.3235e+00 -1.2108e+00 -9.7823e-01 -1.8387e+00 -1.9154e+00 -1.1582e+00 +3.3960e+00 -9.2257e-01 +3.7811e+00 -9.1402e-01 +1.2995e+00 -3.9176e+00 -4.0866e+00 -3.2689e+00 -1.9667e+00 -3.0655e+00 -2.5517e+00 +4.2056e+00 +3.3685e+00
1220 +2.243284398e+02 +2.243284398e+02 +3.005984398e+02 +3.005984398e+02 -1.4808e+00 -1.3320e+00 +1.8923e+00 -3.5844e+00 -9.1941e-02 -4.2538e+00 -1.3763e+00 -4.4360e+00 -2.7333e+00 +1.3645e+00 -1.4194e-01 +1.5314e-01 -2.0830e+00 +2.5688e+00 +1.8067e+00 +2.5874e+00 +4.7169e+00 -1.6840e+00 +4.4202e+00 +4.9913e+00
% function evaluation | noise-free fitness - Fopt (-2.255000000000e+01) | best noise-free fitness - Fopt | measured fitness | best measured fitness | x1 | x2...
1 +9.028946729e+06 +9.028946729e+06 +9.028924179e+06 +9.028924179e+06 -3.4773e+00 +3.9019e-01 -3.3205e-01 +1.1714e-01 -3.3871e+00 -3.4927e+00 +1.0309e+00 +7.8884e-01 -4.6892e+00 -3.6967e+00 -4.2352e+00 -9.3462e-01 -1.9275e+00 +1.1786e+00 -8.3512e-01 +1.5851e+00 +3.7872e+00 +3.0467e+00 +2.5414e+00 +1.7145e+00
3 +2.962057129e+06 +2.962057129e+06 +2.962034579e+06 +2.962034579e+06 -3.0914e+00 +1.3913e+00 -2.2007e+00 -4.2720e+00 -1.7199e+00 +4.4272e+00 -3.0572e+00 -2.3790e-01 -2.1012e+00 -5.2996e-01 +8.0861e-01 -4.4044e+00 +3.5482e+00 +9.6471e-01 +4.3991e+00 -3.9845e+00 -6.0023e-01 +1.4856e+00 -2.4754e+00 -3.3058e+00
4 +2.326830180e+06 +2.326830180e+06 +2.326807630e+06 +2.326807630e+06 +1.7214e+00 -2.6069e+00 -2.6869e+00 -2.8220e+00 +1.2613e+00 -2.6023e+00 +7.1256e-01 +3.7901e+00 +2.4085e+00 +6.1693e-01 -8.7697e-01 +3.3503e+00 +7.9360e-01 -4.6419e+00 +3.4751e+00 +2.9510e+00 -1.0778e+00 -1.8446e+00 +4.1140e+00 +4.4214e+00
6 +4.581906925e+05 +4.581906925e+05 +4.581681425e+05 +4.581681425e+05 -2.5215e+00 -2.6249e+00 +1.4072e-01 +4.5950e+00 -3.7708e+00 +1.1135e+00 -1.3074e+00 -2.2132e+00 +1.3665e+00 -3.3778e+00 -1.1309e+00 +1.9079e+00 +4.5695e+00 +1.7188e+00 -4.9839e+00 -1.2647e+00 -4.4758e+00 -3.8168e+00 -1.6666e+00 +4.4584e+00
10 +4.976192708e+02 +4.976192708e+02 +4.750692708e+02 +4.750692708e+02 -4.4228e+00 +2.7887e+00 -2.9933e+00 +4.6202e+00 +7.9505e-02 +1.3388e+00 -2.8996e+00 +2.8428e+00 +3.4755e+00 +2.1743e+00 +2.4927e+00 +2.3062e+00 -4.4532e+00 +3.4988e+00 +4.1266e+00 -2.3079e+00 +9.4886e-01 +3.8276e+00 -2.6092e+00 -3.5961e+00
132 +2.793453806e+02 +2.793453806e+02 +2.567953806e+02 +2.567953806e+02 -1.4897e+00 +1.0261e+00 +2.1102e+00 +3.7149e+00 -4.4146e+00 +2.7976e+00 -4.6345e+00 -3.0764e+00 +2.6538e+00 -1.0548e+00 +2.3601e-01 -3.7294e+00 -1.6228e+00 -1.7683e-01 -5.5253e-01 -1.3758e+00 -3.5466e+00 +2.1701e+00 -1.9675e+00 +4.9478e-01
376 +2.314632620e+02 +2.314632620e+02 +2.089132620e+02 +2.089132620e+02 +4.1570e+00 -4.5339e+00 +1.8635e+00 +8.7584e-01 +3.8886e-01 -2.9077e+00 -3.3132e-01 -4.8302e+00 +4.5228e+00 -1.3047e+00 -1.8033e+00 -4.9507e-01 +3.1994e+00 -4.6370e+00 -4.4737e+00 +3.3690e+00 +2.5270e+00 +1.6842e+00 +2.0891e+00 -4.0172e+00
% function evaluation | noise-free fitness - Fopt (1.366000000000e+01) | best noise-free fitness - Fopt | measured fitness | best measured fitness | x1 | x2...
1 +1.895680627e+07 +1.895680627e+07 +1.895681993e+07 +1.895681993e+07 -3.9299e+00 -2.4950e+00 -4.8478e+00 +3.0669e+00 -2.2810e+00 +4.7802e+00 -1.0836e+00 +7.6539e-01 +2.7376e+00 -2.1426e+00 -1.8157e+00 -1.0070e+00 -7.6601e-01 -3.7779e+00 -3.7238e+00 -3.2814e+00 -4.6751e+00 +4.1388e-01 +7.3667e-01 -1.3788e+00
2 +8.328772224e+06 +8.328772224e+06 +8.328785884e+06 +8.328785884e+06 -3.2914e+00 -4.2945e+00 -4.0970e+00 +1.2621e+00 +4.0286e+00 -3.0634e+00 +1.2451e+00 -3.8983e+00 +3.3954e+00 +2.5831e+00 -2.1279e+00 -2.5281e+00 -1.3447e+00 +1.2242e+00 -3.7074e+00 -3.2537e+00 +4.0904e+00 +1.1097e+00 -5.3062e-01 +2.0152e-01
4 +3.076022904e+06 +3.076022904e+06 +3.076036564e+06 +3.076036564e+06 +9.6775e-01 +9.0044e-01 -1.9444e+00 -1.5161e+00 -2.6376e+00 +4.5546e+00 -3.6465e+00 -4.1326e+00 +3.6136e+00 -1.8115e+00 -1.4987e+00 -3.8579e+00 +2.2286e+00 +3.7461e+00 -1.6513e+00 +3.1285e+00 -1.4136e-01 +1.1236e+00 -1.8692e+00 +7.7249e-01
5 +2.209328264e+06 +2.209328264e+06 +2.209341924e+06 +2.209341924e+06 +3.0452e-01 -1.9715e+00 +4.5393e+00 +3.4051e+00 -1.9753e+00 -1.5309e+00 +4.8410e+00 -1.8177e+00 +2.4004e+00 -2.0436e-01 +3.6351e+00 +2.3186e+00 -1.8521e+00 -2.1062e+00 +6.1074e-01 +2.0457e+00 +3.1381e-02 +4.8984e+00 +2.0851e+00 -5.1380e-01
13 +8.793061984e+05 +8.793061984e+05 +8.793198584e+05 +8.793198584e+05 -4.6413e-01 +4.9615e+00 +1.7109e+00 -9.4263e-01 -1.3354e+00 -3.0632e+00 -2.6029e+00 +2.5887e+00 +3.8186e-01 -1.5671e+00 -3.5501e+00 -2.8305e+00 +1.8334e+00 -3.3589e+00 +9.3932e-02 -8.7822e-01 -8.7088e-01 +6.1292e-01 +3.6595e+00 -4.6627e+00
20 +2.372913093e+05 +2.372913093e+05 +2.373049693e+05 +2.373049693e+05 -9.3585e-02 -1.1761e+00 -1.4990e+00 -2.0304e+00 -2.5438e+00 +2.8898e+00 -4.1437e+00 -3.9270e+00 +2.2004e+00 +2.2031e+00 -1.5375e+00 -5.3855e-01 +4.7773e+00 +3.2140e-01 +4.3770e+00 -3.5397e+00 +2.4376e+00 +4.3181e-01 +1.1511e+00 +2.4360e+00
23 +4.490481751e+03 +4.490481751e+03 +4.504141751e+03 +4.504141751e+03 -4.8216e+00 -2.8217e+00 -1.0209e+00 -3.3257e+00 -4.2739e+00 -3.5750e-01 -1.9784e+00 -6.2576e-01 -1.9261e+00 +8.1391e-01 +2.3764e+00 -3.9032e+00 -4.1597e+00 +3.2959e+00 -4.2080e+00 +4.9595e+00 +2.9781e-01 -2.8924e+00 -4.2055e+00 -8.7141e-01
37 +6.409831916e+02 +6.409831916e+02 +6.546431916e+02 +6.546431916e+02 -4.8935e+00 -6.9385e-02 -3.7297e+00 -1.3132e+00 +2.2785e+00 +4.2868e+00 -4.7738e+00 +2.0962e+00 +3.3097e-01 +2.2891e+00 -1.9347e+00 -1.7522e+00 -2.6671e+00 -4.7142e+00 +5.4361e-01 +3.1414e+00 -2.3115e+00 -4.4990e-01 -1.2268e+00 -2.2464e+00
87 +2.849215576e+02 +2.849215576e+02 +2.985815576e+02 +2.985815576e+02 +1.9161e-02 +1.7079e+00 -2.9317e+00 +3.5465e+00 -2.0508e-01 -1.7619e+00 +3.3915e-01 +4.8667e+00 +4.3133e+00 -4.3891e+00 +4.4501e+00 +3.9885e+00 +3.8255e+00 +4.1537e+00 -1.5888e-01 -3.5084e+00 -4.9888e+00 -2.3689e+00 -3.1504e+00 -4.4636e+00
1410 +1.726041304e+02 +1.726041304e+02 +1.862641304e+02 +1.862641304e+02 +5.8766e-01 +4.5285e+00 +8.9785e-03 -7.0747e-01 +1.8451e+00 +4.9725e-01 +9.2701e-01 -2.8471e+00 -6.4335e-01 +2.5184e-05 -2.5144e+00 -3.6463e+00 +2.8673e+00 +4.6782e-01 +1.9078e+00 +3.4354e+00 -1.6703e+00 -8.2518e-01 +1.3303e+00 +2.4760e+00
% function evaluation | noise-free fitness - Fopt (9.378400000000e+02) | best noise-free fitness - Fopt | measured fitness | best measured fitness | x1 | x2...
1 +6.908695159e+05 +6.908695159e+05 +6.918073559e+05 +6.918073559e+05 +7.9395e-01 -4.9507e+00 +8.3747e-01 -4.8341e+00 +3.2801e+00 -2.2661e+00 +2.1935e+00 -9.2560e-01 -3.0505e+00 -3.4328e+00 -8.2790e-01 +2.8544e+00 -1.4543e+00 +3.8007e+00 -4.4659e+00 +1.3598e+00 -3.4002e+00 +2.2594e-01 -4.8397e+00 +4.2845e+00
5 +1.936969165e+05 +1.936969165e+05 +1.946347565e+05 +1.946347565e+05 -4.0419e+00 -8.6435e-01 -1.4240e+00 -1.1596e+00 +1.6624e+00 -9.6108e-01 -2.1027e+00 -2.5871e+00 +3.4614e+00 +1.1573e+00 +2.6103e+00 +1.6836e+00 +6.8168e-02 +2.6275e+00 -3.8235e+00 +4.1534e+00 -2.6345e+00 +3.7997e+00 -2.8084e+00 -4.3168e+00
13 +4.710322832e+04 +4.710322832e+04 +4.804106832e+04 +4.804106832e+04 -3.5809e+00 -1.5870e-01 -3.8316e+00 -3.7091e+00 -2.3271e+00 -1.8814e+00 +2.2871e+00 -4.8023e+00 +4.9859e+00 +2.3872e+00 -2.5014e+00 +2.0404e+00 -6.1129e-01 -4.0304e+00 -2.6651e+00 +1.6204e+00 -4.4651e+00 -2.4176e+00 +3.4625e+00 +2.3184e+00
23 +1.828862716e+04 +1.828862716e+04 +1.922646716e+04 +1.922646716e+04 -1.7677e+00 +2.9273e+00 +3.3536e+00 +1.8639e+00 +6.2915e-01 +4.1755e+00 +3.4200e+00 -2.1518e+00 -2.5185e+00 +9.6063e-01 +2.9072e-01 -3.1667e+00 +6.7345e-02 -2.7622e+00 -6.9426e-01 +9.7119e-01 -4.2471e+00 +4.0962e+00 +4.0991e+00 -3.9839e+00
39 +1.384631624e+04 +1.384631624e+04 +1.478415624e+04 +1.478415624e+04 +2.2763e+00 +3.6991e+00 -2.9760e+00 -2.0427e+00 -4.9784e+00 -3.0319e+00 -4.8194e+00 +6.4607e-01 -3.5847e-01 -2.8010e+00 +1.4882e+00 +4.6641e+00 +2.7533e+00 -9.3595e-01 +4.2007e+00 +3.5456e+00 +1.3736e+00 -8.3259e-01 +2.6243e+00 +3.1847e+00
75 +3.319197516e+03 +3.319197516e+03 +4.257037516e+03 +4.257037516e+03 +2.5418e+00 +1.8147e+00 +1.3334e+00 -1.1582e+00 -7.2198e-01 +3.4348e+00 +9.2148e-01 -3.1495e+00 -4.4841e+00 +2.1003e+00 -4.1827e+00 -6.5440e-02 -4.3938e-01 -2.3822e-01 +3.8829e+00 +3.7340e-01 +1.6506e+00 -4.0606e+00 +2.5241e+00 -1.3969e+00
77 +9.602015780e+02 +9.602015780e+02 +1.898041578e+03 +1.898041578e+03 +5.1502e-01 +4.3145e+00 +5.0161e-01 -4.2338e+00 -2.4342e+00 -4.2109e+00 -4.8229e+00 -2.7244e+00 +1.9271e+00 +1.8884e+00 -4.8925e+00 +4.3153e+00 +1.2344e-01 -4.5233e+00 -2.2017e+00 +1.4455e+00 +4.0830e+00 +2.8824e+00 -3.9103e+00 +2.6845e+00
304 +4.359049655e+02 +4.359049655e+02 +1.373744966e+03 +1.373744966e+03 -1.1099e+00 +3.4480e+00 -4.9724e+00 +2.4762e+00 -3.8924e+00 -4.0058e+00 +1.8112e+00 -2.5858e+00 -1.1594e-01 -4.0040e+00 +4.7391e+00 +4.7506e+00 -4.8118e+00 +4.2609e+00 +2.8898e+00 -3.3810e-01 -3.7657e+00 -3.7929e+00 -4.5604e+00 -2.4259e+00
1408 +2.243746771e+02 +2.243746771e+02 +1.162214677e+03 +1.162214677e+03 +3.2493e+00 -2.3112e+00 +1.8208e+00 +1.3119e+00 +3.9769e+00 +1.1286e+00 -3.0729e-01 +1.1733e+00 +7.5421e-01 -4.5439e+00 -4.1610e+00 +5.0306e-02 +1.6403e+00 -5.7451e-01 -1.4580e-01 +4.4560e+00 +2.5653e+00 +1.0729e+00 -2.1566e+00 +2.9127e+00
% function evaluation | noise-free fitness - Fopt (-7.872000000000e+01) | best noise-free fitness - Fopt | measured fitness | best measured fitness | x1 | x2...
1 +5.358804205e+04 +5.358804205e+04 +5.350932205e+04 +5.350932205e+04 +3.4002e+00 -3.6419e+00 +2.9693e+00 -1.3259e+00 +2.7663e+00 -3.6312e+00 +1.2813e+00 -3.4208e+00 -3.6534e+00 -3.7478e-02 +4.1736e+00 -3.8422e+00 +1.8264e+00 -4.8233e+00 -1.5405e+00 -9.3625e-01 +1.1484e+00 -4.3932e+00 +2.2203e+00 +1.5797e+00
10 +3.574971398e+03 +3.574971398e+03 +3.496251398e+03 +3.496251398e+03 -2.2836e+00 +3.3362e+00 -1.0054e+00 -2.3922e+00 +3.7181e+00 -1.6638e+00 -4.0010e+00 +4.4992e+00 -3.7826e+00 +2.2269e+00 +1.3674e+00 -3.7018e+00 -2.9831e+00 -6.0238e-01 -2.3108e+00 -3.2680e+00 -3.4281e+00 -4.1191e+00 +4.9100e+00 +1.0438e+00
149 +1.496137883e+03 +1.496137883e+03 +1.417417883e+03 +1.417417883e+03 +2.7752e+00 +3.0746e+00 +4.9858e+00 -1.4847e+00 -4.7906e+00 -2.2579e+00 -3.8948e+00 -2.2021e+00 +1.0438e+00 +2.3638e+00 +5.1700e-02 -1.2295e+00 -1.5878e+00 -8.5349e-01 +2.0086e+00 -4.2141e+00 -3.8203e+00 -7.3216e-01 +3.3898e+00 +1.3630e+00
198 +5.369962988e+02 +5.369962988e+02 +4.582762988e+02 +4.582762988e+02 -2.1059e+00 +9.7592e-01 +6.5178e-01 +3.3455e+00 +3.7893e+00 +2.4276e+00 +3.8311e+00 +3.6571e+00 +1.5698e+00 +3.6214e-01 -3.9576e+00 -2.0648e+00 +4.7998e+00 -1.0723e+00 -3.4623e+00 -8.9155e-01 +2.4472e+00 +4.9190e+00 -4.6631e+00 +7.2872e-01
766 +3.538526287e+02 +3.538526287e+02 +2.751326287e+02 +2.751326287e+02 -2.8338e+00 -1.5617e+00 -4.9979e+00 -3.5018e+00 -4.4051e+00 -1.7014e+00 +5.8519e-01 -2.7021e+00 -4.6054e+00 -4.6588e+00 -4.9797e+00 +2.8393e+00 -3.2640e+00 +1.8559e+00 +7.2805e-01 -2.5352e+00 -2.7901e-02 +4.3372e+00 -2.5598e+00 +2.8469e+00
3379 +2.404337433e+02 +2.404337433e+02 +1.617137433e+02 +1.617137433e+02 -3.0641e-01 -1.6583e+00 +8.8524e-02 -4.8639e-01 -3.4796e+00 +2.7129e+00 +4.4092e+00 +4.8318e+00 -2.4331e+00 +3.1314e+00 -1.2242e+00 -2.0365e-02 -1.1623e+00 -1.8847e+00 +4.7595e+00 +1.2712e+00 -1.7155e+00 -2.0500e+00 -3.4830e-01 -4.1564e+00
% function evaluation | noise-free fitness - Fopt (-5.984300000000e+02) | best noise-free fitness - Fopt | measured fitness | best measured fitness | x1 | x2...
1 +2.698076212e+06 +2.698076212e+06 +2.697477782e+06 +2.697477782e+06 -4.0292e+00 +1.7622e+00 -2.2672e+00 -4.9980e+00 -4.8249e+00 +6.0841e-01 +5.9309e-01 +4.0829e+00 -1.4547e+00 -1.0402e+00 +3.9472e+00 +2.7429e+00 +7.5756e-02 +5.8494e-01 -3.5957e+00 +1.3169e+00 +1.7092e-01 +3.4536e+00 +3.3030e+00 -4.3065e+00
3 +3.917188477e+03 +3.917188477e+03 +3.318758477e+03 +3.318758477e+03 +1.3291e+00 -3.8092e-01 -2.5576e+00 -1.3362e+00 -2.0347e+00 -4.1729e+00 -3.1143e+00 +3.8231e+00 -3.0203e+00 +3.9868e+00 +2.8467e+00 +1.0942e+00 +5.3676e-01 +2.1256e+00 +8.7389e-01 -3.4731e+00 +3.3349e+00 -2.6334e+00 -4.1187e+00 +7.4564e-01
187 +9.887794159e+02 +9.887794159e+02 +3.903494159e+02 +3.903494159e+02 +2.5195e+00 +1.8553e+00 +2.5321e+00 +8.6385e-01 -4.8869e+00 -2.1881e-01 +7.4327e-01 -1.1366e+00 +4.4091e+00 +6.6848e-01 +1.9073e+00 -2.2259e+00 -2.3402e+00 +3.0668e+00 +3.1627e+00 +6.7643e-01 +8.1075e-01 -1.8533e-01 -2.0357e-01 -3.3089e+00
325 +3.985703075e+02 +3.985703075e+02 -1.998596925e+02 -1.998596925e+02 -3.7047e+00 +1.3627e+00 -1.2248e+00 -3.4858e+00 +2.3934e-01 -2.4505e+00 +4.4874e+00 -1.5134e+00 +2.9138e+00 +1.3406e+00 +1.1969e+00 +1.0831e+00 +2.6688e-01 +1.0982e+00 +2.2492e+00 -4.7523e+00 -2.7302e+00 -2.4455e+00 +4.7700e+00 +1.2954e+00
815 +3.167413408e+02 +3.167413408e+02 -2.816886592e+02 -2.816886592e+02 -1.1496e+00 -1.4550e+00 -4.3103e+00 +2.1279e+00 -3.0650e+00 +3.4640e+00 -1.3409e+00 +1.8842e+00 -8.6845e-01 +3.5405e+00 +4.4350e+00 -1.0908e+00 -7.9469e-01 -6.7977e-01 +3.7950e+00 +1.6230e+00 -5.3235e-01 -2.2949e+00 +1.7723e+00 +2.4783e+00
% function evaluation | noise-free fitness - Fopt (-8.542000000000e+01) | best noise-free fitness - Fopt | measured fitness | best measured fitness | x1 | x2...
1 +2.271298246e+06 +2.271298246e+06 +2.271212826e+06 +2.271212826e+06 -3.8583e+00 -2.2701e+00 -1.8461e+00 +2.6379e-01 -3.4298e+00 +3.9731e+00 +3.0807e+00 -3.4150e+00 -2.3203e+00 +4.2982e+00 +3.5937e+00 -3.0282e+00 -9.6408e-02 -1.8745e+00 -2.9911e+00 -3.1009e+00 +2.9891e+00 +1.6730e+00 +9.8024e-01 +4.1190e+00
3 +1.509113422e+05 +1.509113422e+05 +1.508259222e+05 +1.508259222e+05 -4.9408e+00 -3.5676e+00 -3.8602e+00 +5.9882e-01 -2.2140e+00 -8.2945e-03 +3.3783e+00 +3.0988e-01 +2.0179e+00 +1.1539e+00 +1.3165e+00 -2.4243e+00 +5.5777e-01 +3.6572e+00 -4.7217e+00 -2.8378e+00 +4.2468e+00 +6.0931e-01 -3.8129e+00 -2.1639e+00
15 +4.248993265e+04 +4.248993265e+04 +4.240451265e+04 +4.240451265e+04 -6.8737e-01 -3.9978e+00 -1.0626e+00 -1.4712e+00 -9.0966e-01 +3.6279e+00 +2.8962e-01 +4.8096e+00 +3.6308e+00 +2.3591e+00 +3.6683e+00 -2.6618e+00 -2.6290e+00 -3.1208e+00 -4.7031e+00 +3.4236e+00 -1.5596e+00 +2.7571e+00 +9.8549e-01 -4.3075e+00
20 +1.701002314e+04 +1.701002314e+04 +1.692460314e+04 +1.692460314e+04 -3.6342e+00 -2.5529e+00 +2.4708e+00 +2.2723e+00 +3.6512e+00 -3.1511e+00 -3.1318e+00 -1.8636e+00 +2.0695e-01 -4.3625e+00 +1.5321e+00 +3.8614e+00 +5.9141e-02 -3.4539e+00 +4.1599e+00 -4.5787e+00 -4.5803e+00 -4.9122e+00 +4.2503e+00 -2.8433e+00
56 +2.245251958e+02 +2.245251958e+02 +1.391051958e+02 +1.391051958e+02 -2.9061e+00 +2.9838e+00 +4.1751e+00 +3.2380e+00 +2.5304e-01 -4.4928e+00 -2.1001e+00 -2.1316e-02 +1.8747e+00 +1.4771e+00 +4.6882e+00 +8.5400e-01 -4.2317e+00 -2.3839e-01 -3.4880e+00 -5.5224e-01 -3.4581e+00 -3.3171e+00 -4.6283e+00 +1.3773e-01
% function evaluation | noise-free fitness - Fopt (1.932500000000e+02) | best noise-free fitness - Fopt | measured fitness | best measured fitness | x1 | x2...
1 +2.780437260e+07 +2.780437260e+07 +2.780456585e+07 +2.780456585e+07 -2.9408e+00 -4.2469e+00 +6.3678e-01 +8.5486e-01 -3.5210e+00 -4.2010e+00 +4.3882e+00 -1.5818e+00 -2.6697e+00 -1.9818e+00 +4.4799e+00 -2.4149e+00 -3.9562e+00 -4.2080e+00 +3.7773e+00 +4.8269e+00 +4.8657e+00 +3.9448e+00 -1.0388e+00 -9.3463e-01
2 +1.122311484e+05 +1.122311484e+05 +1.124243984e+05 +1.124243984e+05 -4.8151e+00 +4.2646e-01 +4.1580e+00 -3.9085e+00 +3.7961e+00 +1.0487e+00 -1.6163e-01 -1.6948e+00 +4.7747e+00 +1.0375e+00 +3.2218e+00 -1.8578e+00 +2.5996e+00 +2.1985e-01 +3.1806e+00 +1.0467e+00 -4.2412e-02 +3.9446e+00 +2.2159e-02 -1.5615e+00
11 +4.354170789e+04 +4.354170789e+04 +4.373495789e+04 +4.373495789e+04 -4.4945e+00 -1.8235e+00 -4.5172e+00 -3.7003e+00 -4.0427e+00 -1.9900e+00 -2.3512e+00 +8.7136e-01 +4.8065e+00 +3.4901e+00 -2.3410e+00 -2.0522e+00 +4.8222e+00 +4.0253e+00 +4.5347e+00 +4.9629e+00 +4.3656e+00 +1.7669e+00 +4.7081e-01 -1.4196e+00
21 +1.079612298e+03 +1.079612298e+03 +1.272862298e+03 +1.272862298e+03 -2.0501e+00 +4.9545e+00 -1.6737e+00 -3.2951e+00 -7.9807e-01 +1.5575e+00 -7.9227e-02 +1.3665e+00 +2.4755e+00 -1.5142e+00 +2.7963e+00 -4.5173e+00 +3.8854e+00 -3.9452e+00 +4.4322e+00 +4.8841e+00 -3.0175e-01 +2.1695e+00 -3.6889e+00 +3.1603e+00
53 +7.318045176e+02 +7.318045176e+02 +9.250545176e+02 +9.250545176e+02 +3.9535e+00 +2.8484e-01 +1.3660e+00 +2.8550e+00 -2.5232e+00 -4.0046e+00 +2.0780e+00 -6.9984e-02 -3.6308e+00 -3.9124e+00 -1.8851e-01 +4.3666e+00 -2.1687e+00 -7.2813e-02 -3.1883e+00 -1.7971e+00 -2.3031e+00 +7.9188e-01 -7.8053e-01 -2.1511e+00
214 +3.789496315e+02 +3.789496315e+02 +5.721996315e+02 +5.721996315e+02 -4.7458e-01 +8.1825e-01 +2.2820e+00 +1.3091e+00 +2.7949e+00 +9.6121e-02 +5.2137e-01 -4.3512e+00 +3.5780e+00 -3.5749e+00 +3.4781e+00 -2.3535e+00 -3.2162e+00 -4.7932e-01 -7.6147e-01 +2.5077e+00 -4.9924e+00 +4.7577e+00 +2.2704e+00 -1.6215e+00
1647 +2.404559984e+02 +2.404559984e+02 +4.337059984e+02 +4.337059984e+02 -4.6674e+00 +4.1408e+00 +2.5614e-01 -2.7613e-01 -4.6974e+00 -2.9051e-01 +1.4624e+00 +2.2426e+00 +3.7495e-01 -2.7337e+00 +3.6830e+00 +3.1534e+00 +2.6516e+00 +3.7986e+00 +1.3252e+00 +3.1336e+00 -3.5735e+00 -4.5942e-01 +1.4938e+00 +1.2342e+00
% function evaluation | noise-free fitness - Fopt (-1.815000000000e+02) | best noise-free fitness - Fopt | measured fitness | best measured fitness | x1 | x2...
1 +5.114603041e+05 +5.114603041e+05 +5.112788041e+05 +5.112788041e+05 -2.3786e+00 +3.7167e+00 +1.9957e+00 -3.5557e+00 +1.0152e+00 -3.4988e+00 +2.2579e+00 -2.2743e-03 +4.6620e-01 +4.8301e+00 -1.6642e+00 +2.1527e+00 -3.6067e+00 -8.7824e-01 +4.1516e+00 +1.5761e+00 -3.8176e+00 +1.6091e+00 -1.3117e+00 +1.1320e+00
7 +4.632175862e+04 +4.632175862e+04 +4.614025862e+04 +4.614025862e+04 -4.7090e+00 +2.5299e+00 -3.8034e+00 +4.1913e+00 -4.2650e+00 -3.5734e+00 -2.8462e+00 +1.6622e+00 -4.0024e+00 -2.4229e+00 -9.0634e-01 +2.6403e-01 -3.9362e-01 -2.4094e+00 +3.4092e+00 +3.2930e+00 -4.8988e+00 -2.7669e+00 +3.5779e+00 -9.1753e-01
12 +8.685054478e+03 +8.685054478e+03 +8.503554478e+03 +8.503554478e+03 +3.0827e+00 -1.1796e+00 -2.8889e+00 +3.8802e+00 +2.8970e-01 +4.3999e+00 +1.7630e+00 +7.0414e-02 -2.5622e+00 -4.7897e+00 +4.9385e+00 -1.2170e+00 +4.7645e+00 -4.9788e-01 +1.4900e+00 -4.1162e+00 -3.9041e+00 +3.9024e-01 +2.1586e+00 +4.7237e+00
32 +9.162764366e+02 +9.162764366e+02 +7.347764366e+02 +7.347764366e+02 -2.0872e+00 -8.8662e-01 -2.1564e+00 +2.8005e+00 -3.9956e+00 +1.4267e+00 +1.9195e+00 +7.5624e-01 +7.9671e-01 +2.3088e+00 +4.6128e-01 +3.8489e+00 +4.5592e+00 -3.9359e+00 +2.7868e+00 +3.0131e+00 +2.5573e+00 -6.6212e-02 +3.1023e+00 -3.1942e+00
249 +2.624182696e+02 +2.624182696e+02 +8.091826961e+01 +8.091826961e+01 -3.3211e+00 -1.3169e+00 +3.5855e+00 -3.8049e+00 -5.8494e-01 +1.5931e+00 -1.6079e+00 -1.0522e+00 -4.1218e-01 +3.6795e+00 -2.0258e+00 +4.1203e+00 +1.6654e+00 +1.3883e+00 -7.7503e-01 +1.2323e+00 +4.4870e+00 -3.6889e+00 +2.0505e+00 +4.6170e-01
679 +2.289346205e+02 +2.289346205e+02 +4.743462045e+01 +4.743462045e+01 +4.8928e+00 +3.6504e+00 -1.8566e-01 +3.8003e+00 +1.4587e+00 +2.1796e+00 +7.4457e-01 +4.1466e-01 +3.5361e+00 +2.1094e+00 +3.5721e+00 +3.7909e-01 -3.7000e-01 +1.7830e+00 -2.6930e+00 -2.3336e+00 +4.8663e-01 -4.9179e+00 +1.6963e+00 +1.1128e+00
4089 +1.413114155e+02 +1.413114155e+02 -4.018858454e+01 -4.018858454e+01 +8.4830e-01 +1.4320e+00 -4.3958e+00 -4.8077e-01 -3.7842e+00 +4.0692e+00 +1.5984e-01 -1.7817e+00 -1.6358e+00 +3.6960e+00 -2.9751e+00 -2.1786e+00 +3.1608e-01 +4.3207e+00 +4.2254e+00 +5.7074e-01 +4.9997e+00 -2.0432e+00 -2.1236e+00 -1.9889e+00
% function evaluation | noise-free fitness - Fopt (4.526200000000e+02) | best noise-free fitness - Fopt | measured fitness | best measured fitness | x1 | x2...
1 +2.996325220e+05 +2.996325220e+05 +3.000851420e+05 +3.000851420e+05 -2.9418e+00 +4.2921e+00 -4.2423e-01 +4.8831e+00 -2.4001e+00 +2.1570e+00 -3.2358e-02 +2.9638e+00 -3.0270e+00 +2.7407e+00 +4.7505e+00 -2.2672e+00 -3.7226e+00 +1.4578e+00 +3.2036e+00 +1.0221e+00 -1.7738e+00 -3.6360e+00 -3.1301e-01 +4.3740e+00
35 +3.620098485e+03 +3.620098485e+03 +4.072718485e+03 +4.072718485e+03 +4.5762e+00 -1.1536e+00 -7.2347e-01 +2.9204e-01 -2.4161e+00 +4.1083e+00 -1.0942e+00 +2.7298e-01 -2.0425e+00 +9.7842e-02 -2.4635e+00 +2.4735e+00 -3.8697e+00 +3.9480e+00 +2.1822e+00 +2.7903e+00 +3.6556e+00 +3.0560e+00 +5.7215e-01 -3.9017e+00
65 +1.512604555e+03 +1.512604555e+03 +1.965224555e+03 +1.965224555e+03 -1.6668e+00 +3.4537e+00 -3.8513e+00 +2.2788e+00 +3.9768e+00 -1.0519e+00 +3.5648e+00 +1.7775e+00 -1.1113e+00 -2.3896e+00 -2.7661e+00 +2.3456e+00 -1.2706e+00 -8.2431e-01 -9.1586e-01 -4.0292e+00 +2.9453e+00 -1.1580e+00 +1.4332e+00 -4.6261e+00
118 +7.557136609e+02 +7.557136609e+02 +1.208333661e+03 +1.208333661e+03 -2.1823e+00 +4.1540e+00 -2.5154e+00 +2.8032e+00 +1.5615e+00 -2.4975e+00 -4.9789e+00 +4.5993e+00 +4.7938e+00 -5.1492e-01 +3.7484e+00 -2.9908e+00 +3.0217e+00 +2.7823e+00 -7.8162e-01 +4.1738e+00 +2.7192e+00 -2.3466e+00 +1.8465e+00 +7.5714e-01
746 +2.775697477e+02 +2.775697477e+02 +7.301897477e+02 +7.301897477e+02 -2.2015e+00 +4.0134e+00 +2.4457e+00 +1.0221e+00 -3.4617e+00 +3.5166e+00 -4.8507e-02 -4.7067e+00 -4.8684e+00 -1.2939e-01 +8.0895e-01 -4.5721e+00 -4.3472e-01 -9.1979e-02 -3.2798e+00 -4.3577e+00 -3.3457e+00 -2.8866e+00 +2.4184e-01 -4.8403e-01
773 +2.042287610e+02 +2.042287610e+02 +6.568487610e+02 +6.568487610e+02 +8.5913e-02 +3.7237e+00 +1.1736e+00 +1.3841e+00 -2.5442e-01 +3.4875e+00 -4.3659e+00 -2.2112e-01 -1.9675e+00 +2.3224e+00 +1.2284e+00 -3.0867e+00 +2.3285e+00 -8.2536e-01 +3.0478e+00 +2.2671e+00 -1.8841e+00 -1.7402e+00 -4.3610e+00 -5.1927e-03
% function evaluation | noise-free fitness - Fopt (-1.184600000000e+02) | best noise-free fitness - Fopt | measured fitness | best measured fitness | x1 | x2...
1 +7.485902821e+06 +7.485902821e+06 +7.485784361e+06 +7.485784361e+06 +9.1360e-02 -4.9050e-01 +3.2206e+00 -1.3921e+00 -4.9609e+00 -4.8846e+00 -2.1803e+00 -1.9509e+00 -1.4697e+00 +5.0461e-01 -3.7280e+00 +6.7079e-01 +3.1907e+00 -9.3858e-01 -2.9457e+00 +3.3126e+00 -2.2230e+00 +4.5363e+00 -4.5698e+00 +2.9108e+00
10 +2.764177331e+06 +2.764177331e+06 +2.764058871e+06 +2.764058871e+06 -2.0218e+00 -3.9816e+00 +3.6092e+00 -4.2695e+00 -1.7602e+00 +2.8783e+00 -2.3157e+00 -4.3658e+00 -3.9596e+00 -2.5473e+00 -2.4107e+00 +4.5173e+00 -2.8042e+00 -3.4387e+00 +1.9914e-01 +1.0169e+00 +3.1330e+00 -1.3310e-01 -1.2923e+00 -4.3236e+00
28 +1.963664766e+06 +1.963664766e+06 +1.963546306e+06 +1.963546306e+06 +7.0585e-02 -3.0465e+00 +3.6843e+00 -4.6237e+00 +4.0632e+00 +3.6219e+00 +1.5008e+00 -1.7637e+00 -2.3693e+00 +2.0229e-01 -1.1926e+00 +4.1242e+00 +4.7163e+00 -4.4324e+00 -1.8956e+00 -1.5808e+00 -5.1112e-01 +4.6752e-02 +1.8063e+00 -1.2029e+00
49 +4.472985486e+04 +4.472985486e+04 +4.461139486e+04 +4.461139486e+04 +2.0437e+00 -1.8436e+00 +3.3311e+00 -1.1733e+00 -3.7392e+00 +3.1287e+00 -2.8250e+00 +2.5744e+00 -3.7075e+00 -3.0366e+00 -3.6678e+00 +2.0873e+00 -4.4886e+00 +2.0962e+00 -4.3555e+00 -1.1898e-01 +1.3421e+00 -9.2376e-01 +1.3448e+00 -4.7503e+00
154 +1.691788493e+04 +1.691788493e+04 +1.679942493e+04 +1.679942493e+04 +4.3796e+00 -4.4277e+00 +8.7975e-01 +2.2608e+00 -3.1202e+00 -4.0152e+00 -1.5209e+00 -1.7641e+00 +3.6143e+00 -3.5836e+00 +3.4636e+00 +1.5920e+00 +4.4457e+00 +2.5711e+00 -1.9654e+00 -9.4154e-01 -1.5661e+00 +1.3938e+00 -7.3579e-01 +2.1507e+00
183 +1.227916152e+04 +1.227916152e+04 +1.216070152e+04 +1.216070152e+04 -4.1595e+00 -1.7818e+00 +1.7415e+00 +2.2488e+00 -3.8331e+00 +1.7747e+00 -3.7872e+00 +2.3508e+00 -1.6160e+00 -4.6047e+00 +1.3467e+00 +3.8076e+00 +4.8641e+00 +4.4347e-02 -2.2380e+00 +2.7209e+00 +9.1167e-01 +2.5255e+00 -2.3549e-01 +3.5074e+00
351 +1.439821364e+03 +1.439821364e+03 +1.321361364e+03 +1.321361364e+03 +3.8307e+00 -4.1868e+00 -3.8456e-01 -4.5001e+00 -1.5314e+00 +2.5826e+00 -2.6910e+00 +1.6657e+00 +2.7736e+00 -4.9783e-01 +3.6056e+00 +4.7100e+00 +1.2569e+00 -3.0647e+00 -4.2089e+00 +1.4610e+00 -1.9927e+00 -3.1431e+00 +8.3045e-01 +3.9487e+00
607 +3.935609674e+02 +3.935609674e+02 +2.751009674e+02 +2.751009674e+02 -6.1887e-01 +1.0130e+00 +2.5903e+00 -3.0168e+00 +3.1635e-01 -3.3999e+00 -2.1170e+00 -3.7766e+00 -4.8350e-01 -4.9464e+00 +2.1044e+00 +2.7757e+00 +3.2905e+00 +7.7864e-01 -4.8101e+00 +4.6504e+00 -3.0937e+00 +3.0955e+00 -2.1659e+00 -4.2014e+00
% function evaluation | noise-free fitness - Fopt (9.973000000000e+01) | best noise-free fitness - Fopt | measured fitness | best measured fitness | x1 | x2...
1 +2.529176088e+07 +2.529176088e+07 +2.529186061e+07 +2.529186061e+07 -1.6530e+00 -3.3468e+00 +7.1858e-01 -2.4351e+00 -2.6506e+00 -2.0956e+00 +8.5003e-01 +4.6168e+00 +1.8384e+00 +4.6969e+00 -4.3497e+00 +1.3448e+00 +3.7846e+00 -3.6655e+00 +2.6939e+00 +1.9104e+00 +3.9263e+00 -4.8734e+00 +1.0391e+00 +8.4230e-01
2 +2.588794783e+06 +2.588794783e+06 +2.588894513e+06 +2.588894513e+06 +3.1477e-02 -2.8897e+00 +1.1772e+00 -8.0796e-01 +1.2955e+00 +2.9882e+00 +3.7168e+00 -6.7923e-01 +2.7719e-01 -1.3218e+00 +4.4105e+00 +2.9618e+00 -5.4757e-01 +1.0497e+00 +2.6817e+00 -8.6306e-01 -2.6883e+00 +1.0450e+00 -1.3439e+00 -2.3959e+00
4 +1.326673893e+05 +1.326673893e+05 +1.327671193e+05 +1.327671193e+05 -1.6953e-01 +2.5034e+00 +4.1129e+00 -6.5860e-01 +3.6867e+00 +4.1035e-01 -2.4182e-02 -3.1406e+00 -1.3045e+00 +4.9183e+00 -2.8390e+00 +1.7132e+00 +3.6976e+00 +4.4142e+00 -4.4397e+00 +1.3072e+00 +3.1828e+00 +3.5125e+00 +3.9585e+00 +3.7400e+00
18 +2.957898623e+03 +2.957898623e+03 +3.057628623e+03 +3.057628623e+03 +4.7315e+00 -4.5864e+00 -3.6858e+00 -3.9431e+00 +1.2106e+00 +4.3217e+00 +5.3608e-01 +6.3225e-01 -1.3229e+00 -2.1773e+00 +2.2515e-01 +4.9529e+00 -4.1257e-01 +1.5803e+00 +3.9404e+00 -3.0427e+00 -8.8305e-01 +4.5758e+00 +1.2279e+00 -4.7782e+00
139 +1.904829322e+03 +1.904829322e+03 +2.004559322e+03 +2.004559322e+03 -1.6459e+00 -3.0299e+00 +3.5024e+00 +3.5703e+00 +4.7263e+00 -1.1846e+00 -1.0352e+00 -5.4752e-01 -6.4446e-01 +2.4445e+00 +3.3530e+00 -6.2360e-01 -1.8313e+00 +4.8856e+00 -5.4596e-02 +6.0901e-01 +1.5772e+00 +2.3445e+00 -2.1496e+00 +3.5759e-01
358 +1.384462963e+03 +1.384462963e+03 +1.484192963e+03 +1.484192963e+03 +4.6294e+00 -2.5567e+00 +3.2940e+00 +2.5749e+00 +4.4605e+00 +2.1315e-01 -3.7562e+00 -8.5135e-01 -1.1869e+00 -4.5472e+00 +4.7354e-01 +3.9437e+00 +1.3188e+00 +2.4629e+00 -1.0584e+00 +1.2211e+00 +3.0124e-01 +3.6581e+00 -3.3238e+00 +2.0109e+00
729 +5.917379882e+02 +5.917379882e+02 +6.914679882e+02 +6.914679882e+02 -2.7408e+00 -4.8375e+00 +2.3190e+00 +4.7716e+00 +3.4779e+00 -1.1615e+00 +3.6782e+00 +5.5857e-01 +4.0409e+00 +1.6576e+00 +1.7034e+00 +6.5687e-02 +2.9191e+00 +1.9254e+00 -6.4398e-01 -4.6337e+00 +2.3144e+00 +4.7866e+00 -1.8586e+00 -4.9453e-01
1732 +3.000761626e+02 +3.000761626e+02 +3.998061626e+02 +3.998061626e+02 +2.3884e+00 +4.5135e+00 -3.5431e+00 +1.4800e+00 +1.7920e+00 -2.3346e+00 +1.1495e+00 +9.8252e-01 -1.0595e+00 -1.9190e+00 +2.2737e+00 -9.2923e-01 -7.9472e-01 -1.3342e+00 +1.5836e+00 -4.5455e+00 -2.5282e+00 +1.8341e+00 +4.4520e+00 +1.4871e+00
3135 +2.401504212e+02 +2.401504212e+02 +3.398804212e+02 +3.398804212e+02 -4.1403e+00 -4.7064e+00 -2.2536e+00 +2.9154e+00 -8.1505e-02 -4.2641e+00 +4.6625e+00 +2.6056e+00 -3.5299e-01 +2.5993e+00 -3.6862e+00 +2.8921e+00 -1.7278e+00 +1.6013e+00 -2.6158e+00 +4.5976e-01 -7.0279e-01 -1.9165e-01 +3.9611e+00 +1.7650e+00
3784 +1.516263481e+02 +1.516263481e+02 +2.513563481e+02 +2.513563481e+02 -1.1137e+00 +1.9367e+00 -2.7388e+00 -5.8381e-01 +1.3339e+00 +1.8656e+00 -1.2586e+00 -3.7114e+00 -4.0387e+00 -1.6534e+00 +3.6106e+00 -2.6805e+00 +9.7402e-01 -3.5274e-01 +9.2402e-01 -2.4731e+00 +2.2102e+00 +5.0218e-01 +1.3719e+00 -4.1631e+00
% function evaluation | noise-free fitness - Fopt (4.044000000000e+01) | best noise-free fitness - Fopt | measured fitness | best measured fitness | x1 | x2...
1 +6.999220620e+05 +6.999220620e+05 +6.999625020e+05 +6.999625020e+05 +1.6769e+00 +3.9795e-01 +3.9324e+00 +2.3272e+00 +2.3553e+00 +4.7743e+00 +5.5957e-03 +7.7634e-01 +9.4157e-01 -5.1944e-02 -3.7045e+00 -2.6472e+00 -3.0959e+00 +1.8562e+00 +1.5111e+00 -4.3212e+00 +2.2824e+00 +2.3611e+00 -3.4435e+00 +1.1844e+00
7 +4.717445040e+05 +4.717445040e+05 +4.717849440e+05 +4.717849440e+05 +2.4264e+00 -2.0094e+00 +2.2813e+00 -7.9695e-01 +5.9510e-01 +1.1223e+00 +4.6217e+00 -4.8381e-03 -3.1242e+00 +4.8234e+00 -1.1659e+00 +2.5543e+00 -1.8849e+00 +1.9833e+00 +2.4772e+00 +3.4969e+00 -1.7376e+00 +4.1025e+00 -2.0353e+00 +3.9014e+00
12 +5.735532975e+02 +5.735532975e+02 +6.139932975e+02 +6.139932975e+02 +1.7266e+00 +1.8689e+00 -1.3421e+00 -8.7201e-01 +5.5982e-01 +1.8022e+00 -4.4615e-01 +1.3684e+00 -2.8620e+00 +2.3891e+00 -3.1774e+00 -4.4522e-01 -3.3754e+00 +5.4488e-01 -9.6770e-01 -4.4285e+00 -3.9442e+00 -3.5994e+00 -3.7195e+00 -5.4220e-01
126 +3.448022642e+02 +3.448022642e+02 +3.852422642e+02 +3.852422642e+02 -6.4632e-01 +2.1040e+00 -9.2501e-01 -2.3362e+00 +4.3704e+00 +8.1644e-01 +8.2554e-01 -3.4070e+00 +1.2239e+00 +1.3901e+00 -2.5620e+00 -2.8271e+00 -2.2913e+00 +2.6547e+00 +1.8693e+00 +3.9730e+00 +1.6110e+00 -1.1215e+00 +4.8891e+00 +4.1813e+00
809 +2.002585917e+02 +2.002585917e+02 +2.406985917e+02 +2.406985917e+02 -4.6736e-01 +4.8197e+00 +3.8700e+00 -1.8262e+00 -8.6089e-02 +6.0507e-01 -2.5902e+00 +1.4458e+00 -2.9078e+00 +2.7372e+00 -4.4744e+00 +8.2888e-01 -8.1060e-01 +2.2617e+00 -2.7456e-01 +2.3068e+00 +2.4676e+00 +3.8749e+00 -4.8282e+00 +2.9625e+00
% function evaluation | noise-free fitness - Fopt (-1.216000000000e+02) | best noise-free fitness - Fopt | measured fitness | best measured fitness | x1 | x2...
1 +1.064201206e+07 +1.064201206e+07 +1.064189046e+07 +1.064189046e+07 +4.8525e+00 -4.3648e+00 -3.3757e+00 -2.7545e+00 +2.8742e+00 -3.2202e+00 -8.5947e-01 -3.2533e+00 +2.6414e+00 +5.9941e-01 +2.1401e+00 +2.1294e-02 +4.6620e+00 +2.5593e+00 -2.8460e+00 +3.4683e+00 +3.3314e+00 -5.5413e-01 -1.0322e+00 +4.8521e+00
2 +8.426364799e+06 +8.426364799e+06 +8.426243199e+06 +8.426243199e+06 +8.5967e-01 +1.3529e+00 -1.9317e-01 +9.3970e-01 +1.7002e+00 -4.4720e+00 +2.9081e+00 +1.1972e-01 +3.7604e+00 -1.7742e+00 -4.5850e+00 +4.6876e+00 -1.9755e+00 -1.1731e+00 -5.8807e-01 +2.1404e+00 +2.1834e+00 +2.1093e+00 -2.4803e+00 -3.7360e+00
5 +3.433595104e+05 +3.433595104e+05 +3.432379104e+05 +3.432379104e+05 -6.3484e-01 -4.8748e+00 +2.2655e+00 +4.4571e+00 +1.6065e+00 +1.3370e+00 -1.2961e+00 +1.4265e+00 -3.9096e-01 +3.0811e+00 +3.0481e-01 +3.3256e-01 +4.9361e+00 +4.6695e-01 -2.1009e+00 -6.6806e-01 +9.8392e-01 +2.2742e+00 +3.1564e-01 -3.3442e+00
24 +3.186097477e+03 +3.186097477e+03 +3.064497477e+03 +3.064497477e+03 -2.4524e+00 -2.7584e+00 +4.6256e+00 -3.8167e-01 -4.7236e+00 +4.5490e+00 +2.3142e+00 +2.2110e+00 -1.2536e+00 -2.4107e+00 +3.8432e+00 +4.1813e+00 +3.8367e+00 +2.1253e+00 -4.6984e+00 -5.9536e-01 -4.8950e+00 -9.0964e-01 +3.5707e+00 +4.6228e+00
83 +2.335058256e+02 +2.335058256e+02 +1.119058256e+02 +1.119058256e+02 +9.2230e-01 +3.1568e+00 +2.9082e-01 -1.7602e+00 -4.2355e+00 -2.3611e+00 +8.4457e-01 -4.4509e+00 +4.0398e+00 +1.5943e-01 +1.8385e+00 +2.3753e+00 +4.9621e+00 -4.9607e+00 -1.9012e+00 +5.4739e-01 +4.4644e+00 +1.7177e+00 -1.3386e+00 -4.3052e+00
% function evaluation | noise-free fitness - Fopt (-3.811000000000e+01) | best noise-free fitness - Fopt | measured fitness | best measured fitness | x1 | x2...
1 +5.437837287e+07 +5.437837287e+07 +5.437833476e+07 +5.437833476e+07 +1.8088e+00 -4.0759e+00 -2.2067e+00 +3.2144e+00 -1.3583e+00 -2.5800e+00 +2.7374e+00 -2.3650e+00 +7.7206e-01 +4.9650e+00 -2.0220e+00 -4.4899e+00 +3.1985e+00 -3.8389e+00 +2.9304e+00 +4.2994e+00 +3.3915e+00 -3.5847e+00 +2.6596e+00 -7.5558e-01
3 +2.029101182e+06 +2.029101182e+06 +2.029063072e+06 +2.029063072e+06 +4.1433e+00 -3.4264e+00 +1.3942e+00 -3.4175e+00 -3.6302e-01 -2.6550e-01 -2.2096e+00 +6.5760e-01 -1.5953e+00 +1.2220e+00 +3.4064e+00 -3.1201e+00 +3.3605e+00 +3.3714e+00 -4.3112e+00 -7.6406e-02 +2.1929e+00 +8.6004e-01 -2.9113e+00 +3.4844e+00
5 +2.937362912e+04 +2.937362912e+04 +2.933551912e+04 +2.933551912e+04 +3.8794e+00 +3.9622e+00 +3.5709e+00 +1.3663e+00 +6.5837e-01 +4.1707e+00 -4.5055e+00 -6.2941e-01 +1.7299e+00 +3.0618e-01 +3.3208e+00 +1.7336e+00 +4.9211e+00 +2.3797e+00 +2.2131e+00 -1.8443e+00 +2.5464e+00 +3.4934e+00 +1.6799e+00 -1.4039e+00
21 +1.115287066e+03 +1.115287066e+03 +1.077177066e+03 +1.077177066e+03 -4.0004e+00 -4.5266e+00 +4.6652e+00 -4.3046e+00 -4.1132e+00 -2.6388e+00 +1.4919e+00 +1.8152e+00 +3.3632e+00 -4.0937e+00 +4.2172e+00 +4.2204e+00 -9.5378e-01 +4.5427e+00 -2.0977e+00 +2.5475e+00 -2.0949e+00 -3.6645e+00 -5.4062e-01 +2.6883e+00
96 +3.841455179e+02 +3.841455179e+02 +3.460355179e+02 +3.460355179e+02 -3.9848e+00 -4.3336e+00 +4.2906e+00 +2.4437e+00 +3.0346e-02 -2.8485e+00 -3.3296e+00 +3.1980e+00 -4.2183e-01 -1.9310e+00 -8.0668e-01 +4.2663e+00 -3.1344e+00 +3.7733e+00 +2.7824e+00 -3.4754e+00 -1.2896e+00 +1.5318e+00 -2.2788e+00 +3.5556e+00
