% function evaluation | noise-free fitness - Fopt (7.627000000000e+01) | best noise-free fitness - Fopt | measured fitness | best measured fitness | x1 | x2...
1 +1.216895896e+07 +1.216895896e+07 +1.216903523e+07 +1.216903523e+07 +3.5163e+00 -8.9167e-01 +1.3443e+00 +3.7354e+00 +2.1039e+00 -1.4389e+00 -3.1019e+00 +4.6456e+00 -7.2656e-02 -4.0443e+00
2 +4.050394110e+05 +4.050394110e+05 +4.051156810e+05 +4.051156810e+05 +1.3709e+00 -1.1988e+00 -2.7270e+00 -1.5578e-02 +2.9978e+00 +2.8782e+00 +3.0368e+00 -3.9028e+00 +6.0562e-01 +1.4583e+00
6 +1.419304053e+05 +1.419304053e+05 +1.420066753e+05 +1.420066753e+05 -2.1195e+00 +3.1766e+00 +4.8313e-01 -2.3687e+00 +4.1783e-01 -1.6141e+00 -1.9367e+00 +1.4682e+00 +8.3955e-01 -3.0011e-01
77 +2.099931312e+03 +2.099931312e+03 +2.176201312e+03 +2.176201312e+03 -3.2168e+00 -2.7596e+00 -1.8905e+00 -1.0110e+00 +3.0238e+00 -4.8684e-01 -2.0976e+00 -8.7587e-01 +4.7128e+00 -4.6173e+00
100 +1.039688968e+03 +1.039688968e+03 +1.115958968e+03 +1.115958968e+03 -9.6247e-02 -1.7099e+00 -3.7753e+00 +3.6038e+00 +3.0773e+00 -4.3243e+00 -4.1816e+00 +3.4836e-01 -4.8741e+00 -4.0790e+00
142 +2.007248050e+02 +2.007248050e+02 +2.769948050e+02 +2.769948050e+02 -3.9014e+00 +6.5978e-01 +4.3110e+00 -3.1891e+00 -3.7028e+00 -1.3237e+00 -2.0080e+00 +2.4571e+00 +2.4721e+00 -8.7663e-01
501 +1.333614865e+02 +1.333614865e+02 +2.096314865e+02 +2.096314865e+02 -4.6868e+00 +4.7343e+00 +2.7925e+00 +3.1295e+00 -1.4761e+00 +6.9291e-01 -2.9321e+00 -2.0674e+00 -2.9566e+00 -1.1495e+00
1022 +9.548604641e+01 +9.548604641e+01 +1.717560464e+02 +1.717560464e+02 -2.1572e+00 -6.5661e-01 +2.4151e+00 +1.9132e+00 -1.4196e-01 -1.0264e+00 -8.8746e-02 -2.9813e+00 +3.7713e+00 -2.6773e+00
4690 +3.027969271e+01 +3.027969271e+01 +1.065496927e+02 +1.065496927e+02 -7.0689e-01 -2.0024e+00 -9.3094e-01 +3.2905e+00 -2.9614e+00 -4.9644e-01 +2.1323e+00 +3.7485e+00 +3.8884e-01 +3.0183e+00
% function evaluation | noise-free fitness - Fopt (-2.255000000000e+01) | best noise-free fitness - Fopt | measured fitness | best measured fitness | x1 | x2...
1 +3.117859602e+04 +3.117859602e+04 +3.115604602e+04 +3.115604602e+04 -2.6659e+00 -1.1361e+00 +3.3143e+00 +2.4897e-01 +3.2515e+00 -1.1202e+00 -3.4256e+00 +4.5753e+00 -4.9068e-01 -4.7314e+00
18 +8.928854488e+03 +8.928854488e+03 +8.906304488e+03 +8.906304488e+03 +5.3481e-01 -2.8730e-02 -4.7847e+00 +7.3246e-01 +4.4254e-01 +9.9065e-01 +2.3096e+00 +4.2954e+00 +4.7024e+00 +3.2075e+00
139 +1.054751121e+02 +1.054751121e+02 +8.292511214e+01 +8.292511214e+01 -6.6335e-01 +2.6819e+00 -8.3571e-01 +1.6355e+00 +2.9636e+00 +3.2349e+00 -6.0728e-01 -3.2188e+00 -3.1201e+00 +2.1481e+00
% function evaluation | noise-free fitness - Fopt (1.366000000000e+01) | best noise-free fitness - Fopt | measured fitness | best measured fitness | x1 | x2...
1 +3.535925158e+07 +3.535925158e+07 +3.535926524e+07 +3.535926524e+07 +2.1340e+00 -3.9787e+00 -1.1087e+00 +1.2766e+00 -4.2493e+00 +3.4933e+00 +7.4663e-01 +2.1019e+00 -3.4913e-02 -2.1807e+00
2 +7.542881669e+06 +7.542881669e+06 +7.542895329e+06 +7.542895329e+06 -3.7750e+00 -2.0505e+00 -3.4685e+00 -3.8953e+00 +3.8253e+00 -3.5883e+00 +3.3255e+00 -4.0566e+00 -4.6258e+00 -1.6236e+00
4 +3.276412525e+05 +3.276412525e+05 +3.276549125e+05 +3.276549125e+05 +7.2963e-01 -3.7016e+00 +2.5400e+00 +3.5947e+00 +2.0696e+00 -1.2908e+00 +4.1757e+00 +4.5434e+00 -3.5015e+00 +4.5114e+00
5 +1.483431622e+05 +1.483431622e+05 +1.483568222e+05 +1.483568222e+05 +2.9747e+00 -3.0715e+00 -1.4053e+00 -2.0814e+00 +4.6136e+00 -1.4379e+00 +3.6055e+00 +2.6233e+00 -2.2812e+00 -4.1257e+00
53 +8.130283745e+04 +8.130283745e+04 +8.131649745e+04 +8.131649745e+04 -2.3173e+00 -8.9148e-01 -2.6194e+00 +1.2196e+00 +3.3723e+00 -1.4286e-01 -1.7624e-01 -2.1485e-01 +4.8474e+00 +2.2623e+00
71 +3.500645772e+04 +3.500645772e+04 +3.502011772e+04 +3.502011772e+04 -1.3311e+00 -4.5328e+00 +1.1015e+00 -1.5222e+00 +4.0556e+00 -3.0123e+00 +4.8150e+00 +4.7049e+00 -7.1966e-01 -2.7503e+00
98 +2.212305128e+04 +2.212305128e+04 +2.213671128e+04 +2.213671128e+04 -8.6124e-02 +5.0328e-01 -3.8906e+00 -3.5394e+00 +1.3647e+00 -2.8038e+00 -7.4816e-01 +9.8618e-01 -3.2287e+00 +5.6240e-01
192 +3.925887652e+02 +3.925887652e+02 +4.062487652e+02 +4.062487652e+02 -4.2096e+00 -1.1154e+00 -1.2333e+00 +4.6368e+00 +2.6118e+00 +4.0255e+00 +3.9181e+00 -1.5623e+00 +4.7361e+00 +4.1124e-02
1723 +2.458852168e+02 +2.458852168e+02 +2.595452168e+02 +2.595452168e+02 -4.7419e+00 -1.9816e+00 +5.0905e-01 +1.1203e+00 -6.1498e-01 -3.6657e+00 +3.5588e+00 +4.7683e+00 +3.5745e+00 -1.9756e+00
1782 +1.506414169e+02 +1.506414169e+02 +1.643014169e+02 +1.643014169e+02 +2.9746e+00 +7.3309e-01 +4.7799e+00 +1.5592e+00 +6.6936e-01 -1.7906e+00 +2.7805e+00 +4.8067e+00 -2.7978e+00 +3.2030e+00
3740 +7.247037764e+01 +7.247037764e+01 +8.613037764e+01 +8.613037764e+01 +2.7657e+00 +4.2958e+00 -1.6805e+00 +8.7093e-01 +3.0106e-01 +5.0617e-01 +6.4685e-02 -2.1439e+00 +2.7942e+00 -1.4895e+00
% function evaluation | noise-free fitness - Fopt (9.378400000000e+02) | best noise-free fitness - Fopt | measured fitness | best measured fitness | x1 | x2...
1 +1.530501777e+06 +1.530501777e+06 +1.531439617e+06 +1.531439617e+06 -4.4510e+00 -4.0058e+00 +2.8608e-01 +4.2042e+00 -1.1426e-04 +5.7679e-01 -4.7374e+00 -2.4794e+00 +9.9950e-01 +5.8130e-01
8 +4.694551009e+05 +4.694551009e+05 +4.703929409e+05 +4.703929409e+05 -4.2617e+00 +4.1977e+00 -4.1207e+00 -3.2541e+00 +9.4613e-01 +3.9456e+00 +2.8279e+00 +8.8473e-01 -1.4509e+00 -2.1344e+00
10 +1.754268093e+05 +1.754268093e+05 +1.763646493e+05 +1.763646493e+05 +3.6112e+00 -5.1917e-01 +8.8965e-01 -2.9836e-01 +4.3335e+00 +2.5183e+00 +1.7672e+00 -3.7338e+00 +1.1787e+00 -2.1641e+00
11 +1.442061460e+05 +1.442061460e+05 +1.451439860e+05 +1.451439860e+05 +1.1223e+00 +3.2292e+00 +3.1600e+00 -3.9561e-01 +2.0760e+00 +4.0834e+00 +3.3745e+00 +3.5887e+00 +1.7964e+00 +4.8410e+00
18 +8.148768051e+04 +8.148768051e+04 +8.242552051e+04 +8.242552051e+04 -3.7264e+00 -2.5976e+00 -2.0398e+00 -2.1199e+00 +2.6932e+00 -2.2773e+00 +2.9143e+00 -4.4818e+00 -1.7491e+00 -1.6094e+00
43 +5.904423643e+04 +5.904423643e+04 +5.998207643e+04 +5.998207643e+04 -2.0068e+00 +3.7734e+00 -2.7959e+00 -4.1607e+00 +5.0650e-01 -3.5829e+00 -3.9157e+00 -1.7695e+00 +1.6763e+00 -3.9105e+00
60 +1.556436419e+04 +1.556436419e+04 +1.650220419e+04 +1.650220419e+04 +4.6457e-01 +2.6288e+00 +1.7532e+00 +2.0727e+00 +1.1085e+00 +4.6100e-01 +6.1681e-01 -7.1096e-01 +2.8017e+00 +3.4054e-01
71 +7.307992327e+02 +7.307992327e+02 +1.668639233e+03 +1.668639233e+03 +3.5636e+00 +4.3146e+00 -7.9610e-01 -7.4012e-01 +1.4384e+00 +5.6436e-02 -1.2007e+00 -1.9304e+00 +2.5158e+00 -7.7536e-01
1009 +1.137355835e+02 +1.137355835e+02 +1.051575583e+03 +1.051575583e+03 -2.0623e+00 +3.5585e+00 +4.4788e+00 -4.4850e+00 -5.5006e-01 +3.3891e+00 +3.1025e+00 +2.0243e+00 +3.1279e+00 -3.7242e+00
% function evaluation | noise-free fitness - Fopt (-7.872000000000e+01) | best noise-free fitness - Fopt | measured fitness | best measured fitness | x1 | x2...
1 +4.003017312e+05 +4.003017312e+05 +4.002230112e+05 +4.002230112e+05 +1.9852e+00 -1.4271e+00 +1.0004e+00 +9.8073e-01 -1.4268e+00 +3.1045e+00 +2.5086e+00 +3.8213e+00 -3.5258e+00 +3.1018e+00
4 +1.432425159e+05 +1.432425159e+05 +1.431637959e+05 +1.431637959e+05 +3.4201e+00 -2.0580e+00 +1.6132e-01 -5.1530e-01 -4.9136e-01 -4.8051e+00 -4.9013e-01 +1.2114e+00 -4.8018e-01 +1.0342e-01
8 +1.665367096e+02 +1.665367096e+02 +8.781670957e+01 +8.781670957e+01 +3.9517e+00 +2.1087e+00 +4.4321e+00 +9.9652e-01 -2.0982e+00 -3.5694e+00 +8.3652e-01 -3.3592e+00 +8.3483e-01 -1.6411e+00
340 +1.014316546e+02 +1.014316546e+02 +2.271165463e+01 +2.271165463e+01 -2.4245e+00 +1.9423e+00 -1.0233e+00 -6.5025e-01 -5.0147e-01 +4.1994e-02 +1.2645e-01 +1.8044e+00 -2.5347e+00 +1.6165e-01
2821 +8.741911542e+01 +8.741911542e+01 +8.699115423e+00 +8.699115423e+00 +4.5554e-01 -9.3041e-01 -3.5058e-03 +4.1545e-01 -1.9056e+00 -4.9827e+00 +1.6405e+00 -3.9200e+00 +1.9276e+00 -3.8483e+00
3656 +4.920383813e+01 +4.920383813e+01 -2.951616187e+01 -2.951616187e+01 +1.4767e+00 +5.3560e-02 -3.0624e+00 -1.9145e-02 -2.2265e+00 +5.0505e-01 +7.3704e-01 -4.6555e-01 +3.2301e+00 +1.5647e+00
% function evaluation | noise-free fitness - Fopt (-5.984300000000e+02) | best noise-free fitness - Fopt | measured fitness | best measured fitness | x1 | x2...
1 +3.470594353e+07 +3.470594353e+07 +3.470534510e+07 +3.470534510e+07 -4.8725e-01 +5.9827e-01 +4.8613e+00 +4.7697e+00 -1.9647e+00 +3.2403e+00 +1.1944e+00 +4.7952e+00 +4.8777e+00 -2.5661e+00
2 +7.652357748e+06 +7.652357748e+06 +7.651759318e+06 +7.651759318e+06 +4.0835e+00 -2.8979e+00 +3.6875e-01 +1.0443e+00 -1.3736e+00 -4.4919e+00 -3.5567e-01 +1.0597e+00 +3.4864e+00 -1.5210e+00
6 +3.742446032e+06 +3.742446032e+06 +3.741847602e+06 +3.741847602e+06 +4.0931e+00 +3.3473e+00 -4.8774e+00 +1.5626e+00 -6.7157e-01 -3.3788e+00 -4.9478e+00 +1.4709e+00 +1.9546e+00 -4.4200e-01
22 +9.849480273e+05 +9.849480273e+05 +9.843495973e+05 +9.843495973e+05 +4.3521e+00 +4.8516e+00 -2.7581e+00 +3.9432e+00 +4.0277e+00 -3.7322e+00 +2.4339e+00 +3.5205e+00 +1.5790e-01 +3.4866e+00
31 +3.325406166e+05 +3.325406166e+05 +3.319421866e+05 +3.319421866e+05 -4.1874e+00 -8.6364e-01 +3.7839e+00 -1.8396e+00 -3.3519e+00 -4.2778e+00 +2.8272e+00 +4.7993e+00 -1.4852e+00 +4.6270e-01
55 +2.506568015e+05 +2.506568015e+05 +2.500583715e+05 +2.500583715e+05 -1.9855e+00 -9.8932e-01 -9.2855e-01 -2.3790e-01 -1.1388e+00 -3.5461e+00 -9.6736e-01 +4.6563e+00 -2.1309e+00 +2.3800e+00
64 +1.336955597e+04 +1.336955597e+04 +1.277112597e+04 +1.277112597e+04 -4.6616e+00 +3.3191e+00 -3.8872e+00 +1.0384e+00 +2.1734e+00 -3.1308e+00 -4.0376e+00 -2.4593e+00 +3.8853e+00 +2.2692e+00
264 +9.584512909e+03 +9.584512909e+03 +8.986082909e+03 +8.986082909e+03 -8.4016e-01 +1.6478e+00 -4.1707e+00 -2.8851e+00 -2.5913e+00 -4.7522e+00 -4.3117e+00 +1.5955e+00 -2.6635e-01 +3.6049e+00
314 +5.595095044e+03 +5.595095044e+03 +4.996665044e+03 +4.996665044e+03 -4.1079e+00 -1.8630e-01 -2.3961e+00 +1.0219e+00 -4.3263e+00 -3.9050e+00 -2.2692e+00 +2.8777e+00 +4.3804e+00 +2.4372e+00
647 +1.191927823e+03 +1.191927823e+03 +5.934978225e+02 +5.934978225e+02 -4.4580e+00 +4.4259e+00 +1.0264e+00 +4.3335e+00 +3.1730e+00 -3.9814e+00 -2.0504e+00 -2.9279e+00 -3.9426e+00 -1.2121e+00
1033 +8.914484827e+02 +8.914484827e+02 +2.930184827e+02 +2.930184827e+02 -3.8501e+00 -3.0219e+00 -1.2702e+00 -3.6602e+00 +4.1797e+00 -3.6099e+00 -2.4856e+00 -1.6024e+00 +3.3921e+00 +4.3265e+00
1720 +2.108685505e+02 +2.108685505e+02 -3.875614495e+02 -3.875614495e+02 -4.5587e+00 -1.5021e+00 -4.7470e+00 -4.4695e+00 +5.9077e-01 -3.6580e+00 -3.0897e+00 +9.8881e-02 +4.1783e+00 +4.1169e+00
2749 +1.212548179e+02 +1.212548179e+02 -4.771751821e+02 -4.771751821e+02 -1.7520e+00 -3.7360e+00 -1.5681e+00 +5.5652e-01 +4.6345e+00 -1.8691e+00 -4.3019e+00 +3.8539e+00 -8.4383e-01 +3.6970e+00
% function evaluation | noise-free fitness - Fopt (-8.542000000000e+01) | best noise-free fitness - Fopt | measured fitness | best measured fitness | x1 | x2...
1 +1.291669550e+07 +1.291669550e+07 +1.291661008e+07 +1.291661008e+07 -2.7178e+00 +1.9026e+00 -1.5221e-02 -3.5090e+00 -1.3463e+00 +2.7619e+00 -3.3451e+00 -1.3957e+00 +4.7048e+00 +2.2087e+00
2 +2.315817512e+05 +2.315817512e+05 +2.314963312e+05 +2.314963312e+05 -3.0427e+00 -1.5777e+00 -3.6191e+00 +9.1695e-01 -4.5751e+00 +4.9498e+00 +3.4075e+00 -4.0740e+00 +2.4770e+00 +2.3290e+00
5 +2.795445356e+04 +2.795445356e+04 +2.786903356e+04 +2.786903356e+04 -3.9255e+00 +1.1132e+00 +1.5674e+00 +3.1779e+00 -4.1745e+00 -3.3496e+00 +2.7512e+00 +3.7097e-01 -4.3798e+00 -1.7568e+00
57 +1.858569432e+04 +1.858569432e+04 +1.850027432e+04 +1.850027432e+04 -1.8903e+00 -4.5407e+00 +2.9483e+00 -2.4375e-02 +1.9808e+00 -4.7291e+00 +3.3195e+00 -1.1120e+00 -2.1725e-01 +2.7077e+00
60 +3.787386472e+03 +3.787386472e+03 +3.701966472e+03 +3.701966472e+03 +3.4275e+00 -1.0739e+00 -3.4289e+00 -4.6034e+00 +1.8138e+00 +1.2875e+00 +2.1328e+00 -9.2461e-01 -2.5621e+00 +3.3496e+00
71 +5.806593874e+02 +5.806593874e+02 +4.952393874e+02 +4.952393874e+02 +2.7510e+00 -1.1390e+00 -3.1983e+00 -2.1343e+00 -4.3797e+00 -4.6620e+00 -2.3693e+00 -2.3773e+00 +3.9007e+00 -4.3889e+00
252 +1.065439917e+02 +1.065439917e+02 +2.112399169e+01 +2.112399169e+01 +2.3389e+00 -1.0147e+00 +4.9909e+00 +4.8879e+00 -2.9540e+00 -3.9097e+00 -2.6379e+00 +3.1815e+00 -1.5011e+00 +2.8931e+00
1897 +9.251243948e+01 +9.251243948e+01 +7.092439478e+00 +7.092439478e+00 -1.4016e+00 +1.7604e+00 -2.0472e+00 +1.9417e-01 -4.2958e+00 -6.0746e-01 -1.5963e+00 -3.3607e-01 +1.2176e+00 +9.6758e-01
% function evaluation | noise-free fitness - Fopt (1.932500000000e+02) | best noise-free fitness - Fopt | measured fitness | best measured fitness | x1 | x2...
1 +6.703029240e+06 +6.703029240e+06 +6.703222490e+06 +6.703222490e+06 -3.8969e+00 +1.0199e+00 -2.2826e+00 -3.3624e+00 +2.3568e+00 +3.2031e+00 +2.4503e+00 +4.2928e+00 -4.5263e+00 -4.6637e+00
9 +6.236921673e+06 +6.236921673e+06 +6.237114923e+06 +6.237114923e+06 -8.5151e-01 +3.9422e+00 -6.1828e-01 -3.0237e+00 -4.7265e+00 +3.9375e+00 -1.8699e+00 +1.6541e+00 +3.2105e+00 -4.7202e+00
10 +1.213292041e+03 +1.213292041e+03 +1.406542041e+03 +1.406542041e+03 -8.4502e-01 +3.9953e-01 -2.5471e+00 +1.8832e-01 +3.4504e+00 +1.0668e+00 -7.5236e-01 -2.1253e+00 +2.9223e+00 +5.0307e-01
59 +5.003968199e+02 +5.003968199e+02 +6.936468199e+02 +6.936468199e+02 +4.1014e+00 -4.3696e+00 -3.3715e+00 +2.3863e+00 +3.1249e+00 +4.3913e+00 -2.4741e+00 -1.9987e+00 +2.5687e+00 -1.3535e+00
540 +3.905931340e+02 +3.905931340e+02 +5.838431340e+02 +5.838431340e+02 +1.7595e+00 +4.9594e+00 -2.2043e+00 +2.8552e+00 -1.2361e+00 -1.2280e+00 -3.9429e+00 +4.0661e-01 +3.6451e+00 +2.3944e+00
715 +1.599852450e+02 +1.599852450e+02 +3.532352450e+02 +3.532352450e+02 -3.0697e+00 -3.0979e+00 -3.6958e+00 +3.7173e+00 +3.3862e+00 +2.5201e+00 -1.5663e-01 +7.9884e-01 +2.9328e+00 +3.1339e+00
777 +8.266852918e+01 +8.266852918e+01 +2.759185292e+02 +2.759185292e+02 -2.8484e+00 -2.6553e-01 -3.4945e+00 +3.7021e+00 +4.8511e+00 -1.1118e+00 -2.3805e+00 -2.0258e+00 -1.5273e+00 -5.7876e-01
1971 +5.528719874e+01 +5.528719874e+01 +2.485371987e+02 +2.485371987e+02 -3.6863e+00 +2.0374e+00 -3.8446e+00 -4.4210e+00 +4.2634e+00 -7.6430e-01 +1.1259e+00 +4.3444e-01 -2.3092e+00 +5.0458e-01
% function evaluation | noise-free fitness - Fopt (-1.815000000000e+02) | best noise-free fitness - Fopt | measured fitness | best measured fitness | x1 | x2...
1 +2.691111105e+06 +2.691111105e+06 +2.690929605e+06 +2.690929605e+06 +4.2628e+00 +3.9630e+00 +2.8292e+00 -1.6397e+00 +4.3101e+00 -1.5477e+00 +1.2989e-01 +2.8271e+00 +9.2774e-01 +3.4253e-01
3 +1.260345675e+06 +1.260345675e+06 +1.260164175e+06 +1.260164175e+06 -6.7942e-01 -2.9005e+00 +4.7097e+00 -1.8080e+00 -2.8798e+00 -5.5618e-01 +2.9879e+00 -3.5308e+00 +4.9929e+00 +1.4351e+00
4 +1.422373875e+04 +1.422373875e+04 +1.404223875e+04 +1.404223875e+04 -1.1490e+00 +4.3619e-01 +3.0907e-01 +3.8073e+00 +4.1823e+00 +2.2646e+00 -3.0002e+00 -4.4050e-01 +3.0544e+00 +1.1198e-01
8 +2.652106037e+02 +2.652106037e+02 +8.371060369e+01 +8.371060369e+01 +2.4849e-01 +1.7416e+00 +3.1987e-01 -1.2398e+00 +1.2570e+00 -3.4233e+00 +1.3749e+00 -4.0020e+00 -2.7408e+00 +3.0486e+00
615 +8.940151637e+01 +8.940151637e+01 -9.209848363e+01 -9.209848363e+01 +1.0899e+00 +1.3933e+00 -2.0581e+00 -2.3649e+00 -1.3309e+00 +3.5790e-01 -3.5726e+00 +2.4766e+00 +2.1267e+00 -3.2319e+00
% function evaluation | noise-free fitness - Fopt (4.526200000000e+02) | best noise-free fitness - Fopt | measured fitness | best measured fitness | x1 | x2...
1 +2.932778003e+07 +2.932778003e+07 +2.932823265e+07 +2.932823265e+07 +1.6210e+00 +4.4113e+00 +1.0800e+00 +2.5832e+00 -4.0446e+00 -4.1543e+00 -2.7252e+00 -1.3849e+00 -4.6988e-01 +6.7439e-01
2 +1.772611269e+06 +1.772611269e+06 +1.773063889e+06 +1.773063889e+06 -4.6241e+00 -4.2467e+00 +4.5679e+00 -3.0295e+00 +1.6622e+00 +2.1891e-01 +3.6729e-02 +3.5613e-01 +2.3546e-01 +2.9404e+00
3 +6.720910349e+05 +6.720910349e+05 +6.725436549e+05 +6.725436549e+05 +1.2374e+00 +4.6107e+00 -2.6643e+00 +2.5230e+00 +1.8292e+00 +3.6201e+00 +4.8042e+00 +4.8552e+00 -4.0134e+00 +3.8725e+00
4 +5.012960033e+05 +5.012960033e+05 +5.017486233e+05 +5.017486233e+05 -4.4323e+00 -2.0032e+00 +5.0816e-01 +3.3042e+00 +3.1236e+00 -1.0151e+00 -1.6580e+00 +4.4970e+00 +3.4321e+00 -4.5342e+00
12 +1.171505525e+05 +1.171505525e+05 +1.176031725e+05 +1.176031725e+05 -1.2718e+00 +2.4921e+00 +3.2951e+00 +4.4257e+00 +1.2914e+00 +1.2221e+00 -2.9768e+00 +3.5762e+00 +3.3467e+00 +2.2623e+00
35 +1.130079210e+04 +1.130079210e+04 +1.175341210e+04 +1.175341210e+04 +4.7022e+00 +3.9166e+00 +4.5335e-01 -3.2961e+00 +2.1888e+00 +3.3117e+00 -2.3304e+00 +1.9206e+00 +1.1551e+00 -1.2321e+00
45 +1.027611565e+03 +1.027611565e+03 +1.480231565e+03 +1.480231565e+03 +2.2375e+00 -7.7659e-01 +9.9602e-01 -2.6086e+00 -2.3333e+00 +1.3728e+00 +3.9543e+00 -1.9197e+00 -4.3365e+00 -1.9697e+00
116 +9.516366182e+02 +9.516366182e+02 +1.404256618e+03 +1.404256618e+03 -3.2261e-01 -4.9728e+00 +4.1249e+00 +4.0345e+00 -1.9668e+00 +4.8504e+00 -4.1174e+00 -1.3239e+00 -1.4830e+00 +5.0720e-01
168 +3.918132891e+02 +3.918132891e+02 +8.444332891e+02 +8.444332891e+02 +3.1680e+00 -4.1587e+00 +6.0627e-01 -8.3282e-01 -1.5045e+00 +6.5505e-02 +1.9109e+00 +3.8764e+00 -9.8872e-01 +8.0174e-02
348 +2.177769134e+02 +2.177769134e+02 +6.703969134e+02 +6.703969134e+02 +4.4859e+00 -4.3640e+00 +3.6500e+00 -1.7183e+00 +3.9992e+00 +2.8654e+00 +2.1450e+00 +4.8868e+00 -3.8113e+00 -5.8839e-01
1974 +1.202727051e+02 +1.202727051e+02 +5.728927051e+02 +5.728927051e+02 -2.8084e+00 +4.7178e+00 +1.3167e+00 -1.6013e+00 -9.3873e-01 -3.3433e+00 -6.6571e-02 -5.2437e-01 +4.8193e+00 +4.4903e+00
2161 +9.427618369e+01 +9.427618369e+01 +5.468961837e+02 +5.468961837e+02 +3.3047e+00 -3.1903e+00 +4.5057e+00 -1.9596e+00 +2.8819e+00 +7.5813e-01 +1.5359e-01 +3.6549e+00 -1.1168e-01 +3.4253e+00
% function evaluation | noise-free fitness - Fopt (-1.184600000000e+02) | best noise-free fitness - Fopt | measured fitness | best measured fitness | x1 | x2...
1 +2.839791743e+05 +2.839791743e+05 +2.838607143e+05 +2.838607143e+05 +8.8391e-01 -1.5162e-02 -3.2144e+00 -2.9436e-01 +1.2297e+00 +4.2939e+00 -1.8976e+00 -3.3622e+00 +2.3302e+00 -2.0674e+00
8 +6.973961119e+04 +6.973961119e+04 +6.962115119e+04 +6.962115119e+04 -4.8823e+00 -4.6903e-02 -2.3016e+00 -3.8780e+00 -3.2212e+00 +1.6013e+00 +4.1676e+00 +4.5707e+00 +2.4152e+00 -1.3808e+00
31 +5.619289110e+04 +5.619289110e+04 +5.607443110e+04 +5.607443110e+04 -3.6768e+00 +4.2462e-01 -4.5815e+00 +7.6411e-01 +9.3132e-01 +2.4768e+00 -3.0004e-02 -1.8303e+00 +1.0970e+00 +4.5834e+00
183 +1.720076469e+04 +1.720076469e+04 +1.708230469e+04 +1.708230469e+04 +4.4782e+00 -3.0489e+00 -4.7396e+00 -2.2747e+00 +1.6912e+00 -1.0818e+00 -8.5721e-01 -1.8073e+00 +3.8075e+00 -4.9400e+00
190 +1.491224316e+02 +1.491224316e+02 +3.066243157e+01 +3.066243157e+01 -1.4433e+00 -4.3488e+00 -2.1794e+00 +1.0501e+00 -5.4614e-01 -1.6706e+00 +1.8663e+00 -4.3255e+00 +4.0517e+00 +1.7330e+00
1062 +8.266632473e+01 +8.266632473e+01 -3.579367527e+01 -3.579367527e+01 -7.6706e-01 +2.7008e+00 -4.3359e+00 -1.4342e+00 -1.3368e+00 -3.1019e+00 +3.1642e+00 +1.1962e+00 -4.4310e+00 -1.3690e+00
% function evaluation | noise-free fitness - Fopt (9.973000000000e+01) | best noise-free fitness - Fopt | measured fitness | best measured fitness | x1 | x2...
1 +8.028889244e+06 +8.028889244e+06 +8.028988974e+06 +8.028988974e+06 +5.0360e-01 +1.8734e+00 +1.4574e+00 +3.6990e+00 +3.4795e+00 -4.1602e+00 +4.2632e+00 +9.5977e-01 -4.5198e+00 -9.1604e-01
2 +1.654203060e+06 +1.654203060e+06 +1.654302790e+06 +1.654302790e+06 +2.2324e+00 -1.3428e+00 +4.5368e+00 +1.2665e+00 +3.8245e-01 -9.2344e-01 -2.8008e+00 -8.9306e-01 -3.3612e+00 -1.3589e+00
3 +1.273128508e+05 +1.273128508e+05 +1.274125808e+05 +1.274125808e+05 +2.9497e+00 -4.6156e+00 -3.5850e+00 +4.3510e+00 +4.1704e+00 +8.8458e-01 +3.6160e-01 -2.3530e-01 +2.7801e+00 +1.5210e+00
13 +7.289851247e+04 +7.289851247e+04 +7.299824247e+04 +7.299824247e+04 +3.6182e+00 +2.5357e-01 +2.0435e+00 +1.5402e+00 -4.1944e+00 +5.7890e-01 -8.3416e-01 -3.6858e+00 -3.3431e+00 -3.5549e+00
19 +4.207129592e+03 +4.207129592e+03 +4.306859592e+03 +4.306859592e+03 -4.0726e-01 -4.7843e+00 +2.0112e+00 +3.7242e+00 +1.0682e+00 -1.6672e-01 +1.9348e+00 +1.4552e+00 -2.9727e+00 +2.5282e+00
26 +3.780300763e+03 +3.780300763e+03 +3.880030763e+03 +3.880030763e+03 +1.3623e-01 +2.1974e+00 -2.8907e+00 +3.6442e+00 -3.1446e+00 +2.1042e+00 +2.2326e+00 +2.4105e+00 +2.9462e-01 -1.0902e+00
35 +1.012566322e+02 +1.012566322e+02 +2.009866322e+02 +2.009866322e+02 -3.9311e+00 +2.3681e+00 +1.0093e+00 -2.6196e+00 +8.8758e-01 -1.0050e+00 +5.7654e-01 -5.6248e-01 +3.4819e+00 -2.9169e+00
2954 +6.658361625e+01 +6.658361625e+01 +1.663136163e+02 +1.663136163e+02 -2.9546e+00 +5.7065e-01 -3.1084e+00 -1.7390e+00 -1.2903e+00 -1.2949e+00 +2.3872e+00 -3.6191e+00 -6.8588e-01 -1.0628e+00
% function evaluation | noise-free fitness - Fopt (4.044000000000e+01) | best noise-free fitness - Fopt | measured fitness | best measured fitness | x1 | x2...
1 +2.550149440e+06 +2.550149440e+06 +2.550189880e+06 +2.550189880e+06 +4.2034e+00 -3.0192e+00 +2.2891e+00 +2.7937e+00 -4.3171e+00 +3.9678e+00 -3.8743e+00 +3.3799e+00 +3.2745e+00 -1.2942e+00
4 +1.354993510e+06 +1.354993510e+06 +1.355033950e+06 +1.355033950e+06 +4.7675e+00 +1.8102e+00 -9.9732e-02 -4.6726e+00 -1.3250e+00 -9.7403e-02 -9.6446e-01 -4.9043e+00 -4.7995e+00 +2.6640e+00
5 +2.152985491e+05 +2.152985491e+05 +2.153389891e+05 +2.153389891e+05 -4.9112e+00 -4.2581e+00 +5.9548e-01 -1.1663e+00 +8.1057e-01 -3.7475e+00 +3.2023e-01 -4.0001e+00 -5.5766e-01 +3.3046e+00
10 +3.483089816e+04 +3.483089816e+04 +3.487133816e+04 +3.487133816e+04 -2.7788e+00 -1.5520e+00 +1.6658e+00 +1.8705e+00 +3.7035e+00 +3.0530e+00 -5.3561e-01 -4.0640e+00 +1.6457e-02 -4.6827e+00
39 +1.289386856e+04 +1.289386856e+04 +1.293430856e+04 +1.293430856e+04 +1.2344e+00 -2.2442e+00 +1.3424e-01 -4.3330e+00 +2.0257e+00 -4.2514e+00 -1.7147e+00 -3.8025e+00 -3.4127e+00 +1.8042e-01
51 +5.529059010e+02 +5.529059010e+02 +5.933459010e+02 +5.933459010e+02 +1.6086e-01 -3.7201e+00 +4.2846e-01 +5.0004e-01 +2.4417e+00 +2.6855e+00 -2.4103e+00 +1.9410e+00 -2.2454e+00 -4.7986e+00
124 +1.466697696e+02 +1.466697696e+02 +1.871097696e+02 +1.871097696e+02 +3.8521e+00 -2.6273e+00 -2.9759e+00 -3.0015e-01 -3.8964e+00 +1.0901e+00 -4.8403e+00 -3.5039e+00 -1.1775e+00 +4.1872e+00
% function evaluation | noise-free fitness - Fopt (-1.216000000000e+02) | best noise-free fitness - Fopt | measured fitness | best measured fitness | x1 | x2...
1 +2.236221774e+07 +2.236221774e+07 +2.236209614e+07 +2.236209614e+07 -3.4753e-01 -4.9007e+00 -4.6978e+00 -1.9196e-01 -4.2593e+00 -1.4940e+00 +2.6986e-01 +4.0105e+00 -3.2619e+00 +1.8102e+00
2 +5.794042722e+06 +5.794042722e+06 +5.793921122e+06 +5.793921122e+06 +3.5252e+00 -2.6975e+00 +2.7813e+00 +2.8136e+00 -1.0403e+00 -1.1956e+00 -2.0614e+00 -3.2731e+00 -1.0553e+00 +4.1169e+00
3 +2.762777279e+06 +2.762777279e+06 +2.762655679e+06 +2.762655679e+06 +3.4629e-01 -3.4662e+00 -2.2873e+00 +2.8986e+00 -8.2697e-01 -4.7982e+00 -1.6158e+00 +4.4324e+00 -2.1309e+00 -3.2979e+00
7 +3.148739855e+05 +3.148739855e+05 +3.147523855e+05 +3.147523855e+05 -1.2660e+00 -2.5945e+00 -1.9176e+00 +4.9691e+00 +3.5293e+00 -4.8672e+00 +1.5705e+00 -8.8731e-01 -2.9714e+00 -3.8930e-01
8 +2.373340554e+04 +2.373340554e+04 +2.361180554e+04 +2.361180554e+04 -4.9799e+00 +1.7529e+00 -1.4810e+00 -1.3580e+00 -1.9156e-01 -1.0235e-01 +3.4019e+00 -1.4715e+00 +2.7737e+00 +3.1505e+00
36 +1.582178181e+04 +1.582178181e+04 +1.570018181e+04 +1.570018181e+04 +3.9142e+00 +1.7787e+00 -9.4426e-01 +2.4094e+00 +3.3432e-01 +4.5134e+00 -2.3919e+00 +2.0164e+00 -1.6968e+00 +2.3002e+00
48 +5.641986882e+03 +5.641986882e+03 +5.520386882e+03 +5.520386882e+03 -1.9676e+00 +3.7147e+00 +2.2364e+00 -1.7481e+00 -3.0462e+00 -3.9307e+00 -3.4009e+00 +2.0734e+00 +3.1543e+00 +2.6561e+00
60 +3.557370005e+03 +3.557370005e+03 +3.435770005e+03 +3.435770005e+03 -3.8026e+00 -4.7950e+00 +1.1490e+00 +1.8050e+00 -1.0025e+00 -1.4358e+00 -1.9256e+00 +2.6715e+00 -2.4707e+00 +1.0265e+00
269 +1.050748773e+02 +1.050748773e+02 -1.652512273e+01 -1.652512273e+01 -2.2290e+00 +3.2988e+00 +5.1470e-01 +3.0195e+00 -3.7635e+00 -4.4737e+00 +2.7405e-01 -1.5422e+00 +1.9998e+00 -1.2122e+00
2857 +7.058366955e+01 +7.058366955e+01 -5.101633045e+01 -5.101633045e+01 -8.8815e-01 -3.7589e+00 -7.7844e-01 +2.2913e+00 -1.2220e+00 -2.0998e+00 +2.5609e+00 +3.6388e+00 -2.5774e-01 +2.2118e+00
% function evaluation | noise-free fitness - Fopt (-3.811000000000e+01) | best noise-free fitness - Fopt | measured fitness | best measured fitness | x1 | x2...
1 +7.793197448e+06 +7.793197448e+06 +7.793159338e+06 +7.793159338e+06 +1.1250e+00 +3.3389e+00 -3.1457e+00 -3.8723e+00 -7.2175e-01 -1.0416e+00 +1.4362e+00 +2.1299e-01 +5.7901e-01 -3.7029e+00
2 +6.949834422e+04 +6.949834422e+04 +6.946023422e+04 +6.946023422e+04 +1.3450e+00 +1.5947e+00 -4.0630e+00 -2.0872e+00 -3.9777e+00 +6.0159e-01 +1.7003e+00 +5.9071e-01 -3.3541e+00 +1.6146e+00
7 +1.502741443e+04 +1.502741443e+04 +1.498930443e+04 +1.498930443e+04 +4.9567e+00 -1.5640e+00 -2.6132e-01 -2.0717e+00 -2.2990e+00 +3.4558e+00 +4.6931e+00 -4.8379e+00 +3.4280e+00 -1.9597e+00
25 +3.146205376e+03 +3.146205376e+03 +3.108095376e+03 +3.108095376e+03 +3.9355e-01 +2.9415e+00 -1.4980e+00 +2.3662e+00 -2.0793e+00 -4.0553e+00 +3.7145e+00 +1.1713e+00 +8.1442e-01 +2.4594e+00
153 +5.720857398e+02 +5.720857398e+02 +5.339757398e+02 +5.339757398e+02 +2.1710e+00 +3.0370e+00 -2.6590e+00 +1.7222e+00 +2.1737e+00 -4.9949e+00 -1.7655e+00 +1.5488e+00 +2.2541e+00 -1.7432e+00
596 +1.986365839e+02 +1.986365839e+02 +1.605265839e+02 +1.605265839e+02 -2.5313e+00 +4.3502e+00 +1.2485e+00 +4.1154e+00 +3.3383e+00 +2.8669e+00 +3.5370e+00 +3.5696e+00 +3.7208e+00 -2.6052e-01
808 +1.167191309e+02 +1.167191309e+02 +7.860913087e+01 +7.860913087e+01 -9.5211e-01 -4.1795e+00 +1.4192e+00 -3.6025e-01 -4.0159e+00 -4.7835e+00 +1.4134e+00 -4.3539e+00 +2.4359e+00 +1.7510e+00
1502 +8.945054972e+01 +8.945054972e+01 +5.134054972e+01 +5.134054972e+01 -3.3196e+00 -7.4116e-01 +1.3858e-01 +8.0083e-02 +4.6250e+00 +1.2317e+00 -3.5516e+00 -4.1641e+00 +2.9396e+00 +4.8435e+00
