% function evaluation | noise-free fitness - Fopt (-5.494000000000e+01) | best noise-free fitness - Fopt | measured fitness | best measured fitness | x1 | x2...
1 +2.400061478e+07 +2.400061478e+07 +2.400055984e+07 +2.400055984e+07 -2.7843e+00 -4.2717e+00 -3.1053e+00 +1.9277e+00 +8.9649e-01 +2.9060e+00 +1.6495e+00 -2.5480e+00 +7.2091e-01 +1.5954e+00
2 +1.407650390e+06 +1.407650390e+06 +1.407595450e+06 +1.407595450e+06 -9.0581e-01 +6.5985e-01 +2.5688e+00 +2.8656e+00 +4.8677e+00 +3.7661e+00 +4.1932e-01 +3.4986e+00 +3.1966e+00 +3.6823e+00
378 +7.911701211e+05 +7.911701211e+05 +7.911151811e+05 +7.911151811e+05 +4.6064e+00 -1.0572e+00 -1.1399e+00 +3.6167e+00 +2.0915e+00 -8.5408e-01 -4.8132e+00 -2.3903e+00 +3.9313e+00 +2.1051e+00
1119 +4.961376689e+04 +4.961376689e+04 +4.955882689e+04 +4.955882689e+04 +3.3522e-01 -3.7716e+00 -5.8133e-01 +2.3403e+00 +1.5325e+00 +3.3628e+00 -4.1692e+00 -2.7602e+00 +7.2029e-01 +2.4079e+00
% function evaluation | noise-free fitness - Fopt (5.913000000000e+01) | best noise-free fitness - Fopt | measured fitness | best measured fitness | x1 | x2...
1 +4.933449426e+06 +4.933449426e+06 +4.933508556e+06 +4.933508556e+06 -2.5984e+00 +3.2411e+00 -3.9330e+00 -7.4804e-01 +4.8489e-01 +4.8120e+00 +1.3090e+00 +4.0830e+00 +3.3590e+00 -1.1363e+00
3 +1.796219057e+06 +1.796219057e+06 +1.796278187e+06 +1.796278187e+06 -2.5911e+00 +1.4161e+00 -1.1658e+00 +4.5708e+00 -1.6921e+00 +8.3245e-01 +2.6252e-01 +1.9523e+00 +4.9949e+00 +2.5401e+00
15 +1.576858375e+06 +1.576858375e+06 +1.576917505e+06 +1.576917505e+06 -1.1361e+00 +2.7557e+00 +2.9442e+00 +3.8045e+00 -2.6864e+00 +2.8270e+00 +2.7064e-01 -2.1174e+00 -2.0410e-01 +4.9530e+00
49 +4.718956730e+05 +4.718956730e+05 +4.719548030e+05 +4.719548030e+05 +3.7536e+00 -2.5354e+00 -1.6154e+00 +1.7141e+00 -3.6270e+00 -4.2199e+00 -4.1363e+00 +3.3987e+00 +2.6453e+00 +3.4218e+00
192 +3.797325494e+05 +3.797325494e+05 +3.797916794e+05 +3.797916794e+05 +4.8619e+00 +2.8616e+00 -1.6616e+00 -3.9717e+00 -1.5274e+00 +3.5937e+00 +1.5309e-01 +7.1189e-02 -4.5492e+00 +3.3026e+00
552 +3.780587180e+04 +3.780587180e+04 +3.786500180e+04 +3.786500180e+04 -4.2216e+00 +2.7513e+00 -1.6914e+00 +1.5253e-01 -1.3554e-01 -1.6331e+00 +4.8251e+00 -3.4456e+00 -2.7164e+00 +4.8536e+00
% function evaluation | noise-free fitness - Fopt (-4.915300000000e+02) | best noise-free fitness - Fopt | measured fitness | best measured fitness | x1 | x2...
1 +6.401821741e+06 +6.401821741e+06 +6.401330211e+06 +6.401330211e+06 -1.2286e+00 +2.9336e+00 +4.3242e+00 -3.6168e+00 -9.6930e-01 +1.1845e+00 +3.0214e+00 +2.4017e+00 +3.9125e+00 -4.5633e+00
4 +8.181481762e+05 +8.181481762e+05 +8.176566462e+05 +8.176566462e+05 +4.7270e+00 -1.7908e+00 +2.1184e+00 -1.7554e-01 -4.0984e+00 -3.6127e+00 +1.3200e-01 +4.4236e+00 +2.8035e+00 +7.4561e-01
25 +4.688440555e+05 +4.688440555e+05 +4.683525255e+05 +4.683525255e+05 -1.3902e+00 -4.4904e+00 -2.8942e+00 -4.5289e+00 -1.4296e+00 +1.7107e+00 -1.8179e+00 -2.0738e+00 -3.9035e+00 -3.5728e+00
234 +2.772882292e+05 +2.772882292e+05 +2.767966992e+05 +2.767966992e+05 -3.6535e+00 -2.7067e+00 -2.7675e+00 -1.3928e+00 +2.1291e+00 -2.0929e+00 -1.9512e+00 -1.2249e+00 +2.2854e+00 -1.3552e+00
312 +1.377920257e+05 +1.377920257e+05 +1.373004957e+05 +1.373004957e+05 -4.8707e+00 -1.2656e+00 -3.2560e+00 -2.9151e+00 +2.7916e+00 -3.7466e+00 -3.6104e+00 +1.1776e+00 +2.4628e+00 +4.0781e+00
381 +7.310420371e+04 +7.310420371e+04 +7.261267371e+04 +7.261267371e+04 -3.2905e+00 -2.1963e+00 -7.3912e-01 -7.4776e-02 +1.7166e-01 -4.9049e+00 +1.0595e+00 -2.5629e-01 -1.5153e+00 -2.1876e+00
% function evaluation | noise-free fitness - Fopt (-1.702000000000e+02) | best noise-free fitness - Fopt | measured fitness | best measured fitness | x1 | x2...
1 +4.106560824e+07 +4.106560824e+07 +4.106543804e+07 +4.106543804e+07 -4.3429e+00 -3.9584e+00 -1.2688e+00 +1.0274e+00 +1.9358e-01 -2.2255e+00 -3.4888e+00 -7.2818e-01 -4.4701e+00 +8.2837e-01
2 +3.358962748e+07 +3.358962748e+07 +3.358945728e+07 +3.358945728e+07 +1.3814e+00 +1.6184e+00 +4.2548e+00 -1.4360e+00 -1.5534e+00 -2.4026e+00 +3.1709e-01 -3.3269e+00 -5.3717e-01 +1.3623e+00
3 +1.092746915e+07 +1.092746915e+07 +1.092729895e+07 +1.092729895e+07 +1.1777e+00 -3.1117e+00 -1.4447e+00 +1.3514e+00 +3.7957e+00 -2.4816e+00 +2.1484e+00 -3.5233e+00 +4.6842e+00 +1.6528e+00
4 +5.498246133e+06 +5.498246133e+06 +5.498075933e+06 +5.498075933e+06 +3.7984e+00 -2.1806e+00 +4.9065e+00 +3.1803e+00 -4.7032e+00 +4.1332e+00 -3.6261e+00 +3.9234e+00 -4.0721e+00 +2.0402e-01
11 +1.025759741e+06 +1.025759741e+06 +1.025589541e+06 +1.025589541e+06 -1.3490e+00 +2.4166e+00 +4.6840e+00 +9.3657e-02 +4.1188e+00 +1.7482e+00 -8.0576e-02 +1.2327e+00 +3.5960e+00 -2.7407e-01
17 +6.671051419e+05 +6.671051419e+05 +6.669349419e+05 +6.669349419e+05 -4.1411e+00 +1.3050e+00 -2.1073e+00 +4.9985e-01 +4.3584e+00 -1.5817e+00 +2.3157e+00 +2.8002e+00 -2.4521e+00 +3.4409e+00
38 +7.840875140e+04 +7.840875140e+04 +7.823855140e+04 +7.823855140e+04 -2.1591e+00 +9.8504e-01 +2.0667e+00 +3.1597e+00 +3.8775e+00 +4.7584e-01 +3.2120e+00 +9.3988e-01 +1.0362e+00 +1.1286e+00
% function evaluation | noise-free fitness - Fopt (-4.697500000000e+02) | best noise-free fitness - Fopt | measured fitness | best measured fitness | x1 | x2...
1 +2.566157989e+06 +2.566157989e+06 +2.565688239e+06 +2.565688239e+06 -3.7653e+00 -8.4857e-01 +1.3391e+00 +3.3761e+00 -4.4942e-01 -2.8513e+00 +1.3644e+00 +2.1146e-01 +3.0475e+00 +2.7168e+00
4 +1.283708732e+06 +1.283708732e+06 +1.283238982e+06 +1.283238982e+06 -6.5241e-01 -4.2707e+00 -4.7420e+00 +4.9670e+00 +3.0204e+00 -2.6551e+00 -4.9679e+00 +8.9776e-01 -2.1317e+00 -6.9614e-01
44 +7.663758439e+05 +7.663758439e+05 +7.659060939e+05 +7.659060939e+05 +5.7011e-01 -7.7615e-01 -2.2369e+00 +4.2850e+00 -1.3966e+00 +3.6163e+00 -3.8079e+00 -4.0398e+00 -2.2817e+00 +2.9671e+00
68 +4.104730716e+05 +4.104730716e+05 +4.100033216e+05 +4.100033216e+05 +1.0448e-01 -3.4170e+00 +3.4506e+00 -1.0556e+00 +1.2085e+00 +4.8572e+00 -3.4060e+00 +7.2119e-04 -3.0797e+00 +2.2154e+00
284 +3.728179935e+05 +3.728179935e+05 +3.723482435e+05 +3.723482435e+05 +1.4339e+00 -2.9392e+00 +4.2353e-02 +2.7425e-01 -1.5136e+00 +9.0569e-01 -2.6945e+00 -4.8810e+00 +8.6565e-02 +3.3004e+00
536 +1.390750666e+05 +1.390750666e+05 +1.386053166e+05 +1.386053166e+05 -1.1198e+00 -9.1397e-01 +3.5239e+00 +2.4043e+00 +6.4214e-01 +2.8274e+00 -1.9789e-01 +1.1035e+00 -5.7089e-01 +4.8425e+00
% function evaluation | noise-free fitness - Fopt (-1.280000000000e+01) | best noise-free fitness - Fopt | measured fitness | best measured fitness | x1 | x2...
1 +6.894851052e+07 +6.894851052e+07 +6.894849772e+07 +6.894849772e+07 +3.5837e+00 -1.4468e+00 +2.5540e+00 -1.6262e+00 -1.8701e+00 -2.7732e+00 +1.5396e+00 +4.9197e+00 +4.8757e+00 -2.2884e+00
2 +9.772412385e+06 +9.772412385e+06 +9.772399585e+06 +9.772399585e+06 -8.4893e-01 -1.4171e+00 +3.1396e+00 +1.5198e+00 +3.8581e+00 -4.2162e+00 -3.3935e+00 -5.5278e-01 +3.2887e-03 -1.3256e+00
19 +1.828187497e+06 +1.828187497e+06 +1.828174697e+06 +1.828174697e+06 -2.3528e+00 +4.7156e-03 -1.6659e+00 -4.0111e+00 +1.5561e+00 +8.1405e-01 +3.8769e+00 -1.2060e+00 -2.9011e+00 -3.9550e+00
30 +1.303865048e+06 +1.303865048e+06 +1.303852248e+06 +1.303852248e+06 -3.7326e+00 -4.3478e+00 -2.1383e+00 -2.2681e+00 -1.7824e+00 -3.4958e+00 -3.6401e+00 -4.9161e+00 -2.5137e+00 +1.7215e+00
36 +7.462665241e+05 +7.462665241e+05 +7.462537241e+05 +7.462537241e+05 +4.1040e+00 -1.5268e+00 -2.3611e+00 -3.7835e+00 +3.9918e+00 +4.3887e+00 -4.9011e+00 -9.2411e-01 -4.4605e+00 -2.5391e+00
80 +4.071566640e+05 +4.071566640e+05 +4.071438640e+05 +4.071438640e+05 +3.7805e+00 -1.4501e+00 +2.0024e+00 -3.5961e+00 +1.9386e+00 -4.1329e+00 -2.9675e+00 -1.8168e+00 -2.6740e+00 -2.9805e+00
504 +3.770283447e+05 +3.770283447e+05 +3.770155447e+05 +3.770155447e+05 +2.1569e+00 +2.5046e+00 +2.4462e+00 -4.3976e+00 +3.3606e+00 -4.5748e+00 -4.9683e+00 -2.4826e+00 -4.1305e+00 -4.7088e+00
1533 +2.494251149e+05 +2.494251149e+05 +2.494123149e+05 +2.494123149e+05 +7.3053e-02 +1.1846e+00 -2.8292e+00 -1.8934e+00 +4.8122e+00 -1.1661e+00 +2.9728e-01 -2.4050e+00 -5.7129e-01 -2.4400e+00
1986 +9.384998397e+04 +9.384998397e+04 +9.383718397e+04 +9.383718397e+04 -9.8844e-01 -3.4222e+00 -4.6835e+00 -3.4440e-01 +4.4688e+00 -1.1791e+00 +2.0525e+00 -2.2817e+00 -3.2497e-01 +2.2187e+00
4128 +4.404650981e+04 +4.404650981e+04 +4.403370981e+04 +4.403370981e+04 -4.9581e+00 -4.6810e+00 -4.7696e+00 +2.5776e-01 +1.8973e+00 +1.9210e+00 +3.2317e+00 -3.1205e+00 -4.4799e+00 -1.9084e+00
% function evaluation | noise-free fitness - Fopt (-3.856900000000e+02) | best noise-free fitness - Fopt | measured fitness | best measured fitness | x1 | x2...
1 +1.004252677e+07 +1.004252677e+07 +1.004214108e+07 +1.004214108e+07 +3.9318e+00 -3.3831e+00 -8.3654e-01 +3.0454e-01 +9.4820e-01 +1.0740e+00 -4.6738e+00 +2.0253e+00 -2.5534e+00 -1.8085e+00
5 +5.372860014e+06 +5.372860014e+06 +5.372474324e+06 +5.372474324e+06 -1.2933e-01 +1.2370e+00 -1.8843e+00 -4.2622e+00 +4.4358e+00 +2.1677e+00 +2.6666e+00 +1.4047e+00 -2.3913e+00 -4.1483e+00
7 +3.336097587e+06 +3.336097587e+06 +3.335711897e+06 +3.335711897e+06 -8.9465e-01 +7.9467e-02 +3.2693e+00 +1.7124e+00 -2.5151e+00 -1.6836e+00 -2.1946e+00 -2.4547e+00 +1.3041e+00 -4.9168e-01
9 +1.427843846e+06 +1.427843846e+06 +1.427458156e+06 +1.427458156e+06 -1.7371e+00 -3.8012e+00 -1.6483e+00 -3.3119e+00 +2.2134e+00 +4.1799e+00 -2.2876e-01 -2.6127e+00 -3.0720e+00 +4.8555e+00
33 +6.903726843e+05 +6.903726843e+05 +6.899869943e+05 +6.899869943e+05 +3.4202e+00 -1.8148e+00 -1.2397e+00 -4.0213e+00 -2.6751e+00 +1.9929e+00 -3.2901e+00 +4.7362e+00 +4.5227e+00 -4.8063e+00
256 +5.392444400e+05 +5.392444400e+05 +5.388587500e+05 +5.388587500e+05 -2.1779e-01 -7.5651e-01 -4.4814e+00 -1.5840e+00 -1.6100e+00 +4.0343e+00 -4.6590e+00 -1.6063e+00 -9.7812e-01 +3.5815e+00
842 +1.594755636e+05 +1.594755636e+05 +1.590898736e+05 +1.590898736e+05 +1.8107e+00 +2.4440e+00 -3.5932e+00 +3.7317e-01 +1.2822e+00 +4.0675e+00 -4.8535e+00 +4.0653e+00 -2.9165e+00 +2.6569e+00
4513 +8.850213755e+04 +8.850213755e+04 +8.811644755e+04 +8.811644755e+04 -3.9162e+00 +4.5333e+00 +1.3183e+00 -2.4146e+00 -3.5192e+00 -1.8342e-01 -4.5536e+00 +4.1155e+00 -2.0827e+00 +1.1748e+00
% function evaluation | noise-free fitness - Fopt (4.000000000000e+01) | best noise-free fitness - Fopt | measured fitness | best measured fitness | x1 | x2...
1 +9.444584976e+06 +9.444584976e+06 +9.444624976e+06 +9.444624976e+06 -2.6807e+00 -3.2021e+00 -4.6766e+00 -3.7563e+00 -4.1079e+00 -4.6334e+00 +8.0802e-01 +7.3134e-01 +3.6243e+00 -2.6100e+00
6 +6.054897249e+06 +6.054897249e+06 +6.054937249e+06 +6.054937249e+06 -9.2569e-01 +2.2979e+00 -8.7609e-01 -3.9014e+00 +1.0828e+00 +2.0501e+00 -4.1003e+00 -4.3519e+00 -2.0343e+00 +3.2571e+00
21 +3.902191851e+06 +3.902191851e+06 +3.902231851e+06 +3.902231851e+06 -4.2860e+00 -9.4623e-01 +1.1849e+00 -4.0290e+00 +3.5127e+00 -1.3280e+00 +2.3982e+00 -3.3745e+00 -1.4080e+00 +2.7117e+00
52 +2.408105963e+06 +2.408105963e+06 +2.408145963e+06 +2.408145963e+06 -4.2140e+00 -2.5398e+00 -3.2501e+00 -3.7875e+00 -7.6507e-01 +3.0091e+00 +1.6405e+00 -3.1819e+00 -1.4688e+00 +1.7757e+00
58 +1.201928467e+06 +1.201928467e+06 +1.201968467e+06 +1.201968467e+06 +4.7597e+00 +1.2308e+00 -3.9610e+00 -2.2759e+00 +3.1640e+00 -2.0734e+00 +5.8861e-01 -1.0546e+00 -1.3396e+00 -6.4292e-01
158 +7.464324228e+05 +7.464324228e+05 +7.464724228e+05 +7.464724228e+05 +2.8557e+00 -7.4484e-01 -3.0987e+00 -2.9026e+00 +3.5144e+00 -2.3983e+00 -3.8451e-01 +2.9697e+00 -7.2644e-01 -2.8171e+00
368 +1.165457681e+05 +1.165457681e+05 +1.165857681e+05 +1.165857681e+05 +3.7920e+00 +2.7477e+00 -3.6820e+00 -4.7936e+00 +4.3937e-01 -2.1204e+00 -2.7772e+00 -2.5401e+00 -1.9334e+00 -1.6626e+00
% function evaluation | noise-free fitness - Fopt (1.142600000000e+02) | best noise-free fitness - Fopt | measured fitness | best measured fitness | x1 | x2...
1 +2.209722302e+06 +2.209722302e+06 +2.209836562e+06 +2.209836562e+06 -5.7753e-01 -5.5736e-01 +4.6647e+00 -1.1794e+00 +3.7220e+00 -1.4638e+00 -2.7793e+00 +6.2940e-01 -4.1950e+00 -1.0896e-01
20 +1.072979818e+06 +1.072979818e+06 +1.073094078e+06 +1.073094078e+06 -1.9808e+00 +2.4652e+00 +3.1917e+00 -6.6286e-01 -3.4902e+00 +2.0642e+00 +5.6590e-01 +1.4722e+00 -1.1342e+00 -2.9640e+00
34 +9.973035154e+04 +9.973035154e+04 +9.984461154e+04 +9.984461154e+04 +4.1487e+00 +3.0722e+00 +3.8416e+00 -2.9119e+00 +2.1492e+00 -4.6695e+00 +3.1719e+00 -1.7239e-01 -3.3623e+00 +4.9431e+00
1458 +6.274986555e+04 +6.274986555e+04 +6.286412555e+04 +6.286412555e+04 -4.4110e+00 -4.4273e+00 +3.5022e+00 -3.7468e+00 -4.5534e+00 -4.8553e-01 -3.9163e+00 +2.4140e-02 -3.0293e+00 -1.4061e+00
% function evaluation | noise-free fitness - Fopt (1.393000000000e+01) | best noise-free fitness - Fopt | measured fitness | best measured fitness | x1 | x2...
1 +1.372646986e+07 +1.372646986e+07 +1.372648379e+07 +1.372648379e+07 -2.7360e+00 -9.8040e-01 -2.8881e+00 -2.4952e+00 +1.7708e+00 -2.4927e+00 +4.7311e+00 +8.7802e-01 +2.9327e+00 +3.8174e+00
3 +3.899712533e+06 +3.899712533e+06 +3.899726463e+06 +3.899726463e+06 +1.7950e-01 -4.5208e+00 +1.9684e+00 -2.8418e+00 -2.9372e+00 -5.8076e-01 -9.3635e-01 +4.7838e+00 +4.6763e+00 +9.1637e-03
5 +5.109604232e+05 +5.109604232e+05 +5.109743532e+05 +5.109743532e+05 +1.9127e+00 -1.4997e+00 -7.4479e-01 -2.8232e+00 -2.3462e+00 -2.1502e+00 +3.8020e+00 +3.7930e-01 -2.7695e+00 +3.4295e+00
91 +2.925013058e+05 +2.925013058e+05 +2.925152358e+05 +2.925152358e+05 +2.3154e+00 +1.3701e+00 -2.7171e+00 +5.7369e-01 -3.0436e-01 -1.6872e+00 +4.1325e+00 +1.8411e+00 +1.2218e+00 -1.8932e+00
540 +1.913678115e+05 +1.913678115e+05 +1.913817415e+05 +1.913817415e+05 -2.6055e+00 +6.3761e-01 +3.2859e+00 -1.7017e+00 +2.3157e+00 -1.5067e+00 +2.1660e+00 +4.1340e+00 -3.2070e+00 +1.3914e+00
1610 +8.609496839e+04 +8.609496839e+04 +8.610889839e+04 +8.610889839e+04 +2.5984e+00 -4.8792e+00 +3.0662e+00 +9.6148e-01 +3.0654e+00 +1.4712e+00 -2.5513e+00 -2.1281e+00 +2.0823e+00 -2.5277e+00
2945 +4.263313851e+04 +4.263313851e+04 +4.264706851e+04 +4.264706851e+04 -1.7861e+00 -9.3964e-01 +4.8978e+00 -5.5840e-01 +5.3409e-01 -2.8084e+00 +4.3298e-01 -1.7471e+00 -1.3586e+00 -8.1879e-01
% function evaluation | noise-free fitness - Fopt (-3.175000000000e+01) | best noise-free fitness - Fopt | measured fitness | best measured fitness | x1 | x2...
1 +5.809392181e+06 +5.809392181e+06 +5.809360431e+06 +5.809360431e+06 +3.0940e+00 +2.1887e+00 +3.7781e+00 +2.0049e+00 -2.3888e+00 +4.8847e+00 +3.3970e+00 +4.3332e+00 -4.0187e-01 -1.3181e+00
10 +3.237040845e+06 +3.237040845e+06 +3.237009095e+06 +3.237009095e+06 -2.8634e+00 -3.3831e+00 -4.5473e-02 -1.0280e+00 +4.3300e+00 +2.1899e+00 -2.9343e+00 +1.7673e+00 +2.6678e+00 -4.8840e-01
92 +2.388640919e+06 +2.388640919e+06 +2.388609169e+06 +2.388609169e+06 -4.7055e+00 +2.2958e+00 +3.6217e+00 -3.3421e+00 -2.3253e+00 +4.0310e+00 +3.6848e+00 +2.7669e+00 -4.4934e+00 +3.8296e+00
100 +4.738111892e+05 +4.738111892e+05 +4.737794392e+05 +4.737794392e+05 +1.7790e+00 -4.0133e+00 +2.9907e+00 +9.7043e-02 -3.1184e+00 +4.0677e+00 -3.4581e+00 +3.7544e+00 -4.9702e+00 +2.5540e+00
108 +2.333200749e+05 +2.333200749e+05 +2.332883249e+05 +2.332883249e+05 -4.6250e+00 -4.0845e+00 -2.1033e+00 -1.3957e+00 -1.9189e+00 -2.9927e-01 +9.1856e-01 +4.0817e+00 -1.0482e+00 +1.0384e+00
2266 +6.218250298e+04 +6.218250298e+04 +6.215075298e+04 +6.215075298e+04 -4.6901e+00 -4.7092e+00 +4.0740e+00 -3.8525e+00 -3.4618e+00 -4.7201e+00 -2.3618e+00 +3.9293e+00 +2.6907e+00 -2.2684e+00
% function evaluation | noise-free fitness - Fopt (5.432000000000e+01) | best noise-free fitness - Fopt | measured fitness | best measured fitness | x1 | x2...
1 +2.134513698e+06 +2.134513698e+06 +2.134568018e+06 +2.134568018e+06 +2.1263e+00 +6.4092e-01 +1.4501e+00 +2.8906e+00 -3.5950e+00 +1.3833e+00 -2.9730e+00 -3.6006e+00 -4.6328e+00 +2.0340e+00
17 +1.330409420e+06 +1.330409420e+06 +1.330463740e+06 +1.330463740e+06 -2.2499e+00 -4.1381e+00 +4.0610e-01 -2.2299e+00 -2.5616e+00 +1.6317e+00 -4.1987e+00 -3.9270e+00 +4.1661e+00 -4.1414e+00
36 +3.214663140e+05 +3.214663140e+05 +3.215206340e+05 +3.215206340e+05 +1.6968e+00 -2.1681e+00 +6.1954e-01 -2.9840e+00 +1.7742e+00 -1.6866e-01 +4.7485e-01 -4.8374e+00 +1.0767e+00 -7.1216e-01
817 +2.270409293e+05 +2.270409293e+05 +2.270952493e+05 +2.270952493e+05 +2.7316e+00 -2.7051e+00 -1.1338e+00 -4.9366e+00 +3.7033e+00 +2.3752e+00 -2.7461e+00 -1.8227e+00 +4.5574e+00 +4.3405e+00
3383 +1.563546289e+05 +1.563546289e+05 +1.564089489e+05 +1.564089489e+05 +2.5565e+00 -2.8056e+00 -1.5009e+00 +2.1950e+00 +4.4786e+00 +9.8269e-01 -4.2066e+00 -2.8047e+00 +4.4133e+00 -4.4175e+00
% function evaluation | noise-free fitness - Fopt (4.052000000000e+01) | best noise-free fitness - Fopt | measured fitness | best measured fitness | x1 | x2...
1 +7.350155806e+07 +7.350155806e+07 +7.350159858e+07 +7.350159858e+07 -4.4970e+00 +3.7168e+00 -4.6025e+00 +2.2024e+00 +1.2159e+00 +4.7954e+00 +2.2912e+00 -2.1438e+00 -1.3222e+00 -1.4707e+00
2 +2.904708496e+07 +2.904708496e+07 +2.904712548e+07 +2.904712548e+07 +2.7957e-01 +2.7885e+00 +1.7923e+00 -3.3187e+00 +4.2754e+00 +9.5153e-01 -4.6701e-01 -3.5485e-01 -4.1137e+00 +3.2415e+00
3 +1.483734043e+07 +1.483734043e+07 +1.483738095e+07 +1.483738095e+07 +8.3483e-01 -3.8546e+00 +1.2563e+00 -4.5918e+00 +2.6333e+00 -1.5308e+00 -3.6454e-01 +7.5672e-01 +6.8585e-01 -3.3977e+00
7 +2.047299562e+06 +2.047299562e+06 +2.047340082e+06 +2.047340082e+06 +1.3764e+00 +2.5798e-01 +4.0351e+00 +1.3195e+00 -3.5749e+00 +3.3269e+00 +4.5015e+00 -2.1929e+00 -2.4383e+00 +7.6402e-01
118 +1.216393889e+06 +1.216393889e+06 +1.216434409e+06 +1.216434409e+06 +2.3719e-01 -2.4887e+00 -3.9319e-01 -4.2438e-01 -2.8198e+00 +2.0183e+00 -9.9466e-02 -5.7605e-01 -3.4873e+00 +2.8086e+00
135 +2.214227115e+05 +2.214227115e+05 +2.214632315e+05 +2.214632315e+05 +3.1611e+00 -3.3491e+00 -1.2552e+00 +2.8910e+00 +4.0507e-01 +3.8132e+00 +4.5655e+00 +4.8338e-01 -2.4738e+00 +2.2739e+00
376 +8.080845806e+04 +8.080845806e+04 +8.084897806e+04 +8.084897806e+04 +1.7800e+00 -3.2172e+00 -2.7452e+00 -2.3188e-01 +1.1869e+00 -4.1215e+00 -1.0212e+00 +4.7786e+00 -3.5691e+00 +3.9294e+00
% function evaluation | noise-free fitness - Fopt (-1.184900000000e+02) | best noise-free fitness - Fopt | measured fitness | best measured fitness | x1 | x2...
1 +7.001063307e+07 +7.001063307e+07 +7.001051458e+07 +7.001051458e+07 -2.8727e+00 +4.2149e+00 -1.5237e+00 +1.0223e+00 +3.9541e+00 +4.3535e+00 +4.6006e+00 -4.2475e+00 +1.1712e+00 -1.9306e-01
2 +5.444314819e+07 +5.444314819e+07 +5.444302970e+07 +5.444302970e+07 +5.5289e-01 -8.4464e-01 -1.7530e+00 +4.8683e+00 +3.6844e+00 +4.7018e+00 -4.3662e+00 -1.1045e+00 -5.5270e-01 -6.3389e-01
3 +6.151531307e+06 +6.151531307e+06 +6.151412817e+06 +6.151412817e+06 -8.2188e-01 +2.5136e+00 +3.9244e+00 +1.8825e+00 -4.2352e+00 -4.9263e+00 +3.7660e-01 -1.2630e+00 -2.7675e+00 -2.8836e+00
8 +3.553825846e+06 +3.553825846e+06 +3.553707356e+06 +3.553707356e+06 +1.6199e+00 +3.6444e-01 -6.4188e-02 -5.5470e-01 -4.2445e+00 +4.9264e+00 -7.6919e-01 -7.1934e-02 -2.2467e+00 -3.9378e+00
15 +2.474039743e+06 +2.474039743e+06 +2.473921253e+06 +2.473921253e+06 -4.4934e+00 +8.3700e-01 -4.2019e+00 +2.9048e+00 -1.3989e+00 -1.0544e+00 -2.5456e+00 -2.7138e+00 +4.6550e+00 -4.8319e+00
17 +1.233062892e+06 +1.233062892e+06 +1.232944402e+06 +1.232944402e+06 +4.0571e+00 +4.9149e+00 -4.2465e+00 +4.9957e+00 -4.6994e+00 -2.4595e+00 +6.2034e-01 -1.1334e+00 +1.2770e+00 -2.2466e+00
92 +8.527206679e+05 +8.527206679e+05 +8.526021779e+05 +8.526021779e+05 -4.0830e+00 -3.0205e+00 -4.1663e+00 -3.1978e+00 -3.7552e+00 -2.8902e-01 -3.5394e+00 -1.6024e+00 +4.0514e+00 -4.4174e+00
309 +4.237755418e+05 +4.237755418e+05 +4.236570518e+05 +4.236570518e+05 -2.6396e+00 -1.3655e+00 -4.2388e+00 +4.7289e+00 -4.2100e+00 -3.1353e+00 +2.4733e+00 +4.7256e+00 +3.1762e+00 -1.0489e+00
666 +1.402356882e+05 +1.402356882e+05 +1.401171982e+05 +1.401171982e+05 -2.9565e+00 +3.8080e-01 -2.8182e+00 +7.6104e-02 -4.6769e+00 -4.8320e+00 -2.5958e+00 -2.6386e+00 -2.3332e+00 -1.3063e+00
% function evaluation | noise-free fitness - Fopt (2.810000000000e+01) | best noise-free fitness - Fopt | measured fitness | best measured fitness | x1 | x2...
1 +1.108317222e+07 +1.108317222e+07 +1.108320032e+07 +1.108320032e+07 +6.0919e-01 -2.1344e+00 +1.9528e+00 +4.3316e+00 +1.9306e+00 +4.2017e+00 +1.2992e+00 +4.6575e+00 -2.1358e+00 -4.0933e+00
3 +5.422746404e+06 +5.422746404e+06 +5.422774504e+06 +5.422774504e+06 -6.1128e-01 +4.8900e+00 +3.2657e+00 -3.5475e-01 +3.3729e+00 -2.8279e+00 -2.8982e+00 +1.6111e+00 +1.1131e+00 -1.2460e+00
4 +2.537892863e+06 +2.537892863e+06 +2.537920963e+06 +2.537920963e+06 -2.4112e+00 -8.4472e-01 +2.5918e-01 +4.3821e+00 -2.9426e+00 -4.4391e+00 -2.4313e+00 +9.6404e-01 -2.4566e+00 +4.5097e+00
14 +1.753317315e+06 +1.753317315e+06 +1.753345415e+06 +1.753345415e+06 -2.1082e+00 +9.2667e-01 -2.0649e+00 -4.1714e+00 -4.7440e+00 -2.9386e+00 +2.7121e+00 -2.5064e+00 -4.2686e+00 -3.7632e+00
25 +6.440344552e+05 +6.440344552e+05 +6.440625552e+05 +6.440625552e+05 -2.2067e+00 +4.3765e+00 +1.5817e+00 +1.1410e+00 -4.7327e+00 -2.0063e-01 -3.1856e+00 +4.3078e+00 -3.6494e+00 -2.1284e+00
87 +5.377392880e+05 +5.377392880e+05 +5.377673880e+05 +5.377673880e+05 +4.4136e+00 +2.2150e+00 -5.3446e-01 -4.7753e+00 -3.4535e+00 -4.1868e+00 +1.2235e-01 +4.7454e+00 +4.3073e+00 -1.5072e+00
134 +8.124938890e+04 +8.124938890e+04 +8.127748890e+04 +8.127748890e+04 +2.3128e+00 +3.0270e+00 -9.2292e-01 -2.5717e+00 -2.8354e+00 -1.9052e+00 +3.0409e+00 -5.7347e-01 -4.4354e+00 -4.8430e+00
