% function evaluation | noise-free fitness - Fopt (-6.211100000000e+02) | best noise-free fitness - Fopt | measured fitness | best measured fitness | x1 | x2...
1 +1.243627530e+09 +1.243627530e+09 +1.243626909e+09 +1.243626909e+09 -6.8007e-01 -3.1017e+00 +4.4567e-01 -2.8287e+00 -3.0300e+00 +2.7511e+00 -4.2007e+00 -2.1772e+00 -3.7529e+00 -4.1029e+00
3 +7.132361333e+07 +7.132361333e+07 +7.132299222e+07 +7.132299222e+07 -2.1513e+00 +1.0413e+00 +3.9353e+00 +1.1009e+00 +3.3695e+00 -1.2078e+00 +3.5625e+00 -1.6181e+00 +7.4295e-01 +1.0147e+00
68 +6.043133733e+07 +6.043133733e+07 +6.043071622e+07 +6.043071622e+07 +9.7503e-01 +3.3577e+00 +2.5521e+00 -4.0939e+00 +2.8443e-01 +3.3499e+00 +1.2890e+00 +2.1766e+00 +7.5441e-01 -2.6418e+00
90 +3.557364247e+07 +3.557364247e+07 +3.557302136e+07 +3.557302136e+07 +2.8794e+00 +3.7014e+00 -2.6038e+00 -4.0034e+00 +3.1883e+00 +1.2572e-01 +2.0214e-01 -5.4787e-01 +1.1424e+00 -1.8382e+00
938 +2.331735482e+07 +2.331735482e+07 +2.331673371e+07 +2.331673371e+07 +1.8267e+00 +3.5286e+00 -5.7131e-01 -8.5868e-01 +3.3473e+00 -1.1557e+00 +8.9782e-01 -5.2074e-01 +7.5594e-01 -1.6928e+00
1210 +1.380231583e+07 +1.380231583e+07 +1.380169472e+07 +1.380169472e+07 -6.9590e-01 +4.1864e+00 -7.3784e-02 -3.3156e+00 -1.4304e+00 -3.4769e-01 +1.5987e+00 -1.0521e+00 -1.7436e+00 -1.0218e+00
% function evaluation | noise-free fitness - Fopt (-2.548200000000e+02) | best noise-free fitness - Fopt | measured fitness | best measured fitness | x1 | x2...
1 +6.587462205e+08 +6.587462205e+08 +6.587459657e+08 +6.587459657e+08 -2.6373e+00 -3.3894e+00 +3.8389e+00 -2.6911e+00 -7.1514e-01 +2.3797e+00 -2.6776e+00 +8.3425e-01 -7.8259e-02 +1.4511e+00
5 +2.711000947e+08 +2.711000947e+08 +2.710998399e+08 +2.710998399e+08 +3.0864e-01 -8.5169e-01 +3.5048e+00 +2.6869e-01 +4.0804e+00 +1.3890e+00 +4.8595e+00 -4.8779e-01 -3.3046e-02 +4.9743e+00
6 +2.444180932e+08 +2.444180932e+08 +2.444178384e+08 +2.444178384e+08 +3.9839e+00 +1.5406e+00 +3.8474e+00 +3.6546e+00 +3.9951e+00 -1.0168e+00 +2.3455e+00 -2.6477e+00 +4.1284e+00 -4.3227e+00
7 +1.025952464e+08 +1.025952464e+08 +1.025949916e+08 +1.025949916e+08 -1.5145e+00 +4.1923e+00 -3.1545e+00 +5.1115e-01 +4.7196e+00 -8.7252e-01 +2.7600e+00 +2.8558e+00 +5.8771e-01 +3.6623e-01
12 +9.414684285e+07 +9.414684285e+07 +9.414658803e+07 +9.414658803e+07 +4.9686e+00 +5.4409e-01 +1.6185e+00 +9.0048e-02 -5.3634e-01 +4.3417e+00 -2.8319e+00 +1.3922e+00 -3.6279e+00 +7.8170e-01
15 +4.681978708e+07 +4.681978708e+07 +4.681953226e+07 +4.681953226e+07 +3.5439e+00 +1.6148e+00 -2.2868e+00 -4.2437e+00 -1.8320e-01 -1.5633e+00 -5.6549e-02 -2.5516e+00 +4.6986e-01 +4.5370e+00
37 +2.652588813e+07 +2.652588813e+07 +2.652563331e+07 +2.652563331e+07 +2.9556e+00 +1.5297e+00 -1.9667e-01 +1.4514e+00 -2.9235e-01 +1.0085e+00 -1.1985e+00 +3.1832e+00 +3.4127e+00 +1.9769e+00
1875 +1.826710793e+07 +1.826710793e+07 +1.826685311e+07 +1.826685311e+07 +3.6412e+00 +2.0697e+00 +1.1577e+00 +1.7550e-01 -2.3965e+00 +1.6049e+00 -1.4299e-01 +4.3823e+00 +1.8374e+00 +2.4522e+00
% function evaluation | noise-free fitness - Fopt (5.661000000000e+01) | best noise-free fitness - Fopt | measured fitness | best measured fitness | x1 | x2...
1 +8.122445481e+09 +8.122445481e+09 +8.122445537e+09 +8.122445537e+09 -4.1920e-01 +1.8974e+00 -4.3810e-01 +3.7348e+00 -4.9552e+00 +5.5800e-01 +1.7252e+00 +4.1929e+00 +2.5736e+00 -2.6135e+00
2 +1.993353903e+08 +1.993353903e+08 +1.993354469e+08 +1.993354469e+08 +4.2206e+00 -2.0255e+00 +2.2843e-01 +1.6600e+00 +1.2174e+00 +1.9555e+00 -1.6842e+00 -5.4937e-01 -3.8600e+00 +4.8783e+00
5 +9.015050588e+07 +9.015050588e+07 +9.015056249e+07 +9.015056249e+07 -3.5352e-01 -4.5911e+00 +4.3835e-01 -1.5124e+00 -1.3835e+00 -3.2179e+00 -3.9776e+00 -3.0432e+00 +5.3284e-01 +3.0036e+00
28 +4.243419469e+07 +4.243419469e+07 +4.243425130e+07 +4.243425130e+07 -4.8251e+00 -4.2013e+00 -4.6521e+00 +2.9316e+00 -1.6281e+00 -4.8463e-02 +6.8269e-01 -2.5764e+00 +1.8787e+00 -6.6859e-01
421 +3.844475732e+07 +3.844475732e+07 +3.844481393e+07 +3.844481393e+07 -1.6907e+00 -3.3065e-01 -1.6727e+00 +2.4622e+00 -1.0863e+00 -3.1309e+00 +3.3326e+00 -2.6035e-01 +1.1368e+00 +3.0248e+00
1072 +1.758753420e+07 +1.758753420e+07 +1.758759081e+07 +1.758759081e+07 -4.5794e+00 -3.6036e+00 -3.9380e+00 -6.9155e-01 -4.3665e+00 +7.9608e-01 +1.2711e+00 -4.2885e+00 -1.6940e-01 +1.7270e+00
% function evaluation | noise-free fitness - Fopt (-1.810000000000e+01) | best noise-free fitness - Fopt | measured fitness | best measured fitness | x1 | x2...
1 +3.765676525e+08 +3.765676525e+08 +3.765676344e+08 +3.765676344e+08 -4.4896e+00 -1.5861e+00 -2.1509e+00 -5.6486e-01 -3.7106e+00 +4.6352e+00 +2.9713e+00 +2.1971e+00 +4.3905e+00 -4.8982e+00
5 +1.223534190e+08 +1.223534190e+08 +1.223534009e+08 +1.223534009e+08 -4.3721e+00 -3.0989e+00 -1.7658e+00 -2.0343e+00 -1.3511e+00 +4.4134e+00 +8.0574e-03 -1.4759e+00 +5.3095e-01 +2.1226e+00
46 +8.617680307e+07 +8.617680307e+07 +8.617678497e+07 +8.617678497e+07 -6.1482e-01 +2.8069e+00 -1.5545e+00 -2.4489e+00 +1.5809e+00 +5.2753e-01 +1.2029e+00 +2.9054e+00 -2.3923e-01 +2.3690e+00
92 +3.782484953e+07 +3.782484953e+07 +3.782483143e+07 +3.782483143e+07 -1.8028e+00 -3.0196e+00 +1.9682e+00 +1.9136e+00 +2.7871e+00 -1.7090e+00 +1.0817e+00 +5.9121e-02 -6.5138e-01 +3.3091e+00
805 +1.852622707e+07 +1.852622707e+07 +1.852620897e+07 +1.852620897e+07 -2.9726e+00 +2.3371e+00 +1.7693e+00 +4.0479e+00 +1.9364e+00 -5.3901e-01 +3.4756e+00 -2.0161e+00 -4.2766e-01 +2.1270e+00
% function evaluation | noise-free fitness - Fopt (3.777000000000e+01) | best noise-free fitness - Fopt | measured fitness | best measured fitness | x1 | x2...
1 +4.833181060e+08 +4.833181060e+08 +4.833181438e+08 +4.833181438e+08 -2.6473e+00 -3.9299e+00 -2.0902e+00 -4.3817e+00 -2.8378e+00 +2.7179e+00 -3.6538e+00 +2.7448e+00 +3.3347e+00 +5.7600e-01
2 +3.034800713e+08 +3.034800713e+08 +3.034801091e+08 +3.034801091e+08 -4.5956e+00 +5.8380e-01 -4.8780e+00 +3.0351e+00 +1.6768e+00 -9.4118e-01 +3.6916e+00 +3.3564e+00 +3.1367e+00 +2.3337e+00
3 +2.366656386e+08 +2.366656386e+08 +2.366656763e+08 +2.366656763e+08 -3.2481e+00 -3.7658e-01 +4.8179e+00 +7.9239e-01 +4.1860e+00 -4.1316e+00 -4.7094e+00 -4.1220e+00 +2.3137e+00 -1.3127e+00
9 +1.040775006e+08 +1.040775006e+08 +1.040775383e+08 +1.040775383e+08 +1.8939e+00 +2.4610e+00 -1.4075e+00 -3.0512e+00 +9.1872e-01 -5.4272e-01 -6.5242e-01 +2.8315e+00 +1.2871e+00 +4.2383e+00
12 +5.958034464e+07 +5.958034464e+07 +5.958038241e+07 +5.958038241e+07 -2.8530e+00 +4.8653e-01 -3.2147e+00 -1.2982e+00 -6.3846e-01 -3.0896e+00 -4.5870e+00 -1.5058e+00 -4.4181e+00 -4.0790e+00
125 +2.671314094e+07 +2.671314094e+07 +2.671317871e+07 +2.671317871e+07 -2.0134e+00 +1.6234e+00 +3.7380e+00 -9.4954e-01 +3.0637e+00 -1.8276e-01 -2.4389e+00 +3.9992e+00 -9.9197e-01 -2.0113e+00
314 +2.410135633e+07 +2.410135633e+07 +2.410139410e+07 +2.410139410e+07 -4.0147e+00 +4.5023e+00 -4.6524e-01 -2.2184e+00 +4.0399e+00 -3.0586e+00 -2.6059e+00 +1.7472e+00 -9.9119e-01 -1.2398e+00
4272 +1.264891726e+07 +1.264891726e+07 +1.264895503e+07 +1.264895503e+07 -2.6343e+00 +2.4587e+00 -1.7107e-01 -7.4587e-01 +4.1704e+00 -4.5507e+00 -3.3340e+00 +3.9336e+00 -7.0357e-01 -2.0357e+00
% function evaluation | noise-free fitness - Fopt (-1.523000000000e+01) | best noise-free fitness - Fopt | measured fitness | best measured fitness | x1 | x2...
1 +1.008681613e+09 +1.008681613e+09 +1.008681598e+09 +1.008681598e+09 -2.8214e+00 -3.0179e+00 -1.0157e-01 +4.3422e+00 -3.9761e+00 -3.6642e+00 -1.9099e+00 -4.7960e-01 +1.4811e+00 -1.4665e+00
2 +8.489588723e+08 +8.489588723e+08 +8.489588571e+08 +8.489588571e+08 +4.4316e+00 +4.4228e+00 -7.9696e-01 -4.1486e+00 +1.7279e+00 -4.3554e+00 +4.3962e+00 -4.3472e+00 +2.8947e+00 -3.6432e+00
6 +1.843194386e+08 +1.843194386e+08 +1.843194233e+08 +1.843194233e+08 +7.4614e-01 -2.4759e-01 -2.8241e+00 -1.3575e+00 -4.5458e+00 -2.0824e+00 -3.5312e+00 -4.5203e+00 -1.6219e+00 +2.4019e+00
10 +1.433530828e+08 +1.433530828e+08 +1.433530676e+08 +1.433530676e+08 -1.8341e+00 +2.8266e+00 -2.8856e-01 -7.9355e-01 -4.2074e+00 -2.6527e-01 -3.4626e+00 -2.4239e+00 +3.3152e+00 +4.8530e+00
82 +2.120224322e+07 +2.120224322e+07 +2.120222799e+07 +2.120222799e+07 +2.8113e+00 +2.8959e+00 -3.7447e+00 +3.1876e-01 +1.6070e-01 -1.0898e+00 -4.0460e+00 +1.5547e+00 +1.7948e+00 -1.8195e+00
93 +1.393015474e+07 +1.393015474e+07 +1.393013951e+07 +1.393013951e+07 +3.5508e+00 +3.9689e+00 -3.3495e+00 +3.9487e+00 -4.1496e+00 -1.1287e+00 -3.1164e+00 +5.2846e-01 +4.0955e+00 -3.7448e+00
% function evaluation | noise-free fitness - Fopt (-1.614300000000e+02) | best noise-free fitness - Fopt | measured fitness | best measured fitness | x1 | x2...
1 +2.404311557e+08 +2.404311557e+08 +2.404309942e+08 +2.404309942e+08 -2.7686e+00 +1.7361e-01 -4.2501e+00 -1.9728e+00 -2.3096e+00 +4.2242e+00 +3.9114e+00 -1.9465e-01 -1.9496e-01 +4.8160e-01
13 +1.340846848e+08 +1.340846848e+08 +1.340845233e+08 +1.340845233e+08 -2.6124e+00 -1.8097e+00 +9.0180e-01 +3.2080e-02 +4.8121e+00 -2.1517e+00 +3.2949e+00 +4.6394e+00 +4.0496e+00 +1.1737e+00
21 +6.846013201e+07 +6.846013201e+07 +6.845997058e+07 +6.845997058e+07 -3.2457e+00 -3.0256e+00 +1.2140e+00 +2.3982e+00 -1.8350e+00 -2.1273e+00 +4.7635e-01 +4.6308e+00 +4.7722e-01 -1.4858e+00
82 +3.996525471e+07 +3.996525471e+07 +3.996509328e+07 +3.996509328e+07 +1.9255e+00 -2.5210e+00 +2.6127e+00 +2.5906e+00 -1.4883e+00 +4.8611e-01 -5.3753e-01 -1.1018e+00 +3.8099e+00 -1.1353e+00
438 +3.034404561e+07 +3.034404561e+07 +3.034388418e+07 +3.034388418e+07 +1.0274e+00 -2.4120e+00 +3.3982e+00 +7.0542e-01 -1.8814e+00 -3.9211e+00 -2.8275e+00 -1.8386e+00 -2.5862e+00 -3.8995e+00
1521 +1.798236121e+07 +1.798236121e+07 +1.798219978e+07 +1.798219978e+07 -2.5791e-01 -3.7031e+00 +3.6734e+00 +1.8091e+00 +1.9229e-02 +4.9669e+00 -4.7501e+00 +2.4892e+00 +3.0213e+00 -3.0968e+00
4419 +1.492801089e+07 +1.492801089e+07 +1.492784946e+07 +1.492784946e+07 -8.3239e-01 -4.0771e+00 +1.4295e+00 +2.6242e+00 +4.4840e+00 +4.5460e+00 -1.9637e+00 +2.5257e+00 +3.8029e+00 -4.0696e+00
% function evaluation | noise-free fitness - Fopt (3.280300000000e+02) | best noise-free fitness - Fopt | measured fitness | best measured fitness | x1 | x2...
1 +1.375248174e+08 +1.375248174e+08 +1.375251454e+08 +1.375251454e+08 -1.9830e+00 +4.1167e+00 +1.0125e+00 +2.6587e+00 -8.4580e-01 -4.1822e+00 +2.7410e+00 -2.2864e+00 +1.8706e+00 -2.9832e+00
7 +5.256933899e+07 +5.256933899e+07 +5.256966702e+07 +5.256966702e+07 +1.4638e+00 +1.9682e+00 +1.0867e+00 -3.3286e+00 +4.4113e+00 -4.9902e+00 +2.8281e+00 +4.7528e+00 +1.2242e+00 -5.3110e-01
355 +3.487577580e+07 +3.487577580e+07 +3.487610383e+07 +3.487610383e+07 -1.3645e+00 +2.1875e+00 +4.2403e+00 +3.9215e+00 +1.5149e+00 +2.2989e+00 +1.1011e+00 -4.8614e+00 -5.6359e-01 -4.7969e+00
374 +1.814530997e+07 +1.814530997e+07 +1.814563800e+07 +1.814563800e+07 +3.2208e+00 +2.6726e+00 +1.9582e+00 -2.3033e+00 +4.8559e+00 -7.1945e-01 -1.7023e+00 -2.7770e+00 -2.5458e+00 -3.9758e+00
732 +1.329583069e+07 +1.329583069e+07 +1.329615872e+07 +1.329615872e+07 +2.9105e+00 +1.8149e+00 +7.5902e-01 -1.5932e+00 +3.0414e+00 -1.4102e+00 +5.7924e-02 +1.2255e+00 -1.0143e+00 -1.2330e+00
2944 +9.446341825e+06 +9.446341825e+06 +9.446669855e+06 +9.446669855e+06 +3.8933e+00 +3.7882e+00 +4.1476e+00 +7.9135e-01 +2.6918e+00 -4.0728e+00 -2.5152e-01 -2.2027e+00 -1.5164e+00 -4.0256e+00
% function evaluation | noise-free fitness - Fopt (-3.213000000000e+01) | best noise-free fitness - Fopt | measured fitness | best measured fitness | x1 | x2...
1 +2.646075331e+09 +2.646075331e+09 +2.646075299e+09 +2.646075299e+09 -1.2011e+00 -3.5163e+00 -1.1296e+00 -2.1248e+00 +3.3757e+00 -3.3417e+00 +3.6258e+00 -6.2342e-01 +7.1296e-01 +2.5515e+00
2 +7.876354436e+08 +7.876354436e+08 +7.876354115e+08 +7.876354115e+08 +4.9317e+00 -1.9958e+00 -3.6767e+00 -2.5288e+00 +1.2666e+00 -3.1126e+00 -1.0417e+00 +7.9737e-02 +3.4389e+00 -6.6191e-01
3 +1.650225591e+08 +1.650225591e+08 +1.650225270e+08 +1.650225270e+08 +6.3080e-01 -1.2630e+00 +2.5527e+00 -2.5669e+00 -2.1449e-02 -3.1177e-02 +3.1532e+00 +4.7265e+00 -2.4528e+00 -2.0339e+00
12 +1.085041244e+08 +1.085041244e+08 +1.085040922e+08 +1.085040922e+08 -2.1362e+00 -1.2915e+00 -7.7413e-01 -1.7955e+00 +3.8219e+00 +2.2741e+00 -3.3148e+00 -2.2193e+00 -3.9247e+00 +3.8649e+00
33 +8.533051916e+07 +8.533051916e+07 +8.533048703e+07 +8.533048703e+07 -3.7580e+00 +2.7810e+00 +3.2506e+00 -4.3691e+00 -3.6459e+00 +1.7086e+00 -5.9059e-01 +2.9724e+00 -9.8659e-01 -1.2729e+00
113 +6.052019429e+07 +6.052019429e+07 +6.052016216e+07 +6.052016216e+07 -2.7050e+00 +3.1575e+00 +4.2165e+00 -4.3630e+00 +2.1079e+00 -1.1566e+00 -1.9485e+00 -4.3876e+00 -2.6240e+00 +1.2241e+00
315 +2.107197400e+07 +2.107197400e+07 +2.107194187e+07 +2.107194187e+07 +2.1586e+00 +6.9150e-01 +4.5545e+00 -1.0798e+00 -2.2868e+00 +4.4124e+00 +1.5253e+00 -2.8980e+00 -2.2543e+00 -3.1687e+00
% function evaluation | noise-free fitness - Fopt (1.576000000000e+01) | best noise-free fitness - Fopt | measured fitness | best measured fitness | x1 | x2...
1 +7.513620864e+08 +7.513620864e+08 +7.513621022e+08 +7.513621022e+08 -3.8031e+00 -4.8614e-01 -2.4722e+00 +3.9555e+00 -1.4152e+00 +1.2175e+00 +4.5677e+00 -2.4228e+00 +3.5095e+00 +1.8738e+00
2 +1.429403468e+08 +1.429403468e+08 +1.429403626e+08 +1.429403626e+08 -4.2475e-01 +3.2664e+00 -4.4227e+00 +3.5305e+00 -7.7042e-01 +1.9656e+00 -1.1444e+00 -1.8413e+00 -1.5825e-03 +2.2481e-01
6 +9.347525124e+07 +9.347525124e+07 +9.347526700e+07 +9.347526700e+07 +2.1247e+00 -2.6733e+00 -4.8098e+00 -6.5130e-01 -3.9725e+00 +7.6500e-01 -3.2151e-01 -4.1452e+00 +7.2994e-01 +4.5106e+00
63 +4.431363740e+07 +4.431363740e+07 +4.431365316e+07 +4.431365316e+07 +3.5936e+00 -7.8267e-01 +4.6053e-01 -1.4803e+00 -4.2641e+00 +1.5304e+00 -7.0321e-02 -3.7664e+00 +1.9676e+00 -1.2488e-01
184 +2.830906785e+07 +2.830906785e+07 +2.830908361e+07 +2.830908361e+07 +4.4173e+00 -4.7624e+00 +1.7732e+00 +4.9098e+00 -4.1139e+00 +3.5669e+00 +1.1953e+00 -2.1496e+00 +1.2921e+00 +3.4051e+00
1225 +2.056777261e+07 +2.056777261e+07 +2.056778837e+07 +2.056778837e+07 +3.6577e+00 +1.8904e+00 -1.9556e+00 +1.2733e+00 -4.4303e+00 -6.1985e-01 -2.3708e-02 -3.4994e-01 +1.2720e+00 +8.6393e-01
4831 +1.367331438e+07 +1.367331438e+07 +1.367333014e+07 +1.367333014e+07 +2.1980e+00 -2.4027e+00 +2.8198e+00 +3.7016e+00 -1.5226e+00 +2.5787e-01 -1.3157e+00 -2.8738e-01 +1.4042e+00 +4.0233e+00
% function evaluation | noise-free fitness - Fopt (3.735000000000e+01) | best noise-free fitness - Fopt | measured fitness | best measured fitness | x1 | x2...
1 +7.697890375e+08 +7.697890375e+08 +7.697890749e+08 +7.697890749e+08 +3.7714e+00 +4.2520e+00 -4.3166e+00 -2.9936e-01 +4.2687e+00 -3.7641e+00 +4.2725e+00 +2.3919e+00 -1.4469e-01 -1.7654e+00
3 +1.485156426e+08 +1.485156426e+08 +1.485156800e+08 +1.485156800e+08 -3.2656e+00 -3.2382e+00 -1.5523e+00 -4.8257e+00 +3.0700e+00 -5.5007e-01 +4.2580e+00 +4.0188e-01 -1.7990e+00 +8.1177e-01
13 +6.766252504e+07 +6.766252504e+07 +6.766256239e+07 +6.766256239e+07 -1.7100e+00 -2.3164e+00 +3.1753e-01 -1.0219e-01 -1.4926e+00 -1.5157e+00 +4.0141e+00 +2.5691e+00 -9.9674e-01 +1.3592e+00
55 +4.932407249e+07 +4.932407249e+07 +4.932410984e+07 +4.932410984e+07 -3.6389e+00 -4.2008e+00 +1.2689e+00 -9.5515e-01 +3.8120e+00 -3.3131e+00 +1.4215e+00 -1.2103e+00 -4.4391e+00 -4.4422e+00
181 +2.303131700e+07 +2.303131700e+07 +2.303135435e+07 +2.303135435e+07 -4.9911e+00 -2.1603e+00 +5.3144e-01 -5.8490e-01 -1.5279e+00 -4.4018e+00 +1.8956e+00 -3.2690e+00 -2.0412e+00 +9.6300e-01
% function evaluation | noise-free fitness - Fopt (-3.096300000000e+02) | best noise-free fitness - Fopt | measured fitness | best measured fitness | x1 | x2...
1 +1.969828938e+08 +1.969828938e+08 +1.969825841e+08 +1.969825841e+08 -3.7263e-01 +3.3181e-01 -5.7912e-01 +2.2759e+00 +1.7009e+00 +3.8784e+00 +4.1388e+00 +4.9294e+00 -1.1492e+00 -2.1811e+00
3 +7.780850168e+07 +7.780850168e+07 +7.780819205e+07 +7.780819205e+07 -1.7148e+00 +4.9262e-01 -3.9144e+00 +1.9880e+00 +2.6609e-01 -4.5771e+00 +1.1424e+00 -1.8699e+00 +2.1574e+00 +1.5816e+00
21 +4.291977401e+07 +4.291977401e+07 +4.291946438e+07 +4.291946438e+07 -2.6795e-01 +9.9309e-01 +3.1581e+00 +3.1899e-02 -2.7844e+00 -2.0752e+00 +3.5853e+00 -2.1984e+00 -1.7839e+00 +1.2133e+00
179 +3.411998127e+07 +3.411998127e+07 +3.411967164e+07 +3.411967164e+07 -4.2594e+00 -4.3246e+00 +4.2306e+00 +2.4737e+00 -1.7556e+00 -3.4781e+00 +2.8025e+00 -8.2570e-01 -4.2705e-01 -1.9976e+00
303 +2.140880868e+07 +2.140880868e+07 +2.140849905e+07 +2.140849905e+07 -3.5113e+00 -1.6466e+00 +6.2189e-01 +2.5928e+00 -2.1587e+00 +1.0138e+00 +3.7651e+00 -3.3836e+00 +9.5461e-01 +1.7716e+00
% function evaluation | noise-free fitness - Fopt (-1.000000000000e+03) | best noise-free fitness - Fopt | measured fitness | best measured fitness | x1 | x2...
1 +2.142724118e+08 +2.142724118e+08 +2.142714118e+08 +2.142714118e+08 -4.2318e-01 -9.7258e-01 -1.2457e+00 +4.5968e-01 -3.9796e+00 +3.7593e+00 +3.7102e+00 +4.1636e+00 -2.9390e+00 +2.3254e+00
2 +1.561889144e+08 +1.561889144e+08 +1.561879144e+08 +1.561879144e+08 +4.0388e+00 +1.5476e+00 +7.0877e-01 +2.3725e+00 -2.0262e+00 -3.6857e+00 -2.4767e+00 +2.1638e+00 +4.9928e+00 +2.5543e+00
32 +4.129220258e+07 +4.129220258e+07 +4.129120258e+07 +4.129120258e+07 +2.3333e+00 +1.9481e+00 -3.2869e+00 -4.1273e+00 -4.7684e-01 +4.1790e+00 +3.2990e+00 +1.9286e+00 +4.5988e+00 +4.3122e+00
57 +3.390314484e+07 +3.390314484e+07 +3.390214484e+07 +3.390214484e+07 +1.0050e+00 +2.7908e+00 +1.1026e+00 +3.1064e+00 +1.5470e+00 +3.7696e+00 +4.3572e-01 +3.4515e+00 +3.0026e+00 +1.4035e+00
327 +1.290396053e+07 +1.290396053e+07 +1.290296053e+07 +1.290296053e+07 +3.2128e+00 +2.8794e+00 -4.3626e+00 -7.6028e-01 +1.3552e+00 +3.2161e+00 +1.5347e+00 +4.7519e+00 +3.0861e+00 +4.8056e+00
% function evaluation | noise-free fitness - Fopt (5.800000000000e+01) | best noise-free fitness - Fopt | measured fitness | best measured fitness | x1 | x2...
1 +2.749285452e+08 +2.749285452e+08 +2.749286032e+08 +2.749286032e+08 -4.7862e+00 -1.9404e+00 +4.8213e+00 -2.9190e+00 -3.5809e+00 +1.6950e+00 +2.8455e+00 +3.9425e+00 +2.9654e+00 +3.1040e+00
3 +3.804698942e+07 +3.804698942e+07 +3.804704742e+07 +3.804704742e+07 -3.4352e+00 +2.2318e+00 -3.9859e+00 +8.9022e-01 +8.8681e-01 -6.4469e-02 -1.2434e+00 -2.4100e+00 -2.9686e-01 +5.1147e-01
38 +2.233503595e+07 +2.233503595e+07 +2.233509395e+07 +2.233509395e+07 +8.1264e-01 +4.0288e+00 -4.1896e+00 -1.7147e+00 +5.1780e-01 -5.8498e-01 +2.2379e+00 -1.2380e+00 +8.5923e-01 +3.0311e+00
% function evaluation | noise-free fitness - Fopt (9.438000000000e+01) | best noise-free fitness - Fopt | measured fitness | best measured fitness | x1 | x2...
1 +1.093812970e+09 +1.093812970e+09 +1.093813064e+09 +1.093813064e+09 -6.4101e-01 -1.8806e+00 +2.2193e+00 -9.9143e-01 +3.4259e+00 -2.0712e+00 -5.3790e-01 -8.5927e-01 -2.2755e+00 -2.8902e+00
5 +4.211289951e+08 +4.211289951e+08 +4.211290895e+08 +4.211290895e+08 -4.8785e+00 -1.9029e+00 -4.3630e-01 -2.2693e+00 +2.6615e+00 +1.4810e+00 +1.2816e+00 +4.2175e+00 -1.9779e+00 +3.4612e+00
27 +3.327849768e+08 +3.327849768e+08 +3.327850712e+08 +3.327850712e+08 -2.2545e-01 +3.9939e+00 -4.0877e+00 -4.1667e+00 -1.5138e+00 -1.3785e+00 +3.5025e-01 +2.2743e+00 +1.7852e+00 +2.7816e+00
36 +1.556065831e+08 +1.556065831e+08 +1.556066775e+08 +1.556066775e+08 +3.9300e+00 +3.9922e+00 -2.9839e-01 +3.1666e-01 -4.5297e+00 -2.9094e+00 +3.6812e+00 +3.3755e+00 -4.0651e+00 -3.3548e+00
109 +7.367549447e+07 +7.367549447e+07 +7.367558885e+07 +7.367558885e+07 -1.3045e+00 +4.7215e+00 -1.0233e+00 +3.4554e-01 -3.8253e+00 -4.0762e+00 +3.1916e+00 +7.8943e-01 -1.2153e+00 -1.1740e-01
539 +5.361459151e+07 +5.361459151e+07 +5.361468589e+07 +5.361468589e+07 +4.4510e-02 +1.8706e+00 -4.6587e+00 +3.6043e+00 -4.0877e+00 -3.1361e+00 +3.6563e-01 +1.8683e+00 -2.4059e+00 +4.2393e+00
1437 +3.330206875e+07 +3.330206875e+07 +3.330216313e+07 +3.330216313e+07 -5.2424e-01 +2.9806e+00 -3.0341e+00 +2.0952e+00 -2.8494e+00 -1.1216e+00 +2.3622e+00 +1.8529e+00 -2.4132e+00 +1.9796e+00
2401 +1.972740787e+07 +1.972740787e+07 +1.972750225e+07 +1.972750225e+07 -2.2169e+00 +4.8911e+00 -4.2519e+00 -3.7513e-01 -3.2711e+00 -2.2598e+00 +1.5014e+00 -4.6733e+00 -3.5342e+00 +1.8051e+00
