% function evaluation | noise-free fitness - Fopt (-6.211100000000e+02) | best noise-free fitness - Fopt | measured fitness | best measured fitness | x1 | x2...
1 +1.887815035e+08 +1.887815035e+08 +1.887808824e+08 +1.887808824e+08 -1.4498e-02 +3.9228e+00 -6.6926e-01 -1.3387e+00 -9.2650e-01 -2.5714e+00 +4.8463e+00 +2.4580e+00 +2.7965e+00 +4.0034e+00 -3.4848e+00 -2.1830e+00 +4.2903e+00 +3.5459e+00 +2.0160e+00 -4.0199e+00 -7.1170e-01 -2.6435e+00 +2.3296e+00 -3.2382e+00
315 +1.493817427e+08 +1.493817427e+08 +1.493811215e+08 +1.493811215e+08 -4.0586e+00 +7.5725e-01 +1.6383e-01 -4.1938e+00 -3.8953e+00 -3.6827e-01 -3.6875e+00 -2.5769e+00 +4.9812e+00 -2.5063e+00 -2.4739e+00 -1.4312e+00 +2.7145e+00 +2.3246e+00 +8.2667e-01 -1.4452e+00 +3.6089e+00 +1.9088e+00 -7.9931e-01 -3.6104e-01
4398 +6.455037672e+07 +6.455037672e+07 +6.454975561e+07 +6.454975561e+07 +1.1275e+00 +4.7182e+00 +1.8476e+00 -3.5096e+00 -1.7150e+00 -5.6562e-01 +2.9363e+00 -2.5236e+00 +1.7461e+00 -1.3085e+00 +1.1041e+00 +2.9152e+00 -1.3256e-01 +3.8648e+00 +4.7365e+00 -2.5374e+00 -9.4824e-01 +3.7690e+00 +4.4290e+00 -3.1612e+00
% function evaluation | noise-free fitness - Fopt (-2.548200000000e+02) | best noise-free fitness - Fopt | measured fitness | best measured fitness | x1 | x2...
1 +1.281807297e+10 +1.281807297e+10 +1.281807272e+10 +1.281807272e+10 -2.1340e+00 -4.7014e+00 -3.2123e+00 +4.9041e+00 -2.5609e+00 +2.8298e+00 +1.8104e+00 -1.7226e+00 -1.9923e+00 -4.0257e+00 -1.1382e-01 -4.6124e+00 -1.7854e+00 -6.8697e-01 -1.8229e+00 -2.6347e+00 -1.6223e+00 -1.5913e+00 +4.5895e+00 -3.4103e+00
2 +2.064795488e+09 +2.064795488e+09 +2.064795233e+09 +2.064795233e+09 +4.9490e+00 +2.1104e+00 -3.6282e+00 -3.9821e+00 +2.2121e+00 -1.1237e+00 +5.7724e-01 +2.0833e+00 -7.9285e-01 -2.5563e+00 +3.6121e+00 -4.8428e+00 -2.9022e+00 -5.6129e-01 +4.2857e-01 +5.5757e-01 +4.1867e+00 +2.7626e+00 +2.3386e+00 -8.1766e-02
7 +7.168329386e+08 +7.168329386e+08 +7.168326837e+08 +7.168326837e+08 -6.6358e-02 -3.3850e+00 +3.5863e+00 +9.3456e-01 -2.0952e+00 -8.8488e-01 -3.9141e+00 -2.8508e+00 -2.5475e+00 -2.1223e+00 -7.1468e-01 +4.4392e+00 -2.5358e-01 -1.6178e+00 -2.7005e+00 +9.9949e-01 +3.6643e+00 -4.7649e+00 -3.7731e+00 +2.1731e+00
40 +4.140218280e+08 +4.140218280e+08 +4.140215732e+08 +4.140215732e+08 +3.0234e+00 +5.0995e-01 +2.2549e+00 -2.6375e+00 -1.2761e-01 -1.2874e+00 -1.2584e+00 -3.4712e-01 +6.8017e-01 -9.6715e-04 +4.8439e+00 +2.5260e+00 +3.6004e-01 +4.9094e+00 +1.9167e+00 +1.0159e-01 -1.3337e+00 +9.9646e-02 +3.6246e+00 -7.9234e-01
90 +2.163421471e+08 +2.163421471e+08 +2.163418923e+08 +2.163418923e+08 +1.8381e+00 +2.7467e+00 +4.7600e+00 -8.9489e-01 +1.0656e+00 -4.4070e-01 -6.5608e-01 +2.4465e+00 -5.9853e-01 +1.7083e+00 -8.3049e-01 +4.9040e+00 -2.0874e+00 +7.6081e-01 +9.1416e-01 -4.4102e+00 +2.6644e+00 +2.7189e+00 -7.1798e-01 +3.5833e+00
1290 +1.505091521e+08 +1.505091521e+08 +1.505088973e+08 +1.505088973e+08 +3.1861e+00 -1.0192e-01 +3.0251e+00 +2.2298e+00 -2.3078e+00 -4.1888e+00 +2.3394e+00 +4.0073e+00 +3.7984e+00 +3.0502e+00 +2.8871e+00 +2.0908e-01 -4.6991e+00 -1.7036e+00 -8.2174e-01 -4.2927e+00 +2.9658e+00 +3.7127e+00 -4.7595e+00 +2.1561e+00
% function evaluation | noise-free fitness - Fopt (5.661000000000e+01) | best noise-free fitness - Fopt | measured fitness | best measured fitness | x1 | x2...
1 +2.966222046e+08 +2.966222046e+08 +2.966222612e+08 +2.966222612e+08 -1.3397e+00 -2.5525e+00 -1.7208e+00 +2.7212e+00 -3.0049e+00 +1.5377e+00 -2.8067e+00 -9.3912e-01 -3.3236e+00 +4.0151e+00 -2.9619e+00 +2.4624e+00 -1.7185e+00 +4.0276e+00 -1.4156e-01 +2.6657e+00 -2.3579e+00 -3.1848e+00 -3.5955e+00 -8.4928e-01
117 +2.339306747e+08 +2.339306747e+08 +2.339307313e+08 +2.339307313e+08 -6.6047e-01 -1.1628e+00 -4.1899e+00 +1.2874e+00 +5.2401e-01 +2.1437e+00 -5.5492e-02 -3.9811e+00 -4.6441e-01 -1.8463e+00 +9.5088e-01 -1.0832e+00 +3.1549e-01 +1.7763e-01 -3.1971e+00 -1.2983e+00 +5.2676e-01 -1.2423e+00 +4.3957e+00 +1.5083e+00
1427 +1.530767691e+08 +1.530767691e+08 +1.530768258e+08 +1.530768258e+08 -3.7567e+00 -4.8533e-01 -4.1113e+00 +7.4602e-01 -3.1585e+00 -1.0412e+00 -1.4409e+00 +1.6060e+00 +2.6651e-01 +4.8038e+00 -9.7762e-01 +3.1904e+00 -6.5266e-01 +2.0133e+00 +2.0662e-01 +3.4707e+00 +1.9311e+00 +7.7232e-01 -2.4089e+00 -3.9253e+00
% function evaluation | noise-free fitness - Fopt (-1.810000000000e+01) | best noise-free fitness - Fopt | measured fitness | best measured fitness | x1 | x2...
1 +2.969776764e+09 +2.969776764e+09 +2.969776746e+09 +2.969776746e+09 -8.6941e-01 -1.0105e+00 +3.8952e+00 +4.4110e+00 -2.7488e-01 +2.1144e+00 +3.6622e+00 -1.4057e+00 +4.6735e+00 -4.0919e+00 +3.4196e+00 +9.6885e-01 +2.7877e+00 -3.5116e+00 -1.3380e+00 -1.9522e-01 -8.5714e-01 +5.2057e-02 -6.5271e-01 -2.5715e+00
5 +4.604815787e+08 +4.604815787e+08 +4.604815606e+08 +4.604815606e+08 +7.0982e-01 -2.3383e+00 +4.2878e+00 +1.4858e+00 -1.8654e+00 -4.9918e+00 +3.7742e+00 -4.0707e+00 -4.7775e+00 -2.6033e+00 +1.9346e+00 -1.3083e+00 +2.1536e+00 +3.9065e+00 -3.2433e+00 -2.6884e+00 +1.4510e+00 -4.9540e+00 +7.0165e-01 +1.8872e+00
12 +2.325517010e+08 +2.325517010e+08 +2.325516829e+08 +2.325516829e+08 +9.1848e-01 -1.1210e+00 -2.6345e-01 -2.8245e+00 +1.4506e+00 +2.0773e+00 +4.7740e+00 +2.3839e+00 +2.0567e+00 -4.1397e+00 -4.8852e+00 -2.5350e+00 +3.7926e+00 +2.0461e+00 +4.0337e+00 -2.3972e+00 -1.1011e+00 -1.5719e+00 +3.5300e+00 +3.4708e+00
115 +1.579118456e+08 +1.579118456e+08 +1.579118275e+08 +1.579118275e+08 -3.9811e-01 +1.1427e+00 -3.0670e+00 +3.1793e+00 +3.7868e+00 -2.5637e-02 +2.1421e+00 -3.8470e+00 +4.8479e+00 -1.7784e-01 +2.9326e+00 +2.8740e-01 +3.0650e+00 +1.4082e+00 +2.2101e+00 +4.5176e+00 -4.4147e+00 -4.7858e+00 +2.1350e+00 +3.1447e+00
1917 +8.953211907e+07 +8.953211907e+07 +8.953210097e+07 +8.953210097e+07 +5.8581e-01 +3.7983e-01 -2.4401e-02 +3.1891e+00 -1.6412e+00 -4.8305e+00 +6.5598e-01 -2.0421e+00 +4.8898e+00 +2.5602e+00 -5.1970e-01 -2.6635e-01 +4.1286e+00 -9.5728e-01 -1.0816e+00 -1.0453e-01 -4.0918e+00 -3.0993e+00 +2.8552e+00 +1.0321e+00
% function evaluation | noise-free fitness - Fopt (3.777000000000e+01) | best noise-free fitness - Fopt | measured fitness | best measured fitness | x1 | x2...
1 +1.537993530e+09 +1.537993530e+09 +1.537993568e+09 +1.537993568e+09 -4.0970e+00 +1.7720e+00 +4.3352e+00 -3.9623e+00 +2.4299e+00 +1.6389e+00 +3.9392e+00 -1.2591e+00 +2.5697e+00 -3.1837e+00 -4.8936e+00 +1.5807e+00 -1.1623e+00 +2.4184e+00 +2.3626e+00 +4.3087e+00 -4.2754e+00 -1.0985e+00 +1.1739e+00 -6.0400e-01
4 +9.379493814e+08 +9.379493814e+08 +9.379494192e+08 +9.379494192e+08 -2.1269e+00 -1.6771e+00 -1.9047e+00 +8.6379e-01 -4.2857e+00 -4.1706e+00 +2.0327e+00 -1.4739e-01 +8.5819e-01 +3.6595e+00 +1.8221e+00 -3.0861e+00 +4.1855e+00 -1.0185e+00 -1.0598e+00 +3.1435e+00 +3.5035e+00 +4.7164e+00 +4.2750e+00 -2.7288e+00
7 +2.549997880e+08 +2.549997880e+08 +2.549998257e+08 +2.549998257e+08 +1.7748e+00 -2.8927e-01 +8.8429e-01 +4.2949e+00 -8.0560e-01 -3.8357e+00 -2.1694e+00 -2.8597e+00 -3.5666e+00 -1.9525e+00 +4.5990e+00 -3.8055e+00 -1.0756e+00 -3.8671e+00 -3.6719e-01 -3.7116e-01 -9.9789e-01 +1.8949e+00 +2.3006e+00 +1.3197e+00
14 +2.449982489e+08 +2.449982489e+08 +2.449982867e+08 +2.449982867e+08 +1.7745e-01 +3.6225e+00 +3.5752e+00 +5.2622e-01 -2.1885e+00 -3.8077e+00 +1.8409e+00 -8.9129e-01 -2.9255e+00 -3.0773e+00 -3.9319e+00 +7.8443e-01 -7.4411e-01 -7.8533e-02 -1.5247e+00 +1.2351e+00 -2.7451e+00 +4.7339e+00 -1.1408e+00 -6.1806e-02
44 +1.511980099e+08 +1.511980099e+08 +1.511980477e+08 +1.511980477e+08 +1.7402e+00 -3.9025e+00 +2.5607e+00 +3.8994e+00 +1.1901e+00 -4.7374e+00 -2.9584e+00 +2.0016e+00 +7.2005e-01 -1.1446e+00 +2.1150e+00 +2.4921e+00 +8.4637e-01 -8.2424e-02 +1.1406e+00 -3.5316e+00 -4.4348e+00 -3.3494e+00 +1.0762e+00 -3.3160e+00
1765 +9.505188040e+07 +9.505188040e+07 +9.505191817e+07 +9.505191817e+07 -9.3620e-01 +5.1295e-01 +5.5354e-01 -3.5662e+00 +4.3541e+00 -2.4928e+00 -3.9697e+00 -5.1130e-01 -1.7401e+00 -3.3804e+00 -7.5044e-01 +4.4753e-01 -3.7923e+00 +8.7725e-01 -2.5977e+00 +3.2719e+00 +1.3605e+00 +4.1933e-01 +1.7309e+00 -2.9817e+00
% function evaluation | noise-free fitness - Fopt (-1.523000000000e+01) | best noise-free fitness - Fopt | measured fitness | best measured fitness | x1 | x2...
1 +7.916896232e+09 +7.916896232e+09 +7.916896217e+09 +7.916896217e+09 -4.0159e+00 +3.5073e+00 -3.6894e+00 +8.7127e-01 -4.7309e+00 +4.7971e+00 -8.6724e-01 +1.5183e+00 -1.7316e+00 -4.5151e+00 +2.9804e+00 -2.6540e-01 -1.7758e+00 +2.5523e+00 +1.1447e+00 +2.9753e+00 +6.2322e-01 +4.2330e+00 -3.7718e-01 -2.5754e+00
2 +1.580811792e+09 +1.580811792e+09 +1.580811776e+09 +1.580811776e+09 -1.3293e+00 +3.9319e+00 -4.5683e+00 -4.9444e+00 +2.5442e+00 +6.8662e-01 -2.5355e+00 +4.5223e+00 -4.1050e+00 +2.0506e+00 +2.9429e+00 -2.8569e+00 +4.4210e+00 -4.2668e+00 -3.5751e+00 +1.8722e-01 +2.7017e-01 +3.4153e+00 +2.7651e+00 -3.9459e+00
3 +3.197250585e+08 +3.197250585e+08 +3.197250433e+08 +3.197250433e+08 +2.4072e+00 +4.3876e+00 -4.5049e+00 -2.1909e+00 +4.0554e+00 +1.5532e+00 -4.4687e+00 -2.9734e+00 -3.0201e+00 +1.8697e+00 +6.4863e-01 -3.4382e-01 +2.5035e+00 +4.0338e+00 +3.1778e+00 -3.6153e+00 -2.5910e+00 -3.1957e+00 +1.1050e+00 +2.5535e+00
25 +2.298676362e+08 +2.298676362e+08 +2.298676210e+08 +2.298676210e+08 +4.0738e+00 +1.0325e+00 +2.0053e+00 -2.3769e+00 -2.6453e+00 -2.0430e+00 -6.9048e-01 +2.6173e+00 +2.5825e+00 -4.4858e+00 -4.6118e+00 +1.4990e+00 -1.3964e+00 +3.9645e+00 -1.4678e+00 -2.3672e+00 -4.5028e+00 +4.3163e+00 -2.2174e+00 -5.4650e-02
80 +1.276832004e+08 +1.276832004e+08 +1.276831852e+08 +1.276831852e+08 +2.2271e+00 +1.5105e+00 -2.3741e+00 +3.5304e+00 -4.1856e+00 +6.6823e-01 -3.1758e+00 +1.9230e+00 +2.6550e+00 +3.9666e-01 -3.1288e+00 +2.5360e+00 +1.2647e+00 +3.0353e+00 +4.0649e+00 -4.8640e-01 -2.5425e+00 +4.2305e-01 +3.2198e+00 +8.6982e-01
3221 +9.516498539e+07 +9.516498539e+07 +9.516497016e+07 +9.516497016e+07 +2.3543e+00 +3.9704e+00 -3.7364e+00 +3.9585e+00 -1.8335e+00 +2.5525e-01 -2.6138e+00 -2.0963e+00 +4.7475e+00 -3.1451e+00 -3.0024e+00 +1.4576e+00 -9.8447e-01 -4.1635e-01 +1.2943e+00 +2.0431e+00 -2.6971e+00 -3.8744e+00 +1.2504e-01 -1.1883e+00
% function evaluation | noise-free fitness - Fopt (-1.614300000000e+02) | best noise-free fitness - Fopt | measured fitness | best measured fitness | x1 | x2...
1 +3.305296491e+09 +3.305296491e+09 +3.305296330e+09 +3.305296330e+09 -1.6575e+00 -2.5766e+00 +3.8030e+00 +1.1787e+00 +6.0142e-01 +7.5298e-01 +2.3587e+00 +1.6987e+00 -6.5890e-01 +2.7218e+00 -2.1442e+00 +1.4345e+00 -4.7350e-01 +2.6652e+00 -4.6826e+00 +4.1835e+00 +3.9638e+00 -1.7451e+00 -1.3854e+00 +4.5935e-01
3 +2.203743463e+09 +2.203743463e+09 +2.203743302e+09 +2.203743302e+09 +9.9291e-01 +4.6116e+00 -4.3792e+00 -3.9320e+00 +3.1112e+00 -7.6156e-01 +9.2648e-01 +4.0275e+00 -3.8181e+00 +1.6275e+00 -2.2909e+00 +3.9339e+00 +7.4297e-01 -2.9551e+00 +6.7174e-02 +4.5006e+00 -4.7388e+00 -1.5450e+00 +1.8451e-01 +1.1583e+00
5 +2.456760230e+08 +2.456760230e+08 +2.456758616e+08 +2.456758616e+08 -2.0981e+00 +1.6507e+00 +1.8153e+00 -2.5576e+00 +4.1691e+00 -2.7419e+00 -2.3795e+00 +2.4229e+00 -1.3296e-01 -8.8604e-01 -8.9095e-01 -3.3950e+00 -3.5630e-01 -2.8329e+00 +2.0747e+00 +2.4427e-01 -1.7594e+00 +2.3608e+00 -3.4531e+00 +2.0668e+00
362 +1.158673035e+08 +1.158673035e+08 +1.158671421e+08 +1.158671421e+08 -1.2110e+00 -3.8787e+00 -1.6133e+00 +1.9876e+00 -4.6703e+00 +4.7384e+00 -4.9723e+00 +3.9176e+00 +2.3702e+00 -2.7652e-01 -2.8795e-01 -4.2412e+00 -1.4558e+00 -4.8607e+00 +2.5420e+00 +3.8368e+00 -5.8252e-01 +4.8463e+00 +1.6953e-01 +5.3009e-01
4183 +9.957931735e+07 +9.957931735e+07 +9.957915592e+07 +9.957915592e+07 +9.4087e-01 -2.0080e+00 +1.5032e-02 +2.2993e-01 +3.0070e+00 +8.4432e-01 -2.7899e+00 +2.8262e-01 +1.3869e+00 -2.2302e+00 +1.8899e+00 -8.8666e-01 +2.7872e+00 -3.6651e+00 +1.4684e+00 +3.7814e+00 +8.9616e-01 +3.3083e+00 -2.0381e+00 +1.5751e+00
% function evaluation | noise-free fitness - Fopt (3.280300000000e+02) | best noise-free fitness - Fopt | measured fitness | best measured fitness | x1 | x2...
1 +7.060717799e+08 +7.060717799e+08 +7.060721080e+08 +7.060721080e+08 +2.1295e+00 +1.7945e+00 +4.3637e+00 +1.5106e+00 -4.6206e+00 +4.4431e+00 +1.1633e+00 -4.9064e-01 +4.9133e+00 +2.3460e+00 +1.7988e+00 +2.5518e+00 +1.3694e+00 -4.8499e+00 +4.7326e+00 -2.9814e+00 +1.2953e+00 -4.5521e+00 +1.3206e+00 +3.1572e-01
2 +2.488486379e+08 +2.488486379e+08 +2.488489659e+08 +2.488489659e+08 +2.4335e+00 -4.6857e+00 +1.2864e+00 -2.0410e+00 -1.7844e+00 -4.1396e+00 +3.5614e+00 -2.2277e+00 +2.4834e+00 -1.4871e-01 +2.9525e-01 +4.4553e+00 +3.2283e+00 -2.2369e+00 -8.1257e-01 +2.6898e+00 +3.7832e+00 -7.8194e-01 -2.6656e+00 +3.6020e+00
278 +1.453059704e+08 +1.453059704e+08 +1.453062984e+08 +1.453062984e+08 +4.5434e+00 +3.7813e+00 -7.8931e-01 -3.0875e+00 +4.9761e+00 -4.8211e+00 -1.5320e+00 -2.3528e+00 +1.3901e+00 -2.3860e+00 +1.5325e+00 -5.5819e-01 +1.5324e-01 +2.9401e+00 -1.9977e+00 -7.1569e-01 -1.6861e+00 -4.1324e+00 -6.4202e-01 -2.5874e+00
903 +9.771941516e+07 +9.771941516e+07 +9.771974319e+07 +9.771974319e+07 +3.4856e+00 +1.5832e+00 +2.2490e+00 -2.8182e+00 +3.2815e+00 -2.1489e+00 +2.4191e+00 -3.1556e+00 -3.3073e+00 -4.8507e-01 +2.4284e+00 -5.5521e-01 +1.9141e+00 +4.4204e+00 -3.0031e+00 +2.9452e+00 +1.8981e+00 -2.6037e+00 -3.1605e-01 -4.2818e+00
% function evaluation | noise-free fitness - Fopt (-3.213000000000e+01) | best noise-free fitness - Fopt | measured fitness | best measured fitness | x1 | x2...
1 +7.764599432e+08 +7.764599432e+08 +7.764599111e+08 +7.764599111e+08 +3.2293e+00 -1.8896e+00 +3.5572e+00 -3.5792e+00 -4.5038e+00 -1.7630e+00 -4.1285e+00 +3.7462e+00 -4.2531e+00 -1.7672e+00 -1.5665e-02 -3.7159e+00 -1.1479e+00 +8.1019e-01 +4.6308e+00 +2.7727e+00 -2.0418e+00 +3.0293e+00 +1.8975e+00 -3.2567e+00
3 +5.381722449e+08 +5.381722449e+08 +5.381722127e+08 +5.381722127e+08 -4.0427e+00 -3.5306e+00 +2.3539e+00 +3.8849e+00 -4.5007e-01 +2.6125e+00 +1.4083e+00 -2.9279e+00 -2.8472e+00 +3.9135e+00 +2.4404e+00 +1.9317e+00 -2.7751e+00 +3.9021e+00 +1.4629e+00 +2.1826e+00 -2.4838e+00 -4.1669e+00 +2.7580e+00 -4.4010e+00
4 +2.849358847e+08 +2.849358847e+08 +2.849358526e+08 +2.849358526e+08 +3.7748e+00 +4.1834e+00 +4.1704e+00 -3.9141e+00 +3.2918e-01 +3.6946e+00 +3.1122e+00 -1.4529e+00 -2.9861e+00 -1.3489e+00 +3.8018e+00 +4.9728e+00 -6.4321e-01 -4.3534e+00 +3.4762e+00 +4.6983e+00 -4.9595e+00 -2.4728e+00 -4.2804e+00 -1.3326e+00
8 +2.379524781e+08 +2.379524781e+08 +2.379524460e+08 +2.379524460e+08 +4.1918e-01 -1.8579e+00 +4.2032e+00 -4.0276e-01 -1.2523e-01 +2.8780e+00 -1.9161e+00 -8.4554e-02 +4.9504e-01 -9.9763e-01 -4.1441e+00 +1.5285e+00 -1.1323e+00 +4.9823e-01 +3.7617e-03 -1.6815e+00 +4.6376e+00 +1.2197e+00 +6.1051e-01 -3.6940e+00
200 +1.420679991e+08 +1.420679991e+08 +1.420679670e+08 +1.420679670e+08 +1.5428e+00 +8.1778e-01 -9.7882e-01 -3.2597e+00 -5.1098e-01 +2.4110e+00 +2.0131e+00 -3.4853e+00 +1.1927e+00 -4.1341e+00 +4.3147e+00 +2.2431e+00 +3.2123e+00 +2.2685e+00 +3.2019e+00 +1.1791e+00 +4.9707e-01 +2.9097e+00 +2.0413e+00 -3.0017e+00
4841 +9.709158843e+07 +9.709158843e+07 +9.709155630e+07 +9.709155630e+07 -6.3085e-01 -1.0321e+00 -1.2412e+00 -3.0723e+00 -9.7389e-01 +9.1677e-01 -1.3168e+00 -2.6861e+00 -3.4415e+00 -1.0627e+00 +6.1583e-01 +2.3930e+00 -2.4474e+00 -4.9420e+00 +4.0700e+00 +1.0886e+00 +3.8957e+00 +4.1130e+00 +5.1102e-01 -3.3291e-01
% function evaluation | noise-free fitness - Fopt (1.576000000000e+01) | best noise-free fitness - Fopt | measured fitness | best measured fitness | x1 | x2...
1 +3.301192813e+08 +3.301192813e+08 +3.301192970e+08 +3.301192970e+08 +4.7370e+00 +1.6428e+00 +1.5106e+00 -3.6267e+00 -1.7800e+00 -2.3526e-01 +3.4486e+00 -4.1117e+00 +7.2139e-01 -1.6886e+00 -1.8104e+00 +6.1959e-01 -8.8639e-02 -2.3299e+00 -1.1361e-01 -1.5732e+00 -3.7294e+00 -1.2287e+00 +1.6380e+00 -9.7451e-01
37 +2.383389972e+08 +2.383389972e+08 +2.383390130e+08 +2.383390130e+08 +3.4805e+00 -1.2799e+00 -4.8643e+00 -3.6625e+00 -2.3257e+00 -3.7521e+00 -6.9604e-01 -1.3192e+00 +1.2026e+00 -7.3477e-01 +5.8417e-01 -4.9027e+00 -2.9357e+00 -4.4818e+00 -7.3489e-01 -3.3889e+00 -1.3162e+00 -8.0432e-01 -1.3738e+00 +2.6175e+00
269 +1.213857073e+08 +1.213857073e+08 +1.213857230e+08 +1.213857230e+08 +2.2207e+00 -4.8435e-01 -9.2758e-01 +3.4667e+00 -2.9844e+00 -3.3151e+00 +2.5762e+00 +3.0312e+00 +2.4738e+00 +7.8239e-01 -4.7165e+00 +2.5689e+00 -3.7149e+00 -3.9003e+00 +1.0308e+00 +2.0425e+00 -2.6790e+00 +9.4122e-01 +4.0018e+00 +1.7544e+00
295 +8.536822023e+07 +8.536822023e+07 +8.536823599e+07 +8.536823599e+07 +4.0913e+00 -4.6279e+00 -5.6894e-01 +4.6500e+00 -9.1388e-01 -2.6780e+00 -3.7510e+00 -2.9585e+00 +2.6937e+00 -1.0521e+00 -1.0973e+00 +3.4064e+00 -2.4783e+00 -2.6291e+00 +1.6986e-01 +3.9780e+00 -5.1848e-01 +2.6683e+00 +2.5481e+00 +1.4550e+00
% function evaluation | noise-free fitness - Fopt (3.735000000000e+01) | best noise-free fitness - Fopt | measured fitness | best measured fitness | x1 | x2...
1 +8.722135647e+08 +8.722135647e+08 +8.722136021e+08 +8.722136021e+08 -1.4515e+00 -5.8067e-01 +1.8597e+00 +3.6054e+00 +3.5536e+00 -5.3067e-01 +2.1952e+00 +1.8961e+00 -3.5556e+00 -7.0034e-01 +4.0309e+00 +3.7482e-01 +4.4680e-01 -1.8111e-01 +2.5765e+00 +4.6097e+00 +4.2858e+00 -2.7003e+00 -4.2857e+00 +3.3354e+00
31 +2.579874631e+08 +2.579874631e+08 +2.579875005e+08 +2.579875005e+08 +4.6107e-01 -4.2124e+00 +1.3673e+00 +3.0138e+00 +4.2543e+00 +8.5800e-01 +3.8674e+00 -4.9192e-01 -3.5454e+00 +1.8224e+00 +3.4790e+00 +3.9300e+00 -4.8513e-01 +4.1264e+00 -9.2851e-01 -5.7329e-01 +3.1469e+00 -4.1214e+00 +1.3324e-01 -2.4157e+00
127 +2.044081901e+08 +2.044081901e+08 +2.044082274e+08 +2.044082274e+08 -1.9776e+00 -1.8006e+00 +4.9080e-01 -3.6483e+00 +4.4036e+00 -4.4839e+00 +4.0542e+00 -2.7415e-01 -2.7995e+00 +4.0035e+00 -2.7283e+00 -3.2664e+00 -2.9884e+00 +4.9922e+00 +8.8166e-01 +1.1765e+00 -2.6422e+00 -4.5333e+00 -1.1509e+00 +4.3661e+00
333 +1.343476613e+08 +1.343476613e+08 +1.343476986e+08 +1.343476986e+08 -4.5067e+00 -1.1192e+00 +3.1946e+00 -6.1000e-01 +3.9654e-01 -1.9675e+00 +2.9635e+00 +2.2037e+00 -3.1207e+00 -4.7963e+00 +2.9135e+00 +9.5213e-01 +4.0895e+00 +3.0730e+00 -1.6560e+00 +3.6407e+00 -1.3799e+00 -3.6898e+00 -4.1534e+00 +2.5947e-02
% function evaluation | noise-free fitness - Fopt (-3.096300000000e+02) | best noise-free fitness - Fopt | measured fitness | best measured fitness | x1 | x2...
1 +1.356166924e+09 +1.356166924e+09 +1.356166615e+09 +1.356166615e+09 +4.9839e+00 +4.8752e+00 -3.6304e+00 -2.6052e+00 +2.1142e+00 -3.5448e+00 -1.3548e+00 +2.7982e+00 -5.8292e-01 -1.4315e+00 -2.5419e+00 +3.5584e+00 -1.5974e+00 -2.6196e-01 +4.7095e+00 -2.0335e+00 -2.0070e+00 +4.6576e+00 +4.7617e+00 -9.0013e-01
2 +2.399605231e+08 +2.399605231e+08 +2.399602135e+08 +2.399602135e+08 -4.1452e+00 +2.9182e+00 +2.8042e-01 -1.3689e-01 -1.1983e+00 -3.5079e-01 -4.3542e+00 +5.3125e-01 +3.5092e+00 -7.9804e-01 +3.6798e+00 +3.9837e+00 +4.1864e+00 +1.9791e+00 +1.7241e+00 +4.1500e+00 -2.8012e+00 -1.7527e+00 -2.7773e+00 -3.2680e+00
75 +9.417795820e+07 +9.417795820e+07 +9.417764857e+07 +9.417764857e+07 +1.9221e-01 +2.0959e+00 -1.6071e+00 -2.4168e+00 -9.6558e-01 -3.8756e+00 +4.7717e+00 -1.0529e+00 +8.5031e-01 +2.3082e+00 +7.0207e-01 +4.8671e+00 +1.4112e+00 -1.1156e+00 -4.8199e+00 +1.3860e+00 -2.9803e-02 +3.3628e+00 +1.2269e+00 -3.5234e+00
% function evaluation | noise-free fitness - Fopt (-1.000000000000e+03) | best noise-free fitness - Fopt | measured fitness | best measured fitness | x1 | x2...
1 +5.345945192e+08 +5.345945192e+08 +5.345935192e+08 +5.345935192e+08 +2.4649e+00 -4.3083e-01 +4.4711e+00 -4.8214e+00 -6.3215e-01 -3.1334e+00 +4.4767e-01 +3.3966e+00 +3.3347e+00 +3.6580e+00 -1.5577e+00 -2.6213e+00 -1.4790e-01 +2.7325e+00 -4.4609e+00 +3.8359e+00 +1.9056e+00 +4.2315e-02 -3.3478e+00 -3.5038e+00
17 +2.865418083e+08 +2.865418083e+08 +2.865408083e+08 +2.865408083e+08 +3.4652e+00 +3.2606e+00 +2.7111e+00 -2.6128e+00 +4.3194e+00 +1.6767e+00 -3.7801e+00 +2.9985e+00 -3.5111e+00 +3.8445e+00 +1.9760e+00 -8.7442e-01 -8.5617e-01 +2.6342e+00 +1.7050e+00 -8.0270e-01 -2.1771e+00 +1.1569e+00 -3.7283e-01 -1.5490e+00
51 +1.689146660e+08 +1.689146660e+08 +1.689136660e+08 +1.689136660e+08 +2.3577e-01 +4.3549e+00 -5.5799e-01 -4.5229e+00 +1.7625e+00 -6.4754e-01 +4.3362e+00 +1.3453e-01 +9.6734e-01 +1.9686e+00 +2.0832e+00 -1.9659e+00 +2.6218e+00 -4.9226e-01 +2.8735e+00 +2.3577e+00 -1.8622e+00 +1.8630e+00 +2.6424e+00 -1.5834e+00
423 +1.385995824e+08 +1.385995824e+08 +1.385985824e+08 +1.385985824e+08 -3.4271e+00 +2.4443e-01 -2.9003e+00 +3.4224e+00 +2.7477e+00 +9.2599e-01 +2.6818e+00 +2.0775e+00 +4.1199e+00 +1.7210e+00 -8.8156e-01 +6.0902e-01 -2.6115e+00 -4.8719e+00 +1.9515e+00 -1.2862e+00 -3.7340e+00 -7.4830e-01 -1.1213e+00 -4.0213e+00
3923 +6.267030403e+07 +6.267030403e+07 +6.266930403e+07 +6.266930403e+07 +1.8520e+00 +4.2317e-01 -1.3842e+00 +2.0484e+00 +2.4671e+00 +1.4318e+00 +3.4384e+00 +3.8882e+00 -8.6237e-02 +4.8152e+00 +4.9028e-01 -2.3416e+00 -1.2141e+00 -1.3660e+00 +2.9864e+00 +2.2675e+00 +2.3269e+00 +7.5984e-01 +4.5531e+00 -3.5456e+00
% function evaluation | noise-free fitness - Fopt (5.800000000000e+01) | best noise-free fitness - Fopt | measured fitness | best measured fitness | x1 | x2...
1 +2.934568962e+08 +2.934568962e+08 +2.934569542e+08 +2.934569542e+08 -2.4111e+00 +3.5205e+00 -2.9079e+00 -2.5536e+00 -2.3704e-01 -4.4215e+00 +3.8710e+00 -2.6661e+00 -2.0481e+00 -7.5593e-01 -6.9574e-01 +3.5457e+00 +4.0567e+00 -4.5297e+00 +3.0782e+00 -2.5056e+00 -9.1343e-01 +4.7784e+00 -2.9638e+00 -4.2764e+00
54 +2.330420642e+08 +2.330420642e+08 +2.330421222e+08 +2.330421222e+08 -4.2862e-02 +2.5966e+00 -3.7353e+00 -2.8961e+00 -9.9342e-01 -1.4367e+00 -3.6040e+00 +1.9418e+00 -2.7209e+00 -4.3126e+00 +1.8378e-01 -3.8454e+00 +1.1425e+00 -3.7734e+00 +7.3105e-01 -2.0183e+00 -4.2553e+00 +3.2806e-01 +3.3465e+00 +4.6655e+00
65 +1.582685057e+08 +1.582685057e+08 +1.582685637e+08 +1.582685637e+08 +3.0933e+00 +3.4378e+00 -1.1160e+00 +3.4010e+00 -4.5067e+00 -4.7679e+00 +3.3423e+00 +1.5007e+00 +9.0740e-01 +3.2791e-01 +4.2558e-01 -4.5459e+00 +6.5101e-01 -4.7694e+00 +1.4622e+00 -4.3511e+00 +1.3269e+00 +3.1945e+00 +2.0479e+00 -2.1436e+00
716 +9.666350882e+07 +9.666350882e+07 +9.666356682e+07 +9.666356682e+07 -3.0753e+00 +2.1667e+00 -2.9587e+00 +2.5334e+00 +3.0435e+00 -2.0618e+00 -1.1360e+00 -9.2660e-01 +1.3324e+00 -8.1590e-01 -1.6703e+00 -3.0141e+00 +4.2977e+00 -2.3612e+00 -1.9424e+00 +3.3411e+00 +4.0439e+00 +8.4118e-01 -2.2617e+00 +1.7351e+00
% function evaluation | noise-free fitness - Fopt (9.438000000000e+01) | best noise-free fitness - Fopt | measured fitness | best measured fitness | x1 | x2...
1 +1.078812945e+09 +1.078812945e+09 +1.078813039e+09 +1.078813039e+09 +1.8822e+00 -3.4910e+00 -8.2146e-03 +5.8266e-02 -5.1599e-01 -1.4841e+00 -3.6028e+00 -1.5027e+00 +3.3313e+00 +2.7196e+00 -8.7616e-01 +3.9049e+00 -1.0981e+00 -2.0454e+00 -3.4020e+00 +2.7871e+00 -3.7117e+00 -3.3301e+00 -2.1328e+00 +4.6573e+00
2 +4.490541157e+08 +4.490541157e+08 +4.490542101e+08 +4.490542101e+08 -2.0446e+00 +7.6167e-01 -1.5247e+00 +2.5234e+00 +1.7355e+00 +2.2175e+00 -4.7304e+00 +4.8892e-01 +1.0949e+00 +3.5504e+00 +2.8797e-01 -2.1987e+00 -4.1147e+00 +4.7349e+00 +2.7266e+00 -3.2483e+00 +5.9433e-01 -1.0760e-01 -2.3283e+00 -2.1747e-01
15 +3.417557817e+08 +3.417557817e+08 +3.417558761e+08 +3.417558761e+08 -3.5464e+00 -4.8296e+00 +4.4453e-01 +3.6994e+00 +9.0684e-01 -4.7657e+00 -2.7930e+00 -2.7411e-01 -1.8365e+00 +2.3808e+00 +1.1001e+00 +3.0843e+00 -2.5061e-01 +3.4907e-01 +1.3358e+00 +2.5022e+00 -2.7720e-01 -3.0992e+00 +4.6670e-01 -1.3849e+00
20 +2.447100631e+08 +2.447100631e+08 +2.447101574e+08 +2.447101574e+08 -5.4901e-01 +2.2761e+00 -2.8423e+00 -7.2733e-01 -1.6830e+00 -3.1822e+00 +1.0144e+00 +4.3133e+00 +3.8498e+00 +4.7438e-01 -1.9721e+00 +1.0451e+00 -1.1259e+00 +4.3767e+00 -2.7219e+00 +1.3461e+00 -2.9334e+00 -4.5172e+00 +2.7877e+00 +4.0948e+00
152 +1.332089702e+08 +1.332089702e+08 +1.332090646e+08 +1.332090646e+08 -2.1640e+00 -4.9482e+00 -3.7313e+00 +9.7968e-01 -3.7704e+00 -2.0557e+00 +2.8086e+00 +3.3938e-01 -2.3380e+00 +4.4358e+00 +4.4409e+00 +2.2370e+00 +8.0434e-01 +1.2001e+00 +2.3321e+00 +4.0605e-01 -2.1956e+00 +1.2317e+00 +3.5803e-01 +3.5574e+00
2124 +9.700418235e+07 +9.700418235e+07 +9.700427673e+07 +9.700427673e+07 -3.8707e+00 -1.2317e+00 -1.2913e+00 +3.2459e+00 -4.1188e+00 -3.9597e-01 -9.3385e-01 -1.1900e+00 -4.3019e+00 +1.2706e+00 +9.7503e-01 -1.7791e+00 -2.9126e-01 +4.3199e+00 +3.8292e-01 +4.1353e+00 +1.0563e-01 -1.3715e-01 +3.2378e+00 +1.7565e+00
