% function evaluation | noise-free fitness - Fopt (-6.211100000000e+02) | best noise-free fitness - Fopt | measured fitness | best measured fitness | x1 | x2...
1 +2.415849782e+06 +2.415849782e+06 +2.415228672e+06 +2.415228672e+06 -3.9561e-01 +2.1742e+00 +9.2428e-01
48 +1.151445180e+06 +1.151445180e+06 +1.150824070e+06 +1.150824070e+06 +4.7089e+00 -1.6949e-01 -1.4083e+00
60 +7.120801755e+05 +7.120801755e+05 +7.114590655e+05 +7.114590655e+05 +4.4815e+00 +3.9149e-01 -1.3092e+00
117 +4.764411580e+05 +4.764411580e+05 +4.758200480e+05 +4.758200480e+05 -9.1227e-01 +4.0442e+00 -5.9957e-01
301 +3.549129881e+05 +3.549129881e+05 +3.542918781e+05 +3.542918781e+05 +1.7450e+00 +2.1334e+00 -9.9452e-02
432 +9.063514125e+04 +9.063514125e+04 +9.001403125e+04 +9.001403125e+04 +5.5245e-01 +2.5251e+00 -1.6071e-01
2387 +4.448407587e+04 +4.448407587e+04 +4.386296587e+04 +4.386296587e+04 -1.7936e+00 +4.4527e+00 +4.3255e-01
2605 +2.499467401e+04 +2.499467401e+04 +2.437356401e+04 +2.437356401e+04 +2.0193e+00 +1.5180e+00 -6.5949e-01
3068 +1.481882699e+04 +1.481882699e+04 +1.419771699e+04 +1.419771699e+04 -3.4754e-01 +3.6144e+00 +8.7865e-02
% function evaluation | noise-free fitness - Fopt (-2.548200000000e+02) | best noise-free fitness - Fopt | measured fitness | best measured fitness | x1 | x2...
1 +1.505807808e+10 +1.505807808e+10 +1.505807782e+10 +1.505807782e+10 -4.1602e+00 -3.0711e+00 +1.9811e+00
2 +9.491747341e+07 +9.491747341e+07 +9.491721859e+07 +9.491721859e+07 -4.8332e+00 -4.7223e-02 -3.5409e+00
4 +1.512624369e+07 +1.512624369e+07 +1.512598887e+07 +1.512598887e+07 -7.0891e-01 -1.7358e+00 -1.7543e+00
7 +5.593093385e+06 +5.593093385e+06 +5.592838565e+06 +5.592838565e+06 +1.9043e+00 -4.7686e+00 -4.2318e+00
23 +2.400781836e+06 +2.400781836e+06 +2.400527016e+06 +2.400527016e+06 +2.4374e+00 +4.6821e+00 -3.3984e-01
31 +3.556725271e+05 +3.556725271e+05 +3.554177071e+05 +3.554177071e+05 +1.8430e+00 -2.3865e+00 -2.0079e+00
120 +1.005607109e+03 +1.005607109e+03 +7.507871086e+02 +7.507871086e+02 +2.3595e+00 +3.4988e-01 -9.6769e-01
% function evaluation | noise-free fitness - Fopt (5.661000000000e+01) | best noise-free fitness - Fopt | measured fitness | best measured fitness | x1 | x2...
1 +5.014120461e+08 +5.014120461e+08 +5.014121027e+08 +5.014121027e+08 +3.8598e+00 -2.7159e+00 +1.9342e+00
2 +2.442768055e+07 +2.442768055e+07 +2.442773716e+07 +2.442773716e+07 -4.7089e+00 +2.3407e+00 -4.9699e+00
13 +2.890502269e+06 +2.890502269e+06 +2.890558879e+06 +2.890558879e+06 -3.0080e+00 -2.3036e+00 -2.3640e+00
65 +2.929342051e+05 +2.929342051e+05 +2.929908151e+05 +2.929908151e+05 -4.7483e+00 -1.8930e+00 -2.8928e+00
72 +1.235893774e+05 +1.235893774e+05 +1.236459874e+05 +1.236459874e+05 -1.4771e+00 -3.8676e+00 -4.9720e+00
1062 +4.173242735e+04 +4.173242735e+04 +4.178903735e+04 +4.178903735e+04 -1.8616e+00 -3.7053e+00 -4.7462e+00
2672 +3.050078247e+04 +3.050078247e+04 +3.055739247e+04 +3.055739247e+04 -2.7791e+00 -3.1142e+00 -4.4027e+00
% function evaluation | noise-free fitness - Fopt (-1.810000000000e+01) | best noise-free fitness - Fopt | measured fitness | best measured fitness | x1 | x2...
1 +2.733987335e+08 +2.733987335e+08 +2.733987154e+08 +2.733987154e+08 +2.4884e+00 +1.5526e+00 -3.4690e+00
4 +1.108830519e+07 +1.108830519e+07 +1.108828709e+07 +1.108828709e+07 -3.2987e+00 +1.0916e+00 +1.1495e+00
6 +7.211084210e+06 +7.211084210e+06 +7.211066110e+06 +7.211066110e+06 -1.2275e+00 +1.0079e+00 +8.5859e-01
16 +6.219750711e+06 +6.219750711e+06 +6.219732611e+06 +6.219732611e+06 -2.3793e+00 +1.1587e+00 +1.4038e+00
30 +5.864099410e+05 +5.864099410e+05 +5.863918410e+05 +5.863918410e+05 +3.2909e+00 +2.5292e+00 +2.0751e+00
91 +1.401385740e+05 +1.401385740e+05 +1.401204740e+05 +1.401204740e+05 -2.4823e+00 -7.0399e-01 +3.9187e+00
633 +3.548780259e+04 +3.548780259e+04 +3.546970259e+04 +3.546970259e+04 -9.7164e-01 +5.7319e-01 +3.2389e+00
1122 +1.722069576e+04 +1.722069576e+04 +1.720259576e+04 +1.720259576e+04 -7.3527e-01 +8.0096e-01 +2.9510e+00
3632 +1.432143231e+04 +1.432143231e+04 +1.430333231e+04 +1.430333231e+04 -1.3519e+00 +2.2030e-01 +3.1305e+00
4348 +8.970692444e+03 +8.970692444e+03 +8.952592444e+03 +8.952592444e+03 +1.0117e+00 +1.6513e+00 +2.1233e+00
4637 +5.227523340e+03 +5.227523340e+03 +5.209423340e+03 +5.209423340e+03 -7.4776e-01 +6.7629e-01 +2.8735e+00
% function evaluation | noise-free fitness - Fopt (3.777000000000e+01) | best noise-free fitness - Fopt | measured fitness | best measured fitness | x1 | x2...
1 +1.903367131e+07 +1.903367131e+07 +1.903370908e+07 +1.903370908e+07 +4.6955e+00 +4.7123e+00 +2.7992e+00
4 +1.446460401e+06 +1.446460401e+06 +1.446498171e+06 +1.446498171e+06 -3.7340e+00 -1.2630e+00 +4.4151e+00
27 +5.000377030e+05 +5.000377030e+05 +5.000754730e+05 +5.000754730e+05 -1.1552e-01 +1.9336e+00 -8.7473e-02
53 +1.209031329e+05 +1.209031329e+05 +1.209409029e+05 +1.209409029e+05 -1.5874e+00 +1.1412e+00 +7.0567e-01
872 +5.905925770e+02 +5.905925770e+02 +6.283625770e+02 +6.283625770e+02 -6.5266e-01 +2.3222e+00 +3.5764e-01
% function evaluation | noise-free fitness - Fopt (-1.523000000000e+01) | best noise-free fitness - Fopt | measured fitness | best measured fitness | x1 | x2...
1 +1.968516588e+07 +1.968516588e+07 +1.968515065e+07 +1.968515065e+07 +3.6009e+00 +9.0391e-01 +1.9238e+00
5 +1.166828823e+07 +1.166828823e+07 +1.166827300e+07 +1.166827300e+07 +4.7889e+00 +3.2626e+00 +5.3702e-01
41 +3.670139729e+06 +3.670139729e+06 +3.670124499e+06 +3.670124499e+06 +3.1596e+00 +2.1172e+00 -4.2744e+00
51 +8.058216457e+05 +8.058216457e+05 +8.058064157e+05 +8.058064157e+05 +4.3717e-01 +4.9085e-01 -3.1252e+00
156 +1.566844837e+05 +1.566844837e+05 +1.566692537e+05 +1.566692537e+05 -5.4635e-01 -2.0730e+00 -2.9034e+00
1563 +5.984489755e+02 +5.984489755e+02 +5.832189755e+02 +5.832189755e+02 +4.2033e+00 +1.6827e+00 -2.4397e+00
% function evaluation | noise-free fitness - Fopt (-1.614300000000e+02) | best noise-free fitness - Fopt | measured fitness | best measured fitness | x1 | x2...
1 +3.640600220e+07 +3.640600220e+07 +3.640584077e+07 +3.640584077e+07 +3.2762e+00 -3.8734e+00 -2.6154e+00
2 +7.413714050e+06 +7.413714050e+06 +7.413552620e+06 +7.413552620e+06 -3.4830e-01 -1.2445e+00 +4.9227e+00
9 +2.309489031e+06 +2.309489031e+06 +2.309327601e+06 +2.309327601e+06 -8.1439e-01 -4.5597e+00 +4.3332e+00
15 +1.281891659e+06 +1.281891659e+06 +1.281730229e+06 +1.281730229e+06 +3.6324e-01 +2.2602e+00 -5.2289e-01
49 +6.809628938e+03 +6.809628938e+03 +6.648198938e+03 +6.648198938e+03 +7.9522e-01 +4.0834e+00 -5.3773e-02
1294 +3.507657571e+03 +3.507657571e+03 +3.346227571e+03 +3.346227571e+03 +8.1329e-01 +4.4635e+00 -3.6875e-01
4496 +2.456956037e+03 +2.456956037e+03 +2.295526037e+03 +2.295526037e+03 +5.8825e-01 -7.9391e-01 +1.9849e+00
% function evaluation | noise-free fitness - Fopt (3.280300000000e+02) | best noise-free fitness - Fopt | measured fitness | best measured fitness | x1 | x2...
1 +2.371410413e+06 +2.371410413e+06 +2.371738443e+06 +2.371738443e+06 +3.9147e+00 +3.0911e+00 +1.1890e+00
5 +4.055939274e+05 +4.055939274e+05 +4.059219574e+05 +4.059219574e+05 +3.2272e+00 +4.4846e+00 +2.3022e+00
62 +1.380435852e+05 +1.380435852e+05 +1.383716152e+05 +1.383716152e+05 +3.0615e+00 +2.8841e+00 +3.7790e+00
334 +5.790041289e+04 +5.790041289e+04 +5.822844289e+04 +5.822844289e+04 +2.6777e+00 +4.8180e+00 +1.1200e+00
734 +1.149621044e+04 +1.149621044e+04 +1.182424044e+04 +1.182424044e+04 +3.4822e+00 +2.1843e+00 +4.2209e+00
1197 +7.750323067e+02 +7.750323067e+02 +1.103062307e+03 +1.103062307e+03 +3.4057e+00 +2.6420e+00 +3.7215e+00
% function evaluation | noise-free fitness - Fopt (-3.213000000000e+01) | best noise-free fitness - Fopt | measured fitness | best measured fitness | x1 | x2...
1 +5.163824716e+07 +5.163824716e+07 +5.163821503e+07 +5.163821503e+07 -1.8788e+00 +1.7217e+00 -3.9007e+00
2 +8.564146997e+06 +8.564146997e+06 +8.564114867e+06 +8.564114867e+06 -4.0638e-01 +5.5695e-01 +2.4467e-02
4 +5.831995995e+06 +5.831995995e+06 +5.831963865e+06 +5.831963865e+06 -2.4750e-02 +2.8975e+00 +4.6198e+00
13 +3.781296164e+06 +3.781296164e+06 +3.781264034e+06 +3.781264034e+06 -1.6572e+00 -3.3801e+00 +1.0393e+00
14 +2.610420265e+05 +2.610420265e+05 +2.610098965e+05 +2.610098965e+05 +2.0335e+00 +4.3328e+00 +3.2058e+00
146 +2.472299402e+05 +2.472299402e+05 +2.471978102e+05 +2.471978102e+05 -1.5853e-01 +5.8203e-01 +3.4088e+00
151 +1.557402933e+05 +1.557402933e+05 +1.557081633e+05 +1.557081633e+05 +6.3601e-01 +5.9682e-01 +2.9522e+00
362 +6.171313877e+04 +6.171313877e+04 +6.168100877e+04 +6.168100877e+04 -2.0587e-01 +4.8990e-01 +2.9096e+00
1268 +8.940599800e+03 +8.940599800e+03 +8.908469800e+03 +8.908469800e+03 +2.2495e+00 +3.8548e+00 +3.1298e+00
4133 +6.071423994e+03 +6.071423994e+03 +6.039293994e+03 +6.039293994e+03 +2.2313e+00 +3.6585e+00 +3.2509e+00
% function evaluation | noise-free fitness - Fopt (1.576000000000e+01) | best noise-free fitness - Fopt | measured fitness | best measured fitness | x1 | x2...
1 +3.587921585e+08 +3.587921585e+08 +3.587921743e+08 +3.587921743e+08 -3.0854e+00 +9.8197e-01 +1.2811e+00
2 +5.271308266e+07 +5.271308266e+07 +5.271309842e+07 +5.271309842e+07 -4.2092e-01 -1.9397e+00 +3.7606e+00
5 +7.113934527e+06 +7.113934527e+06 +7.113950287e+06 +7.113950287e+06 +3.8530e+00 -2.5243e+00 -3.1804e+00
7 +3.204293340e+06 +3.204293340e+06 +3.204309100e+06 +3.204309100e+06 +2.1687e+00 -1.9081e+00 +1.1853e+00
9 +1.323709115e+05 +1.323709115e+05 +1.323866715e+05 +1.323866715e+05 +3.5105e+00 -4.5625e+00 -7.8988e-01
15 +5.285770980e+04 +5.285770980e+04 +5.287346980e+04 +5.287346980e+04 +3.0043e+00 -4.8704e+00 -1.0003e+00
159 +1.346712437e+04 +1.346712437e+04 +1.348288437e+04 +1.348288437e+04 +3.0667e+00 -4.0155e+00 -7.7356e-01
1940 +6.296250216e+03 +6.296250216e+03 +6.312010216e+03 +6.312010216e+03 +3.1395e+00 -3.7405e+00 -8.8033e-01
% function evaluation | noise-free fitness - Fopt (3.735000000000e+01) | best noise-free fitness - Fopt | measured fitness | best measured fitness | x1 | x2...
1 +1.003775756e+08 +1.003775756e+08 +1.003776129e+08 +1.003776129e+08 +1.4081e+00 +1.1885e+00 +2.1698e+00
3 +3.658620967e+07 +3.658620967e+07 +3.658624702e+07 +3.658624702e+07 +3.1191e-02 +1.4152e+00 -8.9658e-01
9 +7.823866258e+06 +7.823866258e+06 +7.823903608e+06 +7.823903608e+06 -2.5129e+00 -1.3507e+00 +6.3701e-01
15 +3.246392342e+06 +3.246392342e+06 +3.246429692e+06 +3.246429692e+06 -3.3305e+00 -4.3692e+00 +4.9758e+00
38 +5.109606114e+05 +5.109606114e+05 +5.109979614e+05 +5.109979614e+05 -4.2618e+00 -1.1056e+00 +2.8007e+00
369 +3.121058784e+05 +3.121058784e+05 +3.121432284e+05 +3.121432284e+05 -3.7414e+00 +3.3915e-01 +2.8980e+00
503 +1.302827456e+05 +1.302827456e+05 +1.303200956e+05 +1.303200956e+05 -4.4550e+00 -2.4935e-01 +2.9278e+00
729 +2.627565236e+04 +2.627565236e+04 +2.631300236e+04 +2.631300236e+04 -4.0897e+00 -2.4120e-01 +2.7892e+00
1259 +7.949306655e+03 +7.949306655e+03 +7.986656655e+03 +7.986656655e+03 -3.6859e+00 -6.2921e-01 +3.1665e+00
% function evaluation | noise-free fitness - Fopt (-3.096300000000e+02) | best noise-free fitness - Fopt | measured fitness | best measured fitness | x1 | x2...
1 +5.718321203e+08 +5.718321203e+08 +5.718318107e+08 +5.718318107e+08 +3.3053e+00 +3.8963e+00 -4.6727e+00
2 +1.116745336e+07 +1.116745336e+07 +1.116714373e+07 +1.116714373e+07 +4.7585e-01 +2.3528e+00 +4.2556e+00
5 +3.268743370e+06 +3.268743370e+06 +3.268433740e+06 +3.268433740e+06 -4.5787e+00 +3.5853e+00 +8.1363e-01
14 +1.611257274e+05 +1.611257274e+05 +1.608160974e+05 +1.608160974e+05 -7.1383e-01 +4.1599e+00 +2.7332e+00
332 +1.476990589e+05 +1.476990589e+05 +1.473894289e+05 +1.473894289e+05 -4.8670e+00 +9.9167e-01 -2.3856e-01
1368 +1.985797939e+04 +1.985797939e+04 +1.954834939e+04 +1.954834939e+04 -2.3225e+00 +3.0067e+00 +1.5595e+00
1945 +3.799796130e+03 +3.799796130e+03 +3.490166130e+03 +3.490166130e+03 -2.0706e+00 +3.4383e+00 +1.9938e+00
% function evaluation | noise-free fitness - Fopt (-1.000000000000e+03) | best noise-free fitness - Fopt | measured fitness | best measured fitness | x1 | x2...
1 +9.468060031e+07 +9.468060031e+07 +9.467960031e+07 +9.467960031e+07 -4.9767e+00 -8.8719e-01 -8.0889e-02
2 +7.869275244e+06 +7.869275244e+06 +7.868275244e+06 +7.868275244e+06 +2.8140e+00 +2.5716e+00 +4.6133e+00
4 +3.594616461e+04 +3.594616461e+04 +3.494616461e+04 +3.494616461e+04 +4.9014e+00 +2.0340e+00 +2.8169e+00
160 +2.198266698e+04 +2.198266698e+04 +2.098266698e+04 +2.098266698e+04 +4.3499e+00 +2.7570e+00 +5.2201e-01
2958 +1.475309188e+04 +1.475309188e+04 +1.375309188e+04 +1.375309188e+04 +2.8095e+00 +4.6171e+00 -4.5074e+00
3604 +4.306304707e+02 +4.306304707e+02 -5.693695293e+02 -5.693695293e+02 +3.4283e+00 +3.5433e+00 -2.3743e+00
% function evaluation | noise-free fitness - Fopt (5.800000000000e+01) | best noise-free fitness - Fopt | measured fitness | best measured fitness | x1 | x2...
1 +1.006006677e+09 +1.006006677e+09 +1.006006735e+09 +1.006006735e+09 -1.3822e+00 -3.7214e+00 -3.2334e+00
2 +5.910713730e+06 +5.910713730e+06 +5.910771730e+06 +5.910771730e+06 -4.9936e+00 +4.5640e+00 -4.6482e+00
24 +6.034324056e+05 +6.034324056e+05 +6.034904056e+05 +6.034904056e+05 -1.2991e+00 +3.8947e+00 -3.9413e+00
81 +2.945584040e+05 +2.945584040e+05 +2.946164040e+05 +2.946164040e+05 -8.7936e-01 +3.1519e+00 -4.6819e+00
225 +1.357210387e+05 +1.357210387e+05 +1.357790387e+05 +1.357790387e+05 -4.2000e+00 +3.7017e+00 -2.5884e+00
1981 +9.767635276e+04 +9.767635276e+04 +9.773435276e+04 +9.773435276e+04 -2.8052e+00 +3.4245e+00 -2.7638e+00
2591 +6.114335013e+04 +6.114335013e+04 +6.120135013e+04 +6.120135013e+04 -2.9676e+00 +3.7877e+00 -3.2741e+00
3043 +2.305707174e+04 +2.305707174e+04 +2.311507174e+04 +2.311507174e+04 -1.9849e-01 +2.9278e+00 -4.6647e+00
% function evaluation | noise-free fitness - Fopt (9.438000000000e+01) | best noise-free fitness - Fopt | measured fitness | best measured fitness | x1 | x2...
1 +6.836452908e+06 +6.836452908e+06 +6.836547288e+06 +6.836547288e+06 -2.2508e+00 +9.1306e-01 -3.9882e+00
4 +1.628065589e+06 +1.628065589e+06 +1.628159969e+06 +1.628159969e+06 -2.4929e+00 +4.4751e+00 -2.7299e+00
23 +2.962044555e+05 +2.962044555e+05 +2.962988355e+05 +2.962988355e+05 +1.9395e+00 +2.7976e+00 -3.2672e+00
97 +1.674404463e+05 +1.674404463e+05 +1.675348263e+05 +1.675348263e+05 +4.8655e+00 +2.6469e+00 -3.6286e+00
407 +8.915595224e+04 +8.915595224e+04 +8.925033224e+04 +8.925033224e+04 -3.7186e+00 +3.2887e+00 -3.6167e+00
867 +1.548157736e+04 +1.548157736e+04 +1.557595736e+04 +1.557595736e+04 -1.3297e+00 +3.5488e+00 -3.6867e+00
2034 +9.425489608e+03 +9.425489608e+03 +9.519869608e+03 +9.519869608e+03 -4.7376e+00 +3.8158e+00 -3.4622e+00
4431 +3.343082734e+03 +3.343082734e+03 +3.437462734e+03 +3.437462734e+03 +8.7963e-01 +3.3329e+00 -3.5444e+00
