% function evaluation | noise-free fitness - Fopt (7.135000000000e+01) | best noise-free fitness - Fopt | measured fitness | best measured fitness | x1 | x2...
1 +5.515195659e+01 +5.515195659e+01 +1.265019566e+02 +1.265019566e+02 +2.1843e+00 -4.6065e+00 +1.5663e+00 +3.4347e-01 -3.2017e+00
2 +3.258023538e+01 +3.258023538e+01 +1.039302354e+02 +1.039302354e+02 +3.2031e+00 +2.2099e+00 -4.1338e+00 +2.4944e+00 -3.3949e+00
37 +1.902627217e+01 +1.902627217e+01 +9.037627217e+01 +9.037627217e+01 -4.0540e+00 -4.8763e+00 +3.9670e+00 +1.1709e+00 +1.6693e+00
72 +1.564608305e+01 +1.564608305e+01 +8.699608305e+01 +8.699608305e+01 -2.9920e+00 -2.4448e+00 +3.0227e+00 -1.5230e+00 +3.9189e+00
810 +8.918282046e+00 +8.918282046e+00 +8.026828205e+01 +8.026828205e+01 +2.9624e+00 -9.8464e-01 -4.7749e+00 -3.1648e+00 -1.3406e+00
1178 +6.269743379e+00 +6.269743379e+00 +7.761974338e+01 +7.761974338e+01 -6.7875e-01 -3.8396e-01 -3.5327e+00 +4.0042e+00 -7.8284e-02
% function evaluation | noise-free fitness - Fopt (-3.552200000000e+02) | best noise-free fitness - Fopt | measured fitness | best measured fitness | x1 | x2...
1 +6.736764528e+01 +6.736764528e+01 -2.878523547e+02 -2.878523547e+02 +4.5388e+00 +4.7506e+00 +4.8836e+00 +4.5022e+00 -2.4341e+00
4 +5.407163302e+01 +5.407163302e+01 -3.011483670e+02 -3.011483670e+02 -1.9644e-01 +2.2824e+00 -1.4540e+00 -4.2328e+00 +3.0698e+00
5 +2.819982595e+01 +2.819982595e+01 -3.270201740e+02 -3.270201740e+02 -1.6948e+00 +4.6745e+00 +2.5870e+00 -2.6450e-01 -4.9186e+00
15 +2.235485683e+01 +2.235485683e+01 -3.328651432e+02 -3.328651432e+02 -1.7669e+00 +1.4497e+00 +3.8142e+00 +3.2080e+00 -4.5130e+00
81 +6.237999769e+00 +6.237999769e+00 -3.489820002e+02 -3.489820002e+02 -3.7171e+00 -2.8537e+00 -9.9250e-01 +1.1410e+00 -3.0901e+00
1016 +3.553274847e+00 +3.553274847e+00 -3.516667252e+02 -3.516667252e+02 -2.5107e+00 +1.1884e+00 -4.8673e+00 -1.7728e+00 +1.9710e+00
3562 +1.971061641e+00 +1.971061641e+00 -3.532489384e+02 -3.532489384e+02 -3.9251e+00 -3.9939e+00 +3.8757e+00 -2.8441e+00 +2.1901e+00
% function evaluation | noise-free fitness - Fopt (9.917000000000e+01) | best noise-free fitness - Fopt | measured fitness | best measured fitness | x1 | x2...
1 +1.346598954e+02 +1.346598954e+02 +2.338298954e+02 +2.338298954e+02 -3.3881e+00 +3.6122e+00 +3.8061e+00 -6.6357e-01 +3.3280e-01
5 +2.647017787e+01 +2.647017787e+01 +1.256401779e+02 +1.256401779e+02 -1.3074e+00 -2.7858e-02 -3.7968e+00 +4.6724e+00 +7.7910e-01
26 +1.806825292e+01 +1.806825292e+01 +1.172382529e+02 +1.172382529e+02 -2.8426e-01 +2.7751e+00 +2.2342e+00 +3.7496e+00 +4.0074e+00
61 +1.369166903e+01 +1.369166903e+01 +1.128616690e+02 +1.128616690e+02 +2.3662e+00 +5.8801e-01 -1.2518e+00 -3.9321e+00 +2.9135e+00
372 +9.198516027e+00 +9.198516027e+00 +1.083685160e+02 +1.083685160e+02 +1.2738e+00 -3.5159e-01 -1.9153e+00 +3.1108e+00 +4.2046e+00
3550 +6.122574891e+00 +6.122574891e+00 +1.052925749e+02 +1.052925749e+02 -3.1513e-01 +2.0686e+00 +4.1891e-01 +2.6030e+00 -3.2510e+00
% function evaluation | noise-free fitness - Fopt (-5.179100000000e+02) | best noise-free fitness - Fopt | measured fitness | best measured fitness | x1 | x2...
1 +7.465735827e+01 +7.465735827e+01 -4.432526417e+02 -4.432526417e+02 -3.5773e+00 -3.7949e-02 -2.8329e+00 -2.8609e+00 -1.8428e+00
5 +5.851724506e+01 +5.851724506e+01 -4.593927549e+02 -4.593927549e+02 -3.5327e+00 +4.9575e+00 +1.0986e+00 -4.6631e+00 +4.4753e+00
22 +3.323024546e+01 +3.323024546e+01 -4.846797545e+02 -4.846797545e+02 +3.4022e+00 -1.7359e+00 +3.3174e-01 -1.7436e+00 +4.9735e+00
65 +1.743918505e+01 +1.743918505e+01 -5.004708150e+02 -5.004708150e+02 -1.4467e+00 +2.1627e+00 +4.9866e+00 -3.4128e+00 +4.3179e+00
222 +1.312318692e+01 +1.312318692e+01 -5.047868131e+02 -5.047868131e+02 +2.1629e+00 +3.9319e+00 -2.4059e+00 -1.4262e+00 +3.3497e+00
250 +9.164078416e+00 +9.164078416e+00 -5.087459216e+02 -5.087459216e+02 -2.4409e+00 +3.9953e+00 -3.4789e+00 +1.1917e+00 -2.7296e+00
2176 +2.414031319e+00 +2.414031319e+00 -5.154959687e+02 -5.154959687e+02 -3.5424e+00 +1.7278e-01 -3.2994e+00 +4.9263e+00 -4.2727e+00
% function evaluation | noise-free fitness - Fopt (-5.721000000000e+01) | best noise-free fitness - Fopt | measured fitness | best measured fitness | x1 | x2...
1 +2.512109371e+02 +2.512109371e+02 +1.940009371e+02 +1.940009371e+02 +4.4137e+00 -2.7159e+00 +1.2591e+00 -3.6565e+00 +3.2303e+00
2 +7.538816709e+01 +7.538816709e+01 +1.817816709e+01 +1.817816709e+01 -2.7943e+00 -4.1875e+00 +9.4661e-01 +3.1403e+00 +1.5998e+00
6 +4.341095883e+01 +4.341095883e+01 -1.379904117e+01 -1.379904117e+01 -3.1250e+00 -4.8464e+00 -9.3126e-01 -5.3830e-01 -4.7555e-01
7 +2.723214799e+01 +2.723214799e+01 -2.997785201e+01 -2.997785201e+01 -2.8995e+00 -2.8340e+00 +2.1299e+00 +3.1262e+00 +4.6226e+00
14 +1.748156222e+01 +1.748156222e+01 -3.972843778e+01 -3.972843778e+01 -8.4263e-01 -1.4334e+00 -8.6802e-01 +9.1687e-01 -2.8509e+00
128 +1.256434049e+01 +1.256434049e+01 -4.464565951e+01 -4.464565951e+01 +3.2412e+00 +1.7161e+00 -4.7562e+00 +1.6264e+00 -2.9678e-01
362 +5.490153274e+00 +5.490153274e+00 -5.171984673e+01 -5.171984673e+01 +2.5754e+00 +2.1938e+00 -4.2593e-01 -4.8961e-01 -2.0463e+00
2413 +3.677012704e+00 +3.677012704e+00 -5.353298730e+01 -5.353298730e+01 +2.2895e+00 +6.2981e-01 -2.2203e+00 -1.0982e-01 +2.7480e+00
% function evaluation | noise-free fitness - Fopt (-2.778000000000e+01) | best noise-free fitness - Fopt | measured fitness | best measured fitness | x1 | x2...
1 +9.155824076e+01 +9.155824076e+01 +6.377824076e+01 +6.377824076e+01 -1.0574e+00 +6.6041e-01 +6.1686e-01 -1.6723e+00 -1.3298e+00
3 +3.863477302e+01 +3.863477302e+01 +1.085477302e+01 +1.085477302e+01 +2.9663e+00 -4.9333e-01 +2.2946e+00 +5.8093e-01 -1.2840e+00
5 +1.422514214e+01 +1.422514214e+01 -1.355485786e+01 -1.355485786e+01 +1.3165e+00 -2.6426e+00 +5.7552e-01 +4.1911e+00 +2.1063e+00
151 +9.533309333e+00 +9.533309333e+00 -1.824669067e+01 -1.824669067e+01 +3.8481e+00 -3.7825e+00 +1.3513e+00 -2.5867e+00 -6.7108e-01
1837 +3.208428352e+00 +3.208428352e+00 -2.457157165e+01 -2.457157165e+01 -2.2770e+00 -2.9681e+00 -4.9928e-01 -3.2961e+00 +2.7960e+00
% function evaluation | noise-free fitness - Fopt (-4.871000000000e+01) | best noise-free fitness - Fopt | measured fitness | best measured fitness | x1 | x2...
1 +1.021337649e+02 +1.021337649e+02 +5.342376492e+01 +5.342376492e+01 +2.7460e+00 +9.6413e-01 +3.6229e+00 -2.7229e+00 +3.7588e+00
2 +7.638567635e+01 +7.638567635e+01 +2.767567635e+01 +2.767567635e+01 +2.0918e+00 +1.3364e+00 -2.9113e+00 +1.4003e+00 -1.7497e+00
5 +3.381253216e+01 +3.381253216e+01 -1.489746784e+01 -1.489746784e+01 -3.4680e+00 +4.0247e+00 -1.9770e+00 +4.4331e+00 -3.2044e+00
73 +1.382069447e+01 +1.382069447e+01 -3.488930553e+01 -3.488930553e+01 +3.1646e+00 +3.5106e+00 +1.5593e+00 +4.8189e+00 -2.2474e+00
145 +7.674087447e+00 +7.674087447e+00 -4.103591255e+01 -4.103591255e+01 +1.9144e+00 +1.1000e+00 -4.1477e+00 +9.3574e-01 -1.9634e-01
893 +3.661693750e+00 +3.661693750e+00 -4.504830625e+01 -4.504830625e+01 +4.7854e+00 +2.8226e+00 -3.7153e+00 +1.1072e+00 -4.1588e+00
1559 +2.395274629e+00 +2.395274629e+00 -4.631472537e+01 -4.631472537e+01 -1.3334e-01 +1.0858e+00 -4.5904e+00 -3.6916e+00 +1.1445e+00
% function evaluation | noise-free fitness - Fopt (-1.667900000000e+02) | best noise-free fitness - Fopt | measured fitness | best measured fitness | x1 | x2...
1 +1.307092288e+02 +1.307092288e+02 -3.608077123e+01 -3.608077123e+01 -3.6959e-01 +3.3920e+00 +1.1980e-01 -3.8820e+00 +3.2264e+00
5 +3.571065484e+01 +3.571065484e+01 -1.310793452e+02 -1.310793452e+02 -3.2296e+00 -4.0706e+00 +8.6495e-01 +1.4410e-01 -4.0593e+00
14 +2.392764467e+01 +2.392764467e+01 -1.428623553e+02 -1.428623553e+02 +2.9800e+00 +2.3502e+00 +2.7133e+00 +1.4663e+00 +6.8622e-01
79 +1.502004055e+01 +1.502004055e+01 -1.517699594e+02 -1.517699594e+02 -8.7957e-01 +5.8488e-01 +3.7317e+00 +1.3498e+00 -4.2385e+00
921 +7.301272608e+00 +7.301272608e+00 -1.594887274e+02 -1.594887274e+02 -7.3410e-01 +3.7731e+00 +4.4141e+00 -4.7697e+00 +7.3703e-01
1599 +5.926944921e+00 +5.926944921e+00 -1.608630551e+02 -1.608630551e+02 +4.3910e+00 +6.4629e-01 -4.3829e+00 -2.5289e+00 -1.1306e+00
% function evaluation | noise-free fitness - Fopt (1.000000000000e+03) | best noise-free fitness - Fopt | measured fitness | best measured fitness | x1 | x2...
1 +1.006229117e+02 +1.006229117e+02 +1.100622912e+03 +1.100622912e+03 +2.0368e+00 +2.8084e+00 -2.5026e+00 +2.9045e+00 +3.5690e+00
2 +6.130728341e+01 +6.130728341e+01 +1.061307283e+03 +1.061307283e+03 -1.1231e+00 +1.8975e+00 +4.0732e+00 +2.3987e+00 +3.9649e-01
3 +2.305842352e+01 +2.305842352e+01 +1.023058424e+03 +1.023058424e+03 +3.2186e+00 +1.0658e+00 -3.4864e+00 -1.5053e+00 +1.0362e+00
53 +1.013122640e+01 +1.013122640e+01 +1.010131226e+03 +1.010131226e+03 -2.2693e+00 -1.1783e+00 -2.9485e+00 -3.7860e+00 +2.2770e+00
193 +9.616077140e+00 +9.616077140e+00 +1.009616077e+03 +1.009616077e+03 -1.6502e+00 -3.5384e+00 -4.0335e+00 -4.7852e+00 -7.1111e-01
3120 +2.267128212e+00 +2.267128212e+00 +1.002267128e+03 +1.002267128e+03 +9.2029e-01 -1.9364e-01 +4.4556e+00 +4.6262e+00 -1.5976e+00
% function evaluation | noise-free fitness - Fopt (-1.847000000000e+01) | best noise-free fitness - Fopt | measured fitness | best measured fitness | x1 | x2...
1 +5.119365756e+01 +5.119365756e+01 +3.272365756e+01 +3.272365756e+01 -1.0801e+00 +1.1278e+00 +3.6867e+00 -4.3760e+00 -4.2008e+00
14 +3.370824516e+01 +3.370824516e+01 +1.523824516e+01 +1.523824516e+01 +3.2332e+00 +1.5984e+00 -1.4252e+00 +6.3918e-01 -4.9528e+00
31 +1.402748698e+01 +1.402748698e+01 -4.442513017e+00 -4.442513017e+00 -4.7034e+00 -4.7800e+00 +2.5048e+00 +1.4681e+00 +3.5348e-01
370 +9.290565613e+00 +9.290565613e+00 -9.179434387e+00 -9.179434387e+00 +1.6730e+00 +2.5385e+00 +4.9779e+00 -3.4945e+00 -3.6646e+00
580 +5.663583260e+00 +5.663583260e+00 -1.280641674e+01 -1.280641674e+01 -2.8498e-01 +2.6425e+00 -4.3702e+00 +1.8509e+00 +3.3476e+00
3858 +2.011963625e+00 +2.011963625e+00 -1.645803638e+01 -1.645803638e+01 +1.8708e+00 +4.0684e+00 +1.4049e+00 -4.1483e-01 +3.7012e+00
% function evaluation | noise-free fitness - Fopt (-5.971000000000e+01) | best noise-free fitness - Fopt | measured fitness | best measured fitness | x1 | x2...
1 +7.884711244e+01 +7.884711244e+01 +1.913711244e+01 +1.913711244e+01 +3.3188e+00 +2.8193e+00 -1.4448e+00 -3.4822e+00 -4.6173e-01
5 +5.337940848e+01 +5.337940848e+01 -6.330591515e+00 -6.330591515e+00 +3.2039e+00 -2.4028e+00 -1.5077e+00 +2.8633e+00 +4.5267e+00
10 +9.307925162e+00 +9.307925162e+00 -5.040207484e+01 -5.040207484e+01 +2.3675e+00 +4.4570e+00 +3.2328e+00 +2.6421e+00 -8.8447e-01
2727 +2.067345554e+00 +2.067345554e+00 -5.764265445e+01 -5.764265445e+01 -5.8713e-01 -3.7220e+00 -2.5039e+00 -2.0658e+00 -3.2812e+00
% function evaluation | noise-free fitness - Fopt (-9.684000000000e+01) | best noise-free fitness - Fopt | measured fitness | best measured fitness | x1 | x2...
1 +6.852532591e+01 +6.852532591e+01 -2.831467409e+01 -2.831467409e+01 -1.7337e+00 -2.5633e-01 +1.4188e+00 +1.7268e+00 +4.1530e+00
3 +3.527304262e+01 +3.527304262e+01 -6.156695738e+01 -6.156695738e+01 +2.1773e+00 -1.6366e+00 +4.2055e+00 +4.8650e+00 +4.4917e+00
7 +1.077500181e+01 +1.077500181e+01 -8.606499819e+01 -8.606499819e+01 -1.9314e+00 -2.8643e+00 -1.5823e+00 -3.5010e+00 +1.6911e-01
415 +6.804453730e+00 +6.804453730e+00 -9.003554627e+01 -9.003554627e+01 +3.6149e+00 -1.0499e-01 -3.5945e+00 +3.5149e+00 -7.1732e-01
1150 +5.892533883e+00 +5.892533883e+00 -9.094746612e+01 -9.094746612e+01 -3.1891e+00 -3.3628e+00 +4.2647e-01 -1.9917e+00 +1.6540e+00
% function evaluation | noise-free fitness - Fopt (3.207000000000e+01) | best noise-free fitness - Fopt | measured fitness | best measured fitness | x1 | x2...
1 +1.071549039e+02 +1.071549039e+02 +1.392249039e+02 +1.392249039e+02 +4.1154e+00 -3.8327e+00 +1.4369e+00 -2.5166e+00 -2.4712e+00
2 +7.942083219e+01 +7.942083219e+01 +1.114908322e+02 +1.114908322e+02 -6.2727e-01 +1.6443e+00 -8.7384e-01 -1.7240e-01 -1.7263e+00
4 +3.679081390e+01 +3.679081390e+01 +6.886081390e+01 +6.886081390e+01 -1.9174e-01 -2.7895e+00 +3.8891e+00 +2.4376e+00 -3.6315e-01
86 +2.445084328e+01 +2.445084328e+01 +5.652084328e+01 +5.652084328e+01 +6.4841e-02 -1.6751e+00 +5.3374e-01 +1.3491e-01 +3.4569e+00
149 +1.522794783e+01 +1.522794783e+01 +4.729794783e+01 +4.729794783e+01 +2.1524e+00 +2.3583e+00 +4.9777e+00 +4.9326e+00 +1.2186e+00
515 +7.508208246e+00 +7.508208246e+00 +3.957820825e+01 +3.957820825e+01 -4.2724e+00 +2.8520e+00 -9.2424e-01 -7.5484e-01 -1.0794e+00
% function evaluation | noise-free fitness - Fopt (2.624000000000e+01) | best noise-free fitness - Fopt | measured fitness | best measured fitness | x1 | x2...
1 +4.335097686e+01 +4.335097686e+01 +6.959097686e+01 +6.959097686e+01 -2.4031e+00 -1.0865e+00 -4.4601e+00 -4.7271e+00 +1.1221e+00
2 +3.588704155e+01 +3.588704155e+01 +6.212704155e+01 +6.212704155e+01 +3.6447e+00 +1.9833e+00 +1.8463e+00 -3.4645e+00 -3.9196e-02
27 +1.424010727e+01 +1.424010727e+01 +4.048010727e+01 +4.048010727e+01 +2.2358e+00 -3.6505e+00 -3.1083e+00 +6.7096e-01 -2.5293e+00
63 +6.033037327e+00 +6.033037327e+00 +3.227303733e+01 +3.227303733e+01 -4.7488e+00 +2.8315e+00 +3.5911e+00 +2.0491e+00 -4.6442e+00
2008 +2.309283714e+00 +2.309283714e+00 +2.854928371e+01 +2.854928371e+01 +3.5869e+00 +2.0179e+00 -8.8314e-01 -1.6451e+00 -4.0421e-01
% function evaluation | noise-free fitness - Fopt (-1.610000000000e+01) | best noise-free fitness - Fopt | measured fitness | best measured fitness | x1 | x2...
1 +3.661747931e+01 +3.661747931e+01 +2.051747931e+01 +2.051747931e+01 -4.9734e+00 +1.2622e+00 -4.6269e+00 +3.7115e+00 -4.2237e+00
3 +2.391812072e+01 +2.391812072e+01 +7.818120721e+00 +7.818120721e+00 +3.4594e+00 -4.2717e+00 -4.3994e+00 -1.7777e+00 -3.3579e+00
34 +1.061505691e+01 +1.061505691e+01 -5.484943093e+00 -5.484943093e+00 -2.0994e+00 +2.9943e+00 -1.6223e-01 -3.0060e+00 +7.2318e-01
228 +6.525601300e+00 +6.525601300e+00 -9.574398700e+00 -9.574398700e+00 -1.4678e+00 -3.1129e+00 -4.0560e+00 -3.5961e+00 -4.3304e-02
1306 +2.947700396e+00 +2.947700396e+00 -1.315229960e+01 -1.315229960e+01 -1.1270e+00 +1.7241e+00 +1.6733e-01 -8.8497e-01 +4.1047e+00
3882 +5.800212593e-01 +5.800212593e-01 -1.551997874e+01 -1.551997874e+01 +2.4864e+00 +3.9725e+00 +3.4314e+00 +2.7688e+00 +1.7751e+00
