% function evaluation | noise-free fitness - Fopt (-6.211100000000e+02) | best noise-free fitness - Fopt | measured fitness | best measured fitness | x1 | x2...
1 +6.578812501e+07 +6.578812501e+07 +6.578750390e+07 +6.578750390e+07 -1.5829e+00 +4.0950e+00 -1.0237e+00 +1.3336e+00 +2.4217e+00
2 +1.803415060e+07 +1.803415060e+07 +1.803352949e+07 +1.803352949e+07 -2.5264e+00 +3.6072e-01 -1.3734e+00 -4.1391e+00 -1.2550e+00
5 +1.129844533e+07 +1.129844533e+07 +1.129782422e+07 +1.129782422e+07 -1.9093e+00 +2.4377e+00 -2.1060e+00 -2.7029e+00 +1.0743e+00
7 +9.814409898e+06 +9.814409898e+06 +9.813788788e+06 +9.813788788e+06 -3.0244e+00 +3.6106e+00 -2.4796e-01 -4.9820e+00 -1.6104e+00
41 +5.120759309e+06 +5.120759309e+06 +5.120138199e+06 +5.120138199e+06 +1.2560e+00 +4.6792e+00 +6.8711e-01 -3.6664e+00 -2.3507e-01
97 +6.129964482e+05 +6.129964482e+05 +6.123753382e+05 +6.123753382e+05 -1.0339e+00 +3.4941e+00 -1.1679e-01 -4.2890e+00 -1.9986e-01
313 +2.777651784e+05 +2.777651784e+05 +2.771440684e+05 +2.771440684e+05 -7.5914e-01 +4.4818e+00 -1.8870e+00 -3.6076e+00 -1.5641e+00
421 +2.038768566e+05 +2.038768566e+05 +2.032557466e+05 +2.032557466e+05 -1.1849e+00 +4.6918e+00 -1.5347e+00 -3.4445e+00 -1.1977e+00
459 +1.747734201e+04 +1.747734201e+04 +1.685623201e+04 +1.685623201e+04 -1.0189e+00 +4.2540e+00 -7.3003e-01 -3.4091e+00 -1.0599e+00
939 +1.000871058e+04 +1.000871058e+04 +9.387600577e+03 +9.387600577e+03 -9.8528e-01 +4.2527e+00 -9.0994e-01 -3.4123e+00 -1.1205e+00
1118 +7.340313368e+03 +7.340313368e+03 +6.719203368e+03 +6.719203368e+03 -1.0663e+00 +4.1789e+00 -8.2563e-01 -3.4257e+00 -1.1084e+00
1399 +2.428924074e+03 +2.428924074e+03 +1.807814074e+03 +1.807814074e+03 -1.1113e+00 +4.2519e+00 -1.1946e+00 -3.4205e+00 -1.1770e+00
1599 +1.301231226e+03 +1.301231226e+03 +6.801212264e+02 +6.801212264e+02 -1.0850e+00 +4.2602e+00 -1.1812e+00 -3.4203e+00 -1.1538e+00
1999 +9.678448527e+02 +9.678448527e+02 +3.467348527e+02 +3.467348527e+02 -1.0906e+00 +4.2686e+00 -1.1548e+00 -3.4168e+00 -1.1817e+00
2203 +1.430525904e+02 +1.430525904e+02 -4.780574096e+02 -4.780574096e+02 -1.0791e+00 +4.2735e+00 -1.2512e+00 -3.3744e+00 -1.2222e+00
3043 +5.023998147e+01 +5.023998147e+01 -5.708700185e+02 -5.708700185e+02 -1.0804e+00 +4.2667e+00 -1.2699e+00 -3.3758e+00 -1.2376e+00
3403 +3.872923994e+01 +3.872923994e+01 -5.823807601e+02 -5.823807601e+02 -1.0788e+00 +4.2731e+00 -1.2632e+00 -3.3729e+00 -1.2405e+00
3434 +2.279436878e+01 +2.279436878e+01 -5.983156312e+02 -5.983156312e+02 -1.0787e+00 +4.2690e+00 -1.2633e+00 -3.3761e+00 -1.2393e+00
3526 +1.475587841e+01 +1.475587841e+01 -6.063541216e+02 -6.063541216e+02 -1.0778e+00 +4.2693e+00 -1.2683e+00 -3.3765e+00 -1.2362e+00
3726 +9.608601277e+00 +9.608601277e+00 -6.115013987e+02 -6.115013987e+02 -1.0776e+00 +4.2704e+00 -1.2654e+00 -3.3762e+00 -1.2381e+00
3926 +4.536053938e+00 +4.536053938e+00 -6.165739461e+02 -6.165739461e+02 -1.0762e+00 +4.2705e+00 -1.2683e+00 -3.3768e+00 -1.2374e+00
4444 +3.807278080e+00 +3.807278080e+00 -6.173027219e+02 -6.173027219e+02 -1.0761e+00 +4.2709e+00 -1.2668e+00 -3.3779e+00 -1.2373e+00
% function evaluation | noise-free fitness - Fopt (-2.548200000000e+02) | best noise-free fitness - Fopt | measured fitness | best measured fitness | x1 | x2...
1 +6.599040955e+07 +6.599040955e+07 +6.599015473e+07 +6.599015473e+07 -2.4786e+00 -1.2859e-01 -3.3175e+00 +1.5581e+00 -3.2461e+00
3 +5.735430130e+07 +5.735430130e+07 +5.735404648e+07 +5.735404648e+07 -3.4774e+00 -2.5532e-01 +1.3827e+00 -2.9281e+00 -4.2838e+00
4 +3.869797470e+07 +3.869797470e+07 +3.869771988e+07 +3.869771988e+07 -1.7096e+00 -5.2752e-01 -1.1626e+00 +2.7011e+00 -4.6378e+00
32 +1.616055703e+07 +1.616055703e+07 +1.616030221e+07 +1.616030221e+07 +9.2180e-01 +4.9038e+00 +2.6886e+00 +7.1375e-01 -2.6029e+00
46 +5.042527007e+06 +5.042527007e+06 +5.042272187e+06 +5.042272187e+06 +2.6541e+00 +8.5044e-01 -6.3679e-02 +1.5208e-02 -5.0000e+00
100 +1.912220272e+06 +1.912220272e+06 +1.911965452e+06 +1.911965452e+06 +2.9932e+00 +2.5490e+00 +0.0000e+00 -6.5901e-01 -2.1851e+00
124 +1.268558119e+06 +1.268558119e+06 +1.268303299e+06 +1.268303299e+06 +1.4838e+00 +2.9453e+00 +4.8261e-01 -4.7465e-01 -4.5453e+00
146 +5.899532917e+05 +5.899532917e+05 +5.896984717e+05 +5.896984717e+05 +3.7383e+00 +3.5568e+00 +1.1266e-02 +0.0000e+00 -2.6493e+00
435 +3.947032424e+05 +3.947032424e+05 +3.944484224e+05 +3.944484224e+05 +2.7803e+00 +3.5813e+00 +1.9831e-01 +3.0590e-01 -4.5228e+00
563 +1.890772325e+05 +1.890772325e+05 +1.888224125e+05 +1.888224125e+05 +2.2061e+00 +3.2648e+00 +1.8424e-01 +4.7634e-01 -4.5755e+00
571 +1.270426660e+05 +1.270426660e+05 +1.267878460e+05 +1.267878460e+05 +2.3947e+00 +3.2718e+00 +2.6702e-01 +4.2136e-01 -4.3575e+00
643 +6.440611919e+04 +6.440611919e+04 +6.415129919e+04 +6.415129919e+04 +2.4410e+00 +3.2889e+00 +3.7789e-01 +3.0461e-01 -4.4194e+00
828 +6.133825166e+04 +6.133825166e+04 +6.108343166e+04 +6.108343166e+04 +2.4140e+00 +3.0986e+00 +1.6489e-01 +2.3393e-01 -4.4733e+00
857 +3.848941990e+04 +3.848941990e+04 +3.823459990e+04 +3.823459990e+04 +2.1301e+00 +3.0028e+00 +3.8507e-01 +2.2489e-01 -4.6222e+00
1224 +7.675743310e+03 +7.675743310e+03 +7.420923310e+03 +7.420923310e+03 +2.3464e+00 +3.0184e+00 +5.2038e-01 +2.4336e-01 -4.6379e+00
1731 +2.988634397e+03 +2.988634397e+03 +2.733814397e+03 +2.733814397e+03 +2.3271e+00 +3.0083e+00 +4.5153e-01 +2.0655e-01 -4.5677e+00
1828 +2.054556189e+03 +2.054556189e+03 +1.799736189e+03 +1.799736189e+03 +2.3637e+00 +3.0036e+00 +4.2104e-01 +2.0273e-01 -4.5439e+00
2175 +1.212044051e+03 +1.212044051e+03 +9.572240510e+02 +9.572240510e+02 +2.3924e+00 +3.0542e+00 +4.1598e-01 +1.6929e-01 -4.4733e+00
2375 +5.553781149e+02 +5.553781149e+02 +3.005581149e+02 +3.005581149e+02 +2.4010e+00 +3.0332e+00 +4.0862e-01 +2.0443e-01 -4.5164e+00
2603 +2.811053510e+02 +2.811053510e+02 +2.628535099e+01 +2.628535099e+01 +2.3914e+00 +3.0425e+00 +4.1396e-01 +1.9768e-01 -4.4920e+00
2763 +2.325139266e+02 +2.325139266e+02 -2.230607338e+01 -2.230607338e+01 +2.3930e+00 +3.0464e+00 +4.1608e-01 +1.9588e-01 -4.4905e+00
2815 +1.052969161e+02 +1.052969161e+02 -1.495230839e+02 -1.495230839e+02 +2.3976e+00 +3.0533e+00 +4.1190e-01 +2.1814e-01 -4.5028e+00
2895 +5.388881136e+01 +5.388881136e+01 -2.009311886e+02 -2.009311886e+02 +2.3986e+00 +3.0525e+00 +4.1163e-01 +2.0579e-01 -4.5027e+00
2975 +1.961411367e+01 +1.961411367e+01 -2.352058863e+02 -2.352058863e+02 +2.3988e+00 +3.0510e+00 +4.1432e-01 +2.0800e-01 -4.5019e+00
3095 +1.517195221e+01 +1.517195221e+01 -2.396480478e+02 -2.396480478e+02 +2.3984e+00 +3.0501e+00 +4.1410e-01 +2.0770e-01 -4.4958e+00
4505 +9.254853019e+00 +9.254853019e+00 -2.455651470e+02 -2.455651470e+02 +2.3994e+00 +3.0510e+00 +4.1517e-01 +2.0765e-01 -4.4984e+00
% function evaluation | noise-free fitness - Fopt (5.661000000000e+01) | best noise-free fitness - Fopt | measured fitness | best measured fitness | x1 | x2...
1 +1.376259620e+08 +1.376259620e+08 +1.376260186e+08 +1.376260186e+08 -4.3038e-01 -1.5370e+00 +4.7083e+00 +4.1355e-01 +1.9717e+00
7 +7.585336807e+06 +7.585336807e+06 +7.585393417e+06 +7.585393417e+06 -3.9107e+00 -4.2724e+00 -2.4428e+00 +6.9289e-01 +3.3265e-01
135 +3.109653076e+06 +3.109653076e+06 +3.109709686e+06 +3.109709686e+06 -1.2530e+00 -5.0000e+00 -2.7118e+00 +3.0045e+00 -4.3656e-01
193 +3.468932290e+05 +3.468932290e+05 +3.469498390e+05 +3.469498390e+05 -2.3749e+00 -5.0000e+00 -3.2773e+00 +1.4656e+00 -1.0668e+00
451 +1.448357801e+05 +1.448357801e+05 +1.448923901e+05 +1.448923901e+05 -1.9148e+00 -5.0000e+00 -3.6283e+00 +1.8740e+00 -1.1294e+00
726 +9.188250741e+04 +9.188250741e+04 +9.193911741e+04 +9.193911741e+04 -2.2084e+00 -4.9918e+00 -3.7998e+00 +1.6891e+00 -1.4321e+00
900 +3.526921106e+04 +3.526921106e+04 +3.532582106e+04 +3.532582106e+04 -2.2577e+00 -5.0000e+00 -3.6368e+00 +1.7531e+00 -1.2276e+00
1039 +2.374143404e+04 +2.374143404e+04 +2.379804404e+04 +2.379804404e+04 -2.2699e+00 -4.9733e+00 -3.8320e+00 +1.5208e+00 -1.1268e+00
1257 +7.506295299e+03 +7.506295299e+03 +7.562905299e+03 +7.562905299e+03 -2.1760e+00 -4.9702e+00 -3.7474e+00 +1.7025e+00 -1.0924e+00
1417 +5.400209320e+03 +5.400209320e+03 +5.456819320e+03 +5.456819320e+03 -2.1625e+00 -4.9772e+00 -3.7285e+00 +1.6870e+00 -1.1299e+00
1774 +9.466022402e+02 +9.466022402e+02 +1.003212240e+03 +1.003212240e+03 -2.2370e+00 -4.9755e+00 -3.7350e+00 +1.6367e+00 -1.1609e+00
2254 +6.077883979e+02 +6.077883979e+02 +6.643983979e+02 +6.643983979e+02 -2.2244e+00 -4.9757e+00 -3.7362e+00 +1.6566e+00 -1.1484e+00
2460 +3.601556823e+02 +3.601556823e+02 +4.167656823e+02 +4.167656823e+02 -2.2137e+00 -4.9725e+00 -3.7373e+00 +1.6438e+00 -1.1144e+00
2570 +1.921174558e+02 +1.921174558e+02 +2.487274558e+02 +2.487274558e+02 -2.2100e+00 -4.9724e+00 -3.7375e+00 +1.6467e+00 -1.1249e+00
2840 +1.419148266e+02 +1.419148266e+02 +1.985248266e+02 +1.985248266e+02 -2.2168e+00 -4.9715e+00 -3.7351e+00 +1.6422e+00 -1.1367e+00
3006 +9.867361753e+01 +9.867361753e+01 +1.552836175e+02 +1.552836175e+02 -2.2239e+00 -4.9749e+00 -3.7492e+00 +1.6342e+00 -1.1325e+00
3094 +3.726167080e+01 +3.726167080e+01 +9.387167080e+01 +9.387167080e+01 -2.2151e+00 -4.9747e+00 -3.7432e+00 +1.6375e+00 -1.1305e+00
3455 +2.452195068e+01 +2.452195068e+01 +8.113195068e+01 +8.113195068e+01 -2.2220e+00 -4.9723e+00 -3.7434e+00 +1.6400e+00 -1.1365e+00
4307 +1.550608935e+01 +1.550608935e+01 +7.211608935e+01 +7.211608935e+01 -2.2199e+00 -4.9732e+00 -3.7450e+00 +1.6392e+00 -1.1338e+00
% function evaluation | noise-free fitness - Fopt (-1.810000000000e+01) | best noise-free fitness - Fopt | measured fitness | best measured fitness | x1 | x2...
1 +2.892387518e+08 +2.892387518e+08 +2.892387337e+08 +2.892387337e+08 -4.5549e+00 -4.4149e+00 +5.5767e-02 +1.7564e+00 +4.7808e+00
3 +2.058674356e+07 +2.058674356e+07 +2.058672546e+07 +2.058672546e+07 -3.5228e+00 +3.8662e+00 +4.8372e+00 +3.2285e+00 +3.3896e+00
4 +1.130300953e+07 +1.130300953e+07 +1.130299143e+07 +1.130299143e+07 +1.4234e+00 +2.0578e+00 +4.9949e+00 +2.0270e+00 +2.3835e-01
25 +9.767326606e+06 +9.767326606e+06 +9.767308506e+06 +9.767308506e+06 -2.1056e+00 +1.1890e+00 +1.0627e+00 +1.9925e+00 +6.4021e-01
74 +3.901503535e+06 +3.901503535e+06 +3.901485435e+06 +3.901485435e+06 -2.0565e+00 +1.6914e+00 +4.8898e+00 -2.5233e-01 +9.2505e-01
188 +1.221039224e+06 +1.221039224e+06 +1.221021124e+06 +1.221021124e+06 -1.7285e+00 +7.6761e-01 +3.6988e+00 +1.7495e+00 +1.3613e+00
279 +8.951340949e+05 +8.951340949e+05 +8.951159949e+05 +8.951159949e+05 -1.7310e+00 +8.0518e-01 +3.5821e+00 +2.2765e+00 +1.2475e+00
382 +4.615946820e+05 +4.615946820e+05 +4.615765820e+05 +4.615765820e+05 -1.7283e+00 +8.8270e-01 +4.4511e+00 +1.6738e+00 +1.3537e+00
383 +2.403130616e+05 +2.403130616e+05 +2.402949616e+05 +2.402949616e+05 -6.3134e-01 +8.5719e-01 +2.4801e+00 +3.1441e+00 +2.0368e+00
439 +1.404160334e+05 +1.404160334e+05 +1.403979334e+05 +1.403979334e+05 -1.7203e+00 +8.3388e-01 +4.6315e+00 +2.0327e+00 +1.5672e+00
536 +8.942405697e+04 +8.942405697e+04 +8.940595697e+04 +8.940595697e+04 -1.7327e+00 +1.1417e+00 +4.4531e+00 +2.2209e+00 +1.5246e+00
595 +5.160646841e+04 +5.160646841e+04 +5.158836841e+04 +5.158836841e+04 -1.2194e+00 +9.6846e-01 +4.5099e+00 +2.5454e+00 +1.6313e+00
919 +2.125613244e+04 +2.125613244e+04 +2.123803244e+04 +2.123803244e+04 -1.4633e+00 +9.0994e-01 +4.5153e+00 +2.4137e+00 +1.6424e+00
1115 +9.426494141e+03 +9.426494141e+03 +9.408394141e+03 +9.408394141e+03 -1.4118e+00 +1.1413e+00 +4.5384e+00 +2.3929e+00 +1.6346e+00
1217 +6.061188707e+03 +6.061188707e+03 +6.043088707e+03 +6.043088707e+03 -1.4181e+00 +1.0513e+00 +4.5472e+00 +2.3873e+00 +1.6521e+00
1304 +2.061639761e+03 +2.061639761e+03 +2.043539761e+03 +2.043539761e+03 -1.4603e+00 +1.0966e+00 +4.5761e+00 +2.3409e+00 +1.5332e+00
1801 +1.397092793e+03 +1.397092793e+03 +1.378992793e+03 +1.378992793e+03 -1.4379e+00 +1.0881e+00 +4.5509e+00 +2.3470e+00 +1.6086e+00
1841 +7.825406439e+02 +7.825406439e+02 +7.644406439e+02 +7.644406439e+02 -1.4407e+00 +1.0750e+00 +4.5185e+00 +2.3491e+00 +1.6141e+00
1961 +5.924932096e+02 +5.924932096e+02 +5.743932096e+02 +5.743932096e+02 -1.4419e+00 +1.0667e+00 +4.5221e+00 +2.3522e+00 +1.6105e+00
2227 +1.563713465e+02 +1.563713465e+02 +1.382713465e+02 +1.382713465e+02 -1.4375e+00 +1.0697e+00 +4.5071e+00 +2.3479e+00 +1.5810e+00
2536 +3.429758402e+01 +3.429758402e+01 +1.619758402e+01 +1.619758402e+01 -1.4384e+00 +1.0665e+00 +4.5013e+00 +2.3609e+00 +1.5889e+00
3361 +2.165459727e+01 +2.165459727e+01 +3.554597268e+00 +3.554597268e+00 -1.4329e+00 +1.0685e+00 +4.5029e+00 +2.3602e+00 +1.5902e+00
3456 +1.327750415e+01 +1.327750415e+01 -4.822495855e+00 -4.822495855e+00 -1.4362e+00 +1.0688e+00 +4.4989e+00 +2.3640e+00 +1.5929e+00
3884 +9.030491672e+00 +9.030491672e+00 -9.069508328e+00 -9.069508328e+00 -1.4349e+00 +1.0692e+00 +4.5035e+00 +2.3625e+00 +1.5923e+00
3921 +6.233424173e+00 +6.233424173e+00 -1.186657583e+01 -1.186657583e+01 -1.4353e+00 +1.0692e+00 +4.5031e+00 +2.3630e+00 +1.5914e+00
% function evaluation | noise-free fitness - Fopt (3.777000000000e+01) | best noise-free fitness - Fopt | measured fitness | best measured fitness | x1 | x2...
1 +1.308740515e+07 +1.308740515e+07 +1.308744292e+07 +1.308744292e+07 -2.4861e+00 +3.5145e-01 +7.4668e-01 -2.5944e+00 -6.7438e-01
20 +9.230627028e+06 +9.230627028e+06 +9.230664798e+06 +9.230664798e+06 +6.1547e-01 +3.4128e+00 +4.5809e+00 -4.4350e+00 -2.5702e+00
47 +4.862304695e+06 +4.862304695e+06 +4.862342465e+06 +4.862342465e+06 -7.1378e-01 +2.7976e+00 +3.4976e+00 -8.8536e-01 -5.1183e-01
64 +2.499979746e+06 +2.499979746e+06 +2.500017516e+06 +2.500017516e+06 -1.1685e+00 +3.1579e+00 +3.1622e-01 -7.6072e-01 +7.2011e-01
141 +4.394919611e+05 +4.394919611e+05 +4.395297311e+05 +4.395297311e+05 -1.2346e+00 +2.7674e+00 +3.5200e-01 +4.8067e-01 +1.4420e+00
331 +2.080970932e+05 +2.080970932e+05 +2.081348632e+05 +2.081348632e+05 -1.2800e+00 +2.2314e+00 +1.7855e-01 +2.9841e-01 +1.1077e+00
513 +6.285073895e+04 +6.285073895e+04 +6.288850895e+04 +6.288850895e+04 -1.3505e+00 +2.1855e+00 -3.3286e-01 +1.2532e+00 +1.5908e+00
892 +1.777977917e+04 +1.777977917e+04 +1.781754917e+04 +1.781754917e+04 -1.2408e+00 +1.9267e+00 +1.5096e-01 +7.7024e-01 +1.5425e+00
1252 +3.926438533e+03 +3.926438533e+03 +3.964208533e+03 +3.964208533e+03 -1.2099e+00 +2.1424e+00 +1.6230e-01 +6.9413e-01 +1.4989e+00
2031 +1.016601921e+03 +1.016601921e+03 +1.054371921e+03 +1.054371921e+03 -1.2419e+00 +2.0600e+00 +1.5601e-01 +7.8909e-01 +1.5038e+00
2106 +6.227460908e+02 +6.227460908e+02 +6.605160908e+02 +6.605160908e+02 -1.2221e+00 +2.0648e+00 +1.9240e-01 +6.9754e-01 +1.4789e+00
2351 +3.926588051e+02 +3.926588051e+02 +4.304288051e+02 +4.304288051e+02 -1.2139e+00 +2.0525e+00 +1.7482e-01 +7.1538e-01 +1.4984e+00
2384 +1.446708766e+02 +1.446708766e+02 +1.824408766e+02 +1.824408766e+02 -1.1955e+00 +2.0830e+00 +1.8975e-01 +6.9822e-01 +1.4916e+00
2864 +9.847712382e+01 +9.847712382e+01 +1.362471238e+02 +1.362471238e+02 -1.1989e+00 +2.0807e+00 +1.8658e-01 +7.0797e-01 +1.4930e+00
3144 +6.232474435e+01 +6.232474435e+01 +1.000947443e+02 +1.000947443e+02 -1.2011e+00 +2.0805e+00 +1.9708e-01 +6.9995e-01 +1.4915e+00
3367 +4.316744506e+00 +4.316744506e+00 +4.208674451e+01 +4.208674451e+01 -1.2004e+00 +2.0691e+00 +2.0002e-01 +6.9751e-01 +1.4910e+00
3584 +2.395596291e+00 +2.395596291e+00 +4.016559629e+01 +4.016559629e+01 -1.2000e+00 +2.0698e+00 +1.9994e-01 +6.9547e-01 +1.4909e+00
4064 +6.054623607e-01 +6.054623607e-01 +3.837546236e+01 +3.837546236e+01 -1.1994e+00 +2.0703e+00 +1.9907e-01 +6.9692e-01 +1.4910e+00
% function evaluation | noise-free fitness - Fopt (-1.523000000000e+01) | best noise-free fitness - Fopt | measured fitness | best measured fitness | x1 | x2...
1 +3.483622985e+08 +3.483622985e+08 +3.483622833e+08 +3.483622833e+08 +6.7324e-01 -2.2672e+00 -3.2308e+00 +3.1879e-01 +3.5330e+00
2 +1.824126298e+07 +1.824126298e+07 +1.824124775e+07 +1.824124775e+07 +2.8678e+00 -2.8532e+00 -6.1819e-01 +2.4231e+00 -3.1504e+00
45 +1.412233643e+07 +1.412233643e+07 +1.412232120e+07 +1.412232120e+07 +3.5644e+00 +2.5046e-01 +3.6154e-01 +2.1141e+00 -3.1297e+00
50 +8.232924823e+06 +8.232924823e+06 +8.232909593e+06 +8.232909593e+06 +2.8485e+00 -9.0310e-01 -5.0000e+00 +2.2370e+00 -5.0000e+00
73 +2.543586355e+06 +2.543586355e+06 +2.543571125e+06 +2.543571125e+06 +2.4668e+00 -1.9591e+00 -3.5666e+00 +2.2481e+00 -3.0249e+00
95 +1.598013910e+06 +1.598013910e+06 +1.597998680e+06 +1.597998680e+06 +2.5180e+00 -1.7325e+00 -4.6055e+00 +2.9621e+00 -2.7448e+00
163 +8.652227956e+05 +8.652227956e+05 +8.652075656e+05 +8.652075656e+05 +3.2474e+00 -4.7392e-01 -3.7927e+00 +3.2991e+00 -2.8646e+00
375 +3.016820885e+05 +3.016820885e+05 +3.016668585e+05 +3.016668585e+05 +3.1653e+00 -2.7479e-01 -3.6927e+00 +3.0742e+00 -2.7066e+00
403 +2.032359317e+05 +2.032359317e+05 +2.032207017e+05 +2.032207017e+05 +3.3602e+00 +6.8316e-01 -3.1003e+00 +3.3457e+00 -2.4877e+00
516 +5.999828522e+04 +5.999828522e+04 +5.998305522e+04 +5.998305522e+04 +3.3601e+00 +1.5462e+00 -2.3772e+00 +3.4807e+00 -3.2697e+00
870 +3.641078653e+04 +3.641078653e+04 +3.639555653e+04 +3.639555653e+04 +3.4646e+00 +1.0777e+00 -2.7698e+00 +3.3463e+00 -3.2157e+00
1196 +1.887251603e+04 +1.887251603e+04 +1.885728603e+04 +1.885728603e+04 +3.5161e+00 +1.5277e+00 -2.5569e+00 +3.4987e+00 -3.2918e+00
1202 +1.517881817e+04 +1.517881817e+04 +1.516358817e+04 +1.516358817e+04 +3.5081e+00 +1.3092e+00 -2.5222e+00 +3.5043e+00 -3.2669e+00
1217 +6.357787675e+03 +6.357787675e+03 +6.342557675e+03 +6.342557675e+03 +3.5363e+00 +1.4426e+00 -2.4631e+00 +3.5358e+00 -3.2747e+00
1294 +3.014280385e+03 +3.014280385e+03 +2.999050385e+03 +2.999050385e+03 +3.5885e+00 +1.4451e+00 -2.5783e+00 +3.5708e+00 -3.2229e+00
1577 +3.416667669e+02 +3.416667669e+02 +3.264367669e+02 +3.264367669e+02 +3.5358e+00 +1.4154e+00 -2.5445e+00 +3.5745e+00 -3.2182e+00
2057 +1.805624809e+02 +1.805624809e+02 +1.653324809e+02 +1.653324809e+02 +3.5369e+00 +1.4254e+00 -2.5294e+00 +3.5749e+00 -3.2026e+00
2114 +1.363524080e+02 +1.363524080e+02 +1.211224080e+02 +1.211224080e+02 +3.5632e+00 +1.4283e+00 -2.5261e+00 +3.5826e+00 -3.2017e+00
2293 +6.634703473e+01 +6.634703473e+01 +5.111703473e+01 +5.111703473e+01 +3.5440e+00 +1.4212e+00 -2.5294e+00 +3.5813e+00 -3.2071e+00
2394 +2.600247709e+01 +2.600247709e+01 +1.077247709e+01 +1.077247709e+01 +3.5455e+00 +1.4245e+00 -2.5320e+00 +3.5824e+00 -3.2085e+00
2634 +5.903476915e+00 +5.903476915e+00 -9.326523085e+00 -9.326523085e+00 +3.5518e+00 +1.4299e+00 -2.5325e+00 +3.5850e+00 -3.2089e+00
3194 +2.769744076e+00 +2.769744076e+00 -1.246025592e+01 -1.246025592e+01 +3.5530e+00 +1.4304e+00 -2.5308e+00 +3.5853e+00 -3.2090e+00
3274 +2.328215121e+00 +2.328215121e+00 -1.290178488e+01 -1.290178488e+01 +3.5541e+00 +1.4304e+00 -2.5301e+00 +3.5854e+00 -3.2090e+00
3697 +1.491870869e+00 +1.491870869e+00 -1.373812913e+01 -1.373812913e+01 +3.5536e+00 +1.4309e+00 -2.5288e+00 +3.5860e+00 -3.2098e+00
4137 +9.950635680e-01 +9.950635680e-01 -1.423493643e+01 -1.423493643e+01 +3.5549e+00 +1.4319e+00 -2.5286e+00 +3.5858e+00 -3.2104e+00
4338 +5.833521389e-01 +5.833521389e-01 -1.464664786e+01 -1.464664786e+01 +3.5529e+00 +1.4313e+00 -2.5290e+00 +3.5858e+00 -3.2106e+00
4354 +1.679985819e-01 +1.679985819e-01 -1.506200142e+01 -1.506200142e+01 +3.5534e+00 +1.4307e+00 -2.5299e+00 +3.5847e+00 -3.2104e+00
4588 +9.531651081e-02 +9.531651081e-02 -1.513468349e+01 -1.513468349e+01 +3.5537e+00 +1.4306e+00 -2.5299e+00 +3.5846e+00 -3.2103e+00
4668 +3.605571505e-02 +3.605571505e-02 -1.519394428e+01 -1.519394428e+01 +3.5537e+00 +1.4303e+00 -2.5298e+00 +3.5845e+00 -3.2103e+00
4828 +1.047863081e-02 +1.047863081e-02 -1.521952137e+01 -1.521952137e+01 +3.5534e+00 +1.4303e+00 -2.5298e+00 +3.5846e+00 -3.2103e+00
% function evaluation | noise-free fitness - Fopt (-1.614300000000e+02) | best noise-free fitness - Fopt | measured fitness | best measured fitness | x1 | x2...
1 +4.903672768e+08 +4.903672768e+08 +4.903671154e+08 +4.903671154e+08 +4.6681e+00 +2.0474e+00 +2.8578e+00 +4.2937e+00 +4.5303e+00
5 +6.173195905e+07 +6.173195905e+07 +6.173179762e+07 +6.173179762e+07 -3.6220e+00 -1.1494e+00 +4.7101e+00 -3.0802e+00 -3.7427e+00
18 +3.201612947e+07 +3.201612947e+07 +3.201596804e+07 +3.201596804e+07 +4.5418e+00 -2.1960e+00 +4.5539e+00 +2.1840e+00 +2.2456e+00
31 +8.089436684e+06 +8.089436684e+06 +8.089275254e+06 +8.089275254e+06 +1.4487e-01 -5.4280e-01 +2.4488e+00 +3.2195e+00 -7.8427e-01
52 +6.279715824e+06 +6.279715824e+06 +6.279554394e+06 +6.279554394e+06 +1.6062e-01 -2.3978e+00 +4.9856e+00 +5.8858e-01 -1.0259e+00
125 +2.712123724e+06 +2.712123724e+06 +2.711962294e+06 +2.711962294e+06 +1.8447e+00 -5.0000e+00 +2.0982e+00 +3.5472e-01 +8.3310e-01
199 +2.208533013e+06 +2.208533013e+06 +2.208371583e+06 +2.208371583e+06 -5.1587e-01 -4.6323e+00 +2.9752e+00 +2.2293e+00 +2.0024e-01
250 +1.381202344e+06 +1.381202344e+06 +1.381040914e+06 +1.381040914e+06 +7.9317e-01 -4.4049e+00 +2.6111e+00 +2.8005e+00 +4.8210e-01
289 +8.500008836e+05 +8.500008836e+05 +8.498394536e+05 +8.498394536e+05 +1.6353e+00 -5.0000e+00 +2.4761e+00 +0.0000e+00 +2.2535e+00
432 +2.829487131e+05 +2.829487131e+05 +2.827872831e+05 +2.827872831e+05 +1.6181e+00 -4.9599e+00 +2.1969e+00 +8.6026e-01 +2.0200e+00
486 +1.890026957e+05 +1.890026957e+05 +1.888412657e+05 +1.888412657e+05 +1.8669e+00 -4.9668e+00 +2.5072e+00 +5.5932e-01 +1.9662e+00
840 +1.046001135e+05 +1.046001135e+05 +1.044386835e+05 +1.044386835e+05 +1.6183e+00 -4.9864e+00 +2.7009e+00 +8.5756e-01 +2.1870e+00
941 +4.219417929e+04 +4.219417929e+04 +4.203274929e+04 +4.203274929e+04 +1.3591e+00 -4.9840e+00 +2.5481e+00 +1.0674e+00 +1.7546e+00
1233 +2.317342659e+04 +2.317342659e+04 +2.301199659e+04 +2.301199659e+04 +1.5679e+00 -4.9767e+00 +2.6733e+00 +1.0900e+00 +1.8087e+00
1421 +8.400912755e+03 +8.400912755e+03 +8.239482755e+03 +8.239482755e+03 +1.5354e+00 -4.9892e+00 +2.6486e+00 +1.0733e+00 +1.9565e+00
1830 +5.708325288e+03 +5.708325288e+03 +5.546895288e+03 +5.546895288e+03 +1.5121e+00 -4.9962e+00 +2.6302e+00 +1.0735e+00 +1.8506e+00
2034 +3.492130713e+03 +3.492130713e+03 +3.330700713e+03 +3.330700713e+03 +1.5477e+00 -5.0000e+00 +2.6343e+00 +1.0435e+00 +1.9358e+00
2049 +8.828992089e+02 +8.828992089e+02 +7.214692089e+02 +7.214692089e+02 +1.5123e+00 -5.0000e+00 +2.6357e+00 +1.0181e+00 +1.8982e+00
2374 +3.247756459e+02 +3.247756459e+02 +1.633456459e+02 +1.633456459e+02 +1.4789e+00 -4.9999e+00 +2.6306e+00 +1.0351e+00 +1.9072e+00
2849 +2.314765886e+02 +2.314765886e+02 +7.004658857e+01 +7.004658857e+01 +1.4848e+00 -5.0000e+00 +2.6297e+00 +1.0370e+00 +1.9073e+00
2981 +1.138467263e+02 +1.138467263e+02 -4.758327369e+01 -4.758327369e+01 +1.5038e+00 -5.0000e+00 +2.6362e+00 +1.0223e+00 +1.9112e+00
3141 +4.693779320e+01 +4.693779320e+01 -1.144922068e+02 -1.144922068e+02 +1.5003e+00 -5.0000e+00 +2.6373e+00 +1.0290e+00 +1.9188e+00
3501 +3.758802604e+01 +3.758802604e+01 -1.238419740e+02 -1.238419740e+02 +1.5008e+00 -5.0000e+00 +2.6388e+00 +1.0314e+00 +1.9156e+00
3661 +2.066455727e+01 +2.066455727e+01 -1.407654427e+02 -1.407654427e+02 +1.4976e+00 -5.0000e+00 +2.6348e+00 +1.0323e+00 +1.9106e+00
3717 +9.461778484e+00 +9.461778484e+00 -1.519682215e+02 -1.519682215e+02 +1.4977e+00 -5.0000e+00 +2.6371e+00 +1.0305e+00 +1.9137e+00
% function evaluation | noise-free fitness - Fopt (3.280300000000e+02) | best noise-free fitness - Fopt | measured fitness | best measured fitness | x1 | x2...
1 +1.432304608e+08 +1.432304608e+08 +1.432307888e+08 +1.432307888e+08 +2.2098e+00 +1.6432e+00 +2.9090e+00 +2.2933e+00 -4.9665e+00
40 +3.578929634e+07 +3.578929634e+07 +3.578962437e+07 +3.578962437e+07 +3.5099e+00 -2.2760e-01 +8.8982e-01 +4.3361e-01 +2.9822e+00
63 +2.035470782e+07 +2.035470782e+07 +2.035503585e+07 +2.035503585e+07 +4.8199e+00 +5.0000e+00 +1.5315e+00 +3.6568e+00 +4.6070e+00
66 +1.455231571e+07 +1.455231571e+07 +1.455264374e+07 +1.455264374e+07 +4.3292e+00 +2.8711e-01 +3.3135e+00 +3.5251e+00 -3.2058e-01
122 +7.722939232e+06 +7.722939232e+06 +7.723267262e+06 +7.723267262e+06 +3.2662e+00 -1.2280e+00 +5.0000e+00 +5.0000e+00 +1.3690e+00
160 +5.662412031e+06 +5.662412031e+06 +5.662740061e+06 +5.662740061e+06 +2.7921e+00 +1.0305e+00 +5.0000e+00 +2.9506e+00 +3.4283e+00
213 +1.233708102e+06 +1.233708102e+06 +1.234036132e+06 +1.234036132e+06 +1.6966e+00 -3.7584e-01 +5.0000e+00 +4.4871e+00 +1.8929e+00
293 +9.333811215e+05 +9.333811215e+05 +9.337091515e+05 +9.337091515e+05 +1.5430e+00 -4.5535e-01 +5.0000e+00 +4.4268e+00 +8.1596e-01
382 +4.688318050e+05 +4.688318050e+05 +4.691598350e+05 +4.691598350e+05 +1.1970e+00 -5.6895e-01 +5.0000e+00 +4.1293e+00 +1.6454e+00
572 +3.670957893e+05 +3.670957893e+05 +3.674238193e+05 +3.674238193e+05 +1.6409e+00 -6.5366e-01 +5.0000e+00 +4.0036e+00 +1.8982e+00
579 +1.027421471e+04 +1.027421471e+04 +1.060224471e+04 +1.060224471e+04 +1.6450e+00 -1.0739e+00 +4.9917e+00 +4.2638e+00 +1.5241e+00
1045 +3.380176087e+03 +3.380176087e+03 +3.708206087e+03 +3.708206087e+03 +1.6416e+00 -1.0326e+00 +4.9860e+00 +4.1907e+00 +1.5322e+00
1094 +4.628278535e+02 +4.628278535e+02 +7.908578535e+02 +7.908578535e+02 +1.6481e+00 -1.0149e+00 +4.9933e+00 +4.1708e+00 +1.5265e+00
1641 +3.737616443e+02 +3.737616443e+02 +7.017916443e+02 +7.017916443e+02 +1.6522e+00 -1.0026e+00 +4.9932e+00 +4.1762e+00 +1.5245e+00
1679 +1.730496173e+02 +1.730496173e+02 +5.010796173e+02 +5.010796173e+02 +1.6517e+00 -1.0165e+00 +4.9931e+00 +4.1907e+00 +1.5291e+00
1981 +1.529612904e+02 +1.529612904e+02 +4.809912904e+02 +4.809912904e+02 +1.6532e+00 -1.0139e+00 +4.9930e+00 +4.1911e+00 +1.5368e+00
2281 +9.325109644e+01 +9.325109644e+01 +4.212810964e+02 +4.212810964e+02 +1.6537e+00 -1.0165e+00 +4.9930e+00 +4.1849e+00 +1.5374e+00
3961 +6.257402662e+01 +6.257402662e+01 +3.906040266e+02 +3.906040266e+02 +1.6501e+00 -1.0120e+00 +4.9929e+00 +4.1828e+00 +1.5372e+00
% function evaluation | noise-free fitness - Fopt (-3.213000000000e+01) | best noise-free fitness - Fopt | measured fitness | best measured fitness | x1 | x2...
1 +1.437610639e+09 +1.437610639e+09 +1.437610607e+09 +1.437610607e+09 +3.7421e+00 -3.3765e+00 -3.4139e+00 +1.3542e+00 -6.2201e-01
2 +1.417222400e+08 +1.417222400e+08 +1.417222078e+08 +1.417222078e+08 -2.8486e+00 -3.2432e-02 +3.0303e+00 +2.4403e+00 -2.1880e+00
3 +1.923487166e+07 +1.923487166e+07 +1.923483953e+07 +1.923483953e+07 +2.5223e+00 +4.3560e+00 +4.9986e+00 -2.0471e+00 -3.1618e+00
30 +3.557709749e+06 +3.557709749e+06 +3.557677619e+06 +3.557677619e+06 +4.2611e-01 +1.2887e+00 +2.9495e+00 -1.8076e+00 +1.1152e+00
97 +2.247322116e+06 +2.247322116e+06 +2.247289986e+06 +2.247289986e+06 +3.2964e+00 +2.6598e+00 +2.9771e+00 -3.1188e+00 +1.0618e+00
272 +1.121865468e+06 +1.121865468e+06 +1.121833338e+06 +1.121833338e+06 +1.6501e+00 +2.5350e+00 +3.8082e+00 -2.7035e+00 -4.3800e-01
277 +1.686853764e+05 +1.686853764e+05 +1.686532464e+05 +1.686532464e+05 +5.4029e-01 +1.5079e+00 +3.2008e+00 -3.2675e+00 +2.9933e-01
533 +1.287461627e+05 +1.287461627e+05 +1.287140327e+05 +1.287140327e+05 +2.1990e-01 +1.6766e+00 +2.5150e+00 -3.1848e+00 -2.4597e-01
674 +2.945819452e+04 +2.945819452e+04 +2.942606452e+04 +2.942606452e+04 +3.0115e-01 +1.4269e+00 +2.8404e+00 -3.2320e+00 -2.1464e-03
1112 +1.724176158e+04 +1.724176158e+04 +1.720963158e+04 +1.720963158e+04 +2.5238e-01 +1.6353e+00 +2.6216e+00 -3.3280e+00 +7.2289e-02
1184 +1.243755696e+04 +1.243755696e+04 +1.240542696e+04 +1.240542696e+04 +1.5653e-01 +1.5168e+00 +2.7218e+00 -3.3185e+00 -6.9001e-02
1450 +1.193984150e+03 +1.193984150e+03 +1.161854150e+03 +1.161854150e+03 +1.5608e-01 +1.4960e+00 +2.6801e+00 -3.2557e+00 +2.2546e-02
2023 +7.500440995e+02 +7.500440995e+02 +7.179140995e+02 +7.179140995e+02 +1.9900e-01 +1.4955e+00 +2.6758e+00 -3.2992e+00 +2.3610e-02
2404 +4.622958119e+02 +4.622958119e+02 +4.301658119e+02 +4.301658119e+02 +1.6520e-01 +1.4876e+00 +2.6629e+00 -3.2815e+00 +2.4099e-02
2644 +1.156865604e+02 +1.156865604e+02 +8.355656036e+01 +8.355656036e+01 +1.3582e-01 +1.4799e+00 +2.6594e+00 -3.2880e+00 +3.0193e-02
3044 +6.847323417e+01 +6.847323417e+01 +3.634323417e+01 +3.634323417e+01 +1.1789e-01 +1.4800e+00 +2.6591e+00 -3.2883e+00 +3.4123e-02
3564 +5.746970060e+01 +5.746970060e+01 +2.533970060e+01 +2.533970060e+01 +1.1862e-01 +1.4800e+00 +2.6591e+00 -3.2887e+00 +3.3336e-02
3865 +2.606676615e+01 +2.606676615e+01 -6.063233850e+00 -6.063233850e+00 +1.3320e-01 +1.4875e+00 +2.6648e+00 -3.2854e+00 +3.1570e-02
3945 +2.511457648e+01 +2.511457648e+01 -7.015423517e+00 -7.015423517e+00 +1.3758e-01 +1.4861e+00 +2.6658e+00 -3.2852e+00 +2.6418e-02
4004 +1.147430541e+01 +1.147430541e+01 -2.065569459e+01 -2.065569459e+01 +1.3429e-01 +1.4854e+00 +2.6648e+00 -3.2881e+00 +2.5908e-02
4065 +3.998984056e+00 +3.998984056e+00 -2.813101594e+01 -2.813101594e+01 +1.3096e-01 +1.4860e+00 +2.6636e+00 -3.2871e+00 +2.7937e-02
4464 +3.270318008e+00 +3.270318008e+00 -2.885968199e+01 -2.885968199e+01 +1.3120e-01 +1.4862e+00 +2.6638e+00 -3.2872e+00 +2.7526e-02
4479 +2.052959334e+00 +2.052959334e+00 -3.007704067e+01 -3.007704067e+01 +1.3052e-01 +1.4855e+00 +2.6645e+00 -3.2878e+00 +2.8031e-02
4719 +1.390449488e+00 +1.390449488e+00 -3.073955051e+01 -3.073955051e+01 +1.3054e-01 +1.4861e+00 +2.6642e+00 -3.2877e+00 +2.7160e-02
4985 +8.918821662e-01 +8.918821662e-01 -3.123811783e+01 -3.123811783e+01 +1.3009e-01 +1.4862e+00 +2.6649e+00 -3.2878e+00 +2.7356e-02
% function evaluation | noise-free fitness - Fopt (1.576000000000e+01) | best noise-free fitness - Fopt | measured fitness | best measured fitness | x1 | x2...
1 +9.692680323e+07 +9.692680323e+07 +9.692681899e+07 +9.692681899e+07 -2.4795e+00 +3.7751e+00 +4.9634e+00 +2.6719e+00 +1.4898e+00
4 +4.151363293e+07 +4.151363293e+07 +4.151364869e+07 +4.151364869e+07 +9.7677e-01 -3.9759e+00 +4.3993e+00 +4.7704e+00 +2.1377e+00
5 +2.278358755e+07 +2.278358755e+07 +2.278360331e+07 +2.278360331e+07 -1.4824e+00 -3.7981e+00 -1.4022e+00 +7.4799e-01 -3.6559e+00
22 +1.580001476e+07 +1.580001476e+07 +1.580003052e+07 +1.580003052e+07 -2.1340e+00 -3.1323e+00 +2.5091e+00 +3.2003e+00 -6.9432e-02
63 +9.362800814e+06 +9.362800814e+06 +9.362816574e+06 +9.362816574e+06 -2.1039e+00 -5.0000e+00 -4.1582e-01 +5.0000e+00 +1.7078e+00
76 +5.438909558e+06 +5.438909558e+06 +5.438925318e+06 +5.438925318e+06 +5.0000e+00 -1.3005e+00 -1.3031e+00 +3.5542e+00 -1.0098e+00
79 +3.687504965e+06 +3.687504965e+06 +3.687520725e+06 +3.687520725e+06 -8.0488e-01 -5.0000e+00 -1.0188e+00 +5.0000e+00 -2.2135e+00
127 +1.472377059e+06 +1.472377059e+06 +1.472392819e+06 +1.472392819e+06 -3.0966e+00 -5.0000e+00 -8.8011e-01 +5.0000e+00 -1.1177e+00
210 +4.904604787e+05 +4.904604787e+05 +4.904762387e+05 +4.904762387e+05 -1.5686e+00 -3.9821e+00 -1.0882e+00 +5.0000e+00 -1.5389e+00
331 +2.097440314e+05 +2.097440314e+05 +2.097597914e+05 +2.097597914e+05 -2.5608e+00 -3.8402e+00 -6.5651e-01 +5.0000e+00 -8.0690e-01
487 +4.821733330e+04 +4.821733330e+04 +4.823309330e+04 +4.823309330e+04 -1.5915e+00 -3.5544e+00 -6.7387e-01 +5.0000e+00 -1.1070e+00
526 +2.984301962e+04 +2.984301962e+04 +2.985877962e+04 +2.985877962e+04 -9.6257e-01 -3.2613e+00 -7.5224e-01 +5.0000e+00 -1.2896e+00
601 +2.308725585e+04 +2.308725585e+04 +2.310301585e+04 +2.310301585e+04 -1.1012e+00 -3.2424e+00 -7.7684e-01 +5.0000e+00 -1.4773e+00
948 +1.289510974e+04 +1.289510974e+04 +1.291086974e+04 +1.291086974e+04 -9.5020e-01 -3.2378e+00 -7.0804e-01 +5.0000e+00 -1.3590e+00
1009 +6.061946481e+03 +6.061946481e+03 +6.077706481e+03 +6.077706481e+03 -1.0347e+00 -3.2460e+00 -6.9829e-01 +5.0000e+00 -1.4305e+00
1582 +3.494472228e+03 +3.494472228e+03 +3.510232228e+03 +3.510232228e+03 -1.0232e+00 -3.2717e+00 -6.4663e-01 +5.0000e+00 -1.4136e+00
2161 +1.472337641e+03 +1.472337641e+03 +1.488097641e+03 +1.488097641e+03 -1.2457e+00 -3.3815e+00 -6.5674e-01 +5.0000e+00 -1.3428e+00
2370 +3.504202391e+02 +3.504202391e+02 +3.661802391e+02 +3.661802391e+02 -1.1863e+00 -3.3649e+00 -6.7254e-01 +5.0000e+00 -1.3732e+00
2601 +2.061513547e+02 +2.061513547e+02 +2.219113547e+02 +2.219113547e+02 -1.2364e+00 -3.3553e+00 -6.7513e-01 +5.0000e+00 -1.3670e+00
2955 +9.649735367e+01 +9.649735367e+01 +1.122573537e+02 +1.122573537e+02 -1.1981e+00 -3.3586e+00 -6.7887e-01 +5.0000e+00 -1.3786e+00
3098 +6.030477553e+01 +6.030477553e+01 +7.606477553e+01 +7.606477553e+01 -1.1983e+00 -3.3570e+00 -6.7994e-01 +5.0000e+00 -1.3727e+00
3735 +2.875754866e+01 +2.875754866e+01 +4.451754866e+01 +4.451754866e+01 -1.1938e+00 -3.3493e+00 -6.7850e-01 +5.0000e+00 -1.3781e+00
4418 +2.506668383e+01 +2.506668383e+01 +4.082668383e+01 +4.082668383e+01 -1.1950e+00 -3.3508e+00 -6.7738e-01 +5.0000e+00 -1.3753e+00
% function evaluation | noise-free fitness - Fopt (3.735000000000e+01) | best noise-free fitness - Fopt | measured fitness | best measured fitness | x1 | x2...
1 +5.018671487e+08 +5.018671487e+08 +5.018671861e+08 +5.018671861e+08 +4.7045e+00 +1.7542e+00 +4.5956e+00 -2.3050e+00 +4.5600e+00
3 +4.506416664e+07 +4.506416664e+07 +4.506420399e+07 +4.506420399e+07 -2.7534e+00 -4.5003e+00 -2.0861e-01 -6.3600e-01 +2.5495e-01
9 +2.505170191e+07 +2.505170191e+07 +2.505173926e+07 +2.505173926e+07 -5.4368e-01 -6.7155e-01 -6.9722e-01 +3.2922e+00 +4.5953e+00
17 +1.071969399e+07 +1.071969399e+07 +1.071973134e+07 +1.071973134e+07 -3.5809e+00 -4.2955e+00 +2.7810e+00 +2.0624e+00 +1.2949e+00
61 +9.293656405e+06 +9.293656405e+06 +9.293693755e+06 +9.293693755e+06 -2.2925e+00 -4.6002e+00 +1.9055e+00 -2.3167e-01 +1.5348e+00
90 +3.576845048e+06 +3.576845048e+06 +3.576882398e+06 +3.576882398e+06 -3.3496e+00 -9.3995e-01 +2.2820e+00 -2.1881e+00 +1.4223e+00
156 +1.010134285e+06 +1.010134285e+06 +1.010171635e+06 +1.010171635e+06 -5.0000e+00 -6.9630e-01 +4.0351e+00 -1.8635e+00 +1.3359e+00
189 +7.805109483e+05 +7.805109483e+05 +7.805482983e+05 +7.805482983e+05 -5.0000e+00 -4.5680e-01 +4.4614e+00 -2.0423e+00 +1.2530e+00
354 +6.215685945e+05 +6.215685945e+05 +6.216059445e+05 +6.216059445e+05 -5.0000e+00 +1.1893e-03 +4.7023e+00 -2.3435e+00 +1.2153e+00
371 +3.749275954e+05 +3.749275954e+05 +3.749649454e+05 +3.749649454e+05 -5.0000e+00 +0.0000e+00 +4.7260e+00 -1.8406e+00 +1.9445e+00
390 +2.011558991e+05 +2.011558991e+05 +2.011932491e+05 +2.011932491e+05 -4.5737e+00 +0.0000e+00 +4.9239e+00 -2.9319e+00 +1.8146e+00
418 +1.471035544e+05 +1.471035544e+05 +1.471409044e+05 +1.471409044e+05 -4.4672e+00 -4.6982e-01 +4.6077e+00 -1.9942e+00 +1.6331e+00
494 +8.004906526e+04 +8.004906526e+04 +8.008641526e+04 +8.008641526e+04 -4.5655e+00 +2.0401e-01 +4.6387e+00 -2.3126e+00 +1.9034e+00
514 +3.522877496e+04 +3.522877496e+04 +3.526612496e+04 +3.526612496e+04 -4.5051e+00 -1.0135e-01 +4.7620e+00 -2.1238e+00 +1.6535e+00
594 +2.434618685e+04 +2.434618685e+04 +2.438353685e+04 +2.438353685e+04 -4.5624e+00 -2.5976e-02 +4.8143e+00 -2.0894e+00 +1.9115e+00
1168 +6.035979504e+03 +6.035979504e+03 +6.073329504e+03 +6.073329504e+03 -4.5195e+00 -3.9592e-02 +4.7194e+00 -2.1304e+00 +1.8926e+00
1328 +3.676939285e+03 +3.676939285e+03 +3.714289285e+03 +3.714289285e+03 -4.5132e+00 -4.0449e-02 +4.7403e+00 -2.1671e+00 +1.8886e+00
1452 +2.063926403e+03 +2.063926403e+03 +2.101276403e+03 +2.101276403e+03 -4.4905e+00 -2.5353e-02 +4.7531e+00 -2.2108e+00 +1.7930e+00
1568 +9.037638753e+02 +9.037638753e+02 +9.411138753e+02 +9.411138753e+02 -4.5062e+00 -4.3579e-02 +4.7513e+00 -2.1551e+00 +1.8289e+00
1589 +5.348722497e+02 +5.348722497e+02 +5.722222497e+02 +5.722222497e+02 -4.4835e+00 -6.5009e-02 +4.6926e+00 -2.1556e+00 +1.8064e+00
1796 +2.916682153e+02 +2.916682153e+02 +3.290182153e+02 +3.290182153e+02 -4.5098e+00 -5.2533e-02 +4.7247e+00 -2.1738e+00 +1.8190e+00
2386 +1.758234551e+02 +1.758234551e+02 +2.131734551e+02 +2.131734551e+02 -4.5097e+00 -4.6462e-02 +4.7485e+00 -2.1844e+00 +1.8312e+00
2408 +7.510751292e+01 +7.510751292e+01 +1.124575129e+02 +1.124575129e+02 -4.5092e+00 -3.8154e-02 +4.7440e+00 -2.1934e+00 +1.8235e+00
2890 +4.879355215e+01 +4.879355215e+01 +8.614355215e+01 +8.614355215e+01 -4.5114e+00 -4.0049e-02 +4.7416e+00 -2.1879e+00 +1.8320e+00
2914 +1.707252829e+01 +1.707252829e+01 +5.442252829e+01 +5.442252829e+01 -4.5015e+00 -4.0524e-02 +4.7366e+00 -2.1798e+00 +1.8306e+00
3543 +9.913032070e+00 +9.913032070e+00 +4.726303207e+01 +4.726303207e+01 -4.5052e+00 -3.9818e-02 +4.7357e+00 -2.1800e+00 +1.8295e+00
4623 +6.233939198e+00 +6.233939198e+00 +4.358393920e+01 +4.358393920e+01 -4.5043e+00 -3.8586e-02 +4.7357e+00 -2.1809e+00 +1.8289e+00
% function evaluation | noise-free fitness - Fopt (-3.096300000000e+02) | best noise-free fitness - Fopt | measured fitness | best measured fitness | x1 | x2...
1 +6.586723690e+07 +6.586723690e+07 +6.586692727e+07 +6.586692727e+07 +3.8793e+00 +3.3484e+00 -2.0925e+00 +2.5937e-01 +1.8110e+00
3 +5.252477785e+07 +5.252477785e+07 +5.252446822e+07 +5.252446822e+07 -3.8814e+00 -2.6185e+00 -2.8327e+00 -4.4436e+00 -4.4691e+00
5 +2.088730100e+07 +2.088730100e+07 +2.088699137e+07 +2.088699137e+07 -1.0204e+00 +3.3505e+00 -2.3434e+00 -1.0966e-01 -3.5614e-01
11 +9.412107456e+06 +9.412107456e+06 +9.411797826e+06 +9.411797826e+06 -4.9600e+00 +2.1437e+00 +4.8528e+00 +1.8508e+00 -3.9801e+00
51 +2.872306139e+06 +2.872306139e+06 +2.871996509e+06 +2.871996509e+06 -4.9684e+00 +3.5299e+00 +5.0000e+00 +2.5081e+00 -5.0000e+00
108 +2.102961138e+06 +2.102961138e+06 +2.102651508e+06 +2.102651508e+06 -3.6757e+00 +3.5710e+00 +3.4929e+00 +1.7581e+00 -4.5612e+00
117 +7.069705338e+05 +7.069705338e+05 +7.066609038e+05 +7.066609038e+05 -3.3922e+00 +4.8792e-01 +0.0000e+00 +1.1321e+00 -1.7607e+00
342 +4.588445084e+05 +4.588445084e+05 +4.585348784e+05 +4.585348784e+05 -3.1178e+00 +0.0000e+00 -1.2718e+00 +6.6416e-01 -1.0240e+00
477 +3.433545608e+05 +3.433545608e+05 +3.430449308e+05 +3.430449308e+05 -2.5827e+00 +3.4486e-01 -9.7914e-01 +8.8459e-01 -1.1197e+00
557 +1.737440142e+05 +1.737440142e+05 +1.734343842e+05 +1.734343842e+05 -2.7724e+00 +1.5049e-01 -1.2103e+00 +8.8111e-01 -1.0816e+00
604 +1.005039696e+05 +1.005039696e+05 +1.001943396e+05 +1.001943396e+05 -3.0262e+00 +1.5681e-01 -1.2063e+00 +1.4815e+00 -1.2660e+00
668 +5.764988241e+04 +5.764988241e+04 +5.734025241e+04 +5.734025241e+04 -3.7968e+00 +3.1414e+00 +1.3968e+00 +1.5259e+00 -3.7922e+00
1448 +1.409053716e+04 +1.409053716e+04 +1.378090716e+04 +1.378090716e+04 -3.9617e+00 +3.0406e+00 +1.3820e+00 +1.4671e+00 -3.7926e+00
2299 +8.479305171e+03 +8.479305171e+03 +8.169675171e+03 +8.169675171e+03 -3.9429e+00 +2.9848e+00 +1.4141e+00 +1.5852e+00 -3.8638e+00
2370 +4.756572417e+03 +4.756572417e+03 +4.446942417e+03 +4.446942417e+03 -3.9595e+00 +3.1042e+00 +1.5043e+00 +1.5851e+00 -3.7967e+00
2450 +2.776138291e+03 +2.776138291e+03 +2.466508291e+03 +2.466508291e+03 -3.9901e+00 +3.1170e+00 +1.5401e+00 +1.5803e+00 -3.8819e+00
2459 +2.337887568e+03 +2.337887568e+03 +2.028257568e+03 +2.028257568e+03 -3.9879e+00 +2.9898e+00 +1.4483e+00 +1.5803e+00 -3.7662e+00
2539 +1.419691901e+03 +1.419691901e+03 +1.110061901e+03 +1.110061901e+03 -3.9242e+00 +2.9595e+00 +1.4705e+00 +1.5733e+00 -3.7759e+00
3193 +6.431266804e+02 +6.431266804e+02 +3.334966804e+02 +3.334966804e+02 -3.9376e+00 +2.9945e+00 +1.4444e+00 +1.5594e+00 -3.8016e+00
3383 +1.040511141e+02 +1.040511141e+02 -2.055788859e+02 -2.055788859e+02 -3.9683e+00 +3.0198e+00 +1.4696e+00 +1.5670e+00 -3.7911e+00
3495 +8.886808994e+01 +8.886808994e+01 -2.207619101e+02 -2.207619101e+02 -3.9644e+00 +3.0281e+00 +1.4920e+00 +1.5623e+00 -3.8069e+00
4168 +3.098798800e+01 +3.098798800e+01 -2.786420120e+02 -2.786420120e+02 -3.9735e+00 +3.0300e+00 +1.4867e+00 +1.5671e+00 -3.8135e+00
4968 +2.074335203e+01 +2.074335203e+01 -2.888866480e+02 -2.888866480e+02 -3.9716e+00 +3.0236e+00 +1.4876e+00 +1.5665e+00 -3.8111e+00
% function evaluation | noise-free fitness - Fopt (-1.000000000000e+03) | best noise-free fitness - Fopt | measured fitness | best measured fitness | x1 | x2...
1 +8.582548641e+07 +8.582548641e+07 +8.582448641e+07 +8.582448641e+07 -4.0264e+00 -3.2287e+00 -2.5270e+00 +2.1065e+00 -4.8962e-01
2 +4.434635552e+07 +4.434635552e+07 +4.434535552e+07 +4.434535552e+07 +8.5538e-01 -5.2769e-01 -3.3672e+00 +2.6885e+00 +7.5330e-01
3 +3.763675377e+07 +3.763675377e+07 +3.763575377e+07 +3.763575377e+07 -2.9913e+00 +4.6649e+00 -9.1123e-01 +3.6304e+00 -1.3829e+00
6 +6.406754191e+06 +6.406754191e+06 +6.405754191e+06 +6.405754191e+06 -7.7729e-01 +4.6856e+00 -3.1011e+00 +1.3029e+00 -3.0813e-01
96 +1.479868073e+06 +1.479868073e+06 +1.478868073e+06 +1.478868073e+06 -6.2130e-01 +4.8941e+00 -4.1948e+00 -2.6760e-02 +9.6719e-01
131 +9.906714883e+05 +9.906714883e+05 +9.896714883e+05 +9.896714883e+05 +9.3185e-01 +4.8386e+00 -4.2954e+00 +2.9673e-01 +1.8422e+00
135 +5.473149472e+05 +5.473149472e+05 +5.463149472e+05 +5.463149472e+05 +3.9576e-01 +4.6485e+00 -4.0312e+00 +1.6384e-01 +1.5691e+00
244 +2.450303055e+05 +2.450303055e+05 +2.440303055e+05 +2.440303055e+05 +5.6956e-01 +4.1733e+00 -4.3416e+00 +8.8639e-01 +1.6770e+00
384 +1.504907058e+05 +1.504907058e+05 +1.494907058e+05 +1.494907058e+05 +1.0663e+00 +4.0366e+00 -4.1295e+00 +3.9952e-01 +1.2385e+00
443 +2.330959573e+04 +2.330959573e+04 +2.230959573e+04 +2.230959573e+04 +2.7438e-02 +4.1930e+00 -4.3791e+00 +6.9601e-01 +1.3285e+00
1110 +7.630255359e+03 +7.630255359e+03 +6.630255359e+03 +6.630255359e+03 -1.6123e-01 +4.0637e+00 -4.4354e+00 +7.0704e-01 +1.3715e+00
1296 +1.804422051e+03 +1.804422051e+03 +8.044220509e+02 +8.044220509e+02 -1.2762e-01 +4.0900e+00 -4.4798e+00 +6.4730e-01 +1.3484e+00
1736 +1.281738284e+03 +1.281738284e+03 +2.817382844e+02 +2.817382844e+02 -1.2380e-01 +4.0960e+00 -4.4868e+00 +6.5492e-01 +1.3502e+00
1799 +9.570788797e+02 +9.570788797e+02 -4.292112033e+01 -4.292112033e+01 -1.2372e-01 +4.0924e+00 -4.5016e+00 +6.4689e-01 +1.3649e+00
1811 +5.626339025e+02 +5.626339025e+02 -4.373660975e+02 -4.373660975e+02 -1.1111e-01 +4.0911e+00 -4.5012e+00 +6.5957e-01 +1.3760e+00
2336 +3.894104524e+02 +3.894104524e+02 -6.105895476e+02 -6.105895476e+02 -9.2917e-02 +4.0894e+00 -4.4812e+00 +6.5390e-01 +1.4011e+00
2573 +6.264499155e+01 +6.264499155e+01 -9.373550084e+02 -9.373550084e+02 -1.1166e-01 +4.0987e+00 -4.4779e+00 +6.5752e-01 +1.3908e+00
2866 +3.434028925e+01 +3.434028925e+01 -9.656597107e+02 -9.656597107e+02 -9.5836e-02 +4.0984e+00 -4.4695e+00 +6.5490e-01 +1.3913e+00
3119 +2.337511527e+01 +2.337511527e+01 -9.766248847e+02 -9.766248847e+02 -9.1182e-02 +4.0989e+00 -4.4709e+00 +6.5475e-01 +1.3905e+00
% function evaluation | noise-free fitness - Fopt (5.800000000000e+01) | best noise-free fitness - Fopt | measured fitness | best measured fitness | x1 | x2...
1 +1.166843748e+09 +1.166843748e+09 +1.166843806e+09 +1.166843806e+09 -1.0106e+00 +1.6816e+00 -2.6129e+00 -3.8443e+00 -3.6978e+00
2 +2.090972341e+07 +2.090972341e+07 +2.090978141e+07 +2.090978141e+07 +7.1981e-02 +3.5530e+00 -3.5613e+00 +1.9488e+00 +1.5771e+00
4 +4.612679203e+06 +4.612679203e+06 +4.612737203e+06 +4.612737203e+06 +1.9436e+00 +3.1020e+00 +2.0760e+00 -1.9800e-01 +5.2136e-01
54 +2.918734441e+06 +2.918734441e+06 +2.918792441e+06 +2.918792441e+06 +8.2650e-01 +5.0000e+00 +5.7708e-01 +1.7837e-01 +9.7926e-01
137 +1.963045649e+06 +1.963045649e+06 +1.963103649e+06 +1.963103649e+06 -1.6281e+00 +5.0000e+00 -1.7678e+00 +3.9017e-01 +7.4383e-01
312 +1.301799344e+06 +1.301799344e+06 +1.301857344e+06 +1.301857344e+06 -7.2691e-01 +4.3366e+00 -6.3866e-01 -1.2016e+00 -3.0373e-01
359 +8.126544704e+05 +8.126544704e+05 +8.127124704e+05 +8.127124704e+05 -1.2776e+00 +4.4580e+00 -1.3619e+00 -6.8433e-01 +4.1647e-01
392 +2.081154290e+05 +2.081154290e+05 +2.081734290e+05 +2.081734290e+05 -8.4498e-01 +4.5902e+00 -7.3455e-01 -4.4507e-01 -9.7344e-02
499 +1.462884012e+05 +1.462884012e+05 +1.463464012e+05 +1.463464012e+05 -1.9933e-01 +4.2811e+00 -7.2381e-01 -3.1702e-01 +5.3038e-03
550 +9.585537843e+04 +9.585537843e+04 +9.591337843e+04 +9.591337843e+04 +2.7282e-01 +4.5881e+00 -1.6962e-04 -1.0586e-01 +1.4726e-01
660 +1.345675450e+04 +1.345675450e+04 +1.351475450e+04 +1.351475450e+04 +2.4476e-01 +4.8030e+00 +4.1655e-01 -2.8279e-01 +1.6140e-01
1475 +6.475306876e+03 +6.475306876e+03 +6.533306876e+03 +6.533306876e+03 +2.7631e-01 +4.6768e+00 +3.7369e-01 -2.3082e-01 +1.6795e-01
1711 +4.393472803e+03 +4.393472803e+03 +4.451472803e+03 +4.451472803e+03 +2.3613e-01 +4.6823e+00 +2.7393e-01 -2.2787e-01 +1.4605e-01
1835 +2.225253950e+03 +2.225253950e+03 +2.283253950e+03 +2.283253950e+03 +6.3216e-01 +4.7560e+00 +7.4160e-01 -4.2555e-01 +1.1011e-01
2755 +2.386042169e+02 +2.386042169e+02 +2.966042169e+02 +2.966042169e+02 +6.8567e-01 +4.7900e+00 +8.5195e-01 -4.1474e-01 +1.4726e-01
3234 +7.830096354e+01 +7.830096354e+01 +1.363009635e+02 +1.363009635e+02 +6.6471e-01 +4.7971e+00 +8.3968e-01 -4.1735e-01 +1.4677e-01
3715 +4.911588459e+01 +4.911588459e+01 +1.071158846e+02 +1.071158846e+02 +6.7042e-01 +4.7956e+00 +8.5460e-01 -4.1609e-01 +1.4977e-01
% function evaluation | noise-free fitness - Fopt (9.438000000000e+01) | best noise-free fitness - Fopt | measured fitness | best measured fitness | x1 | x2...
1 +1.292088685e+08 +1.292088685e+08 +1.292089629e+08 +1.292089629e+08 +3.2615e+00 +1.5434e+00 +1.8158e+00 +4.9574e+00 -3.1142e+00
2 +9.487624647e+07 +9.487624647e+07 +9.487634085e+07 +9.487634085e+07 -4.5793e+00 -2.4035e+00 +6.3798e-01 +8.2926e-01 +4.4934e+00
3 +3.216237564e+07 +3.216237564e+07 +3.216247002e+07 +3.216247002e+07 -1.8258e+00 +2.2571e+00 -4.6814e+00 -4.5175e+00 +1.1271e+00
8 +1.047544580e+07 +1.047544580e+07 +1.047554018e+07 +1.047554018e+07 -3.2063e+00 +4.9109e+00 -1.3168e+00 +3.1004e+00 -2.4708e+00
35 +5.319015592e+06 +5.319015592e+06 +5.319109972e+06 +5.319109972e+06 -4.3173e+00 +2.1929e+00 -3.8418e+00 -2.6343e+00 -1.5598e+00
120 +1.233579679e+05 +1.233579679e+05 +1.234523479e+05 +1.234523479e+05 -5.0000e+00 +1.6255e+00 -2.0396e+00 -1.8804e+00 -1.5736e+00
390 +8.681301194e+04 +8.681301194e+04 +8.690739194e+04 +8.690739194e+04 -5.0000e+00 +1.2321e+00 -1.9454e+00 -2.5123e+00 -1.4943e+00
452 +2.051051799e+04 +2.051051799e+04 +2.060489799e+04 +2.060489799e+04 -5.0000e+00 +1.2968e+00 -1.8963e+00 -2.1574e+00 -1.5735e+00
859 +9.265015896e+03 +9.265015896e+03 +9.359395896e+03 +9.359395896e+03 -5.0000e+00 +1.2689e+00 -1.8186e+00 -2.1411e+00 -1.5672e+00
1115 +3.471099635e+03 +3.471099635e+03 +3.565479635e+03 +3.565479635e+03 -5.0000e+00 +1.3487e+00 -1.8299e+00 -2.1336e+00 -1.5832e+00
1619 +1.617639480e+03 +1.617639480e+03 +1.712019480e+03 +1.712019480e+03 -5.0000e+00 +1.3120e+00 -1.7648e+00 -2.1569e+00 -1.5834e+00
1787 +1.288994956e+03 +1.288994956e+03 +1.383374956e+03 +1.383374956e+03 -5.0000e+00 +1.3120e+00 -1.7639e+00 -2.1687e+00 -1.5799e+00
1838 +3.952506679e+02 +3.952506679e+02 +4.896306679e+02 +4.896306679e+02 -5.0000e+00 +1.3057e+00 -1.7622e+00 -2.1905e+00 -1.5615e+00
2196 +2.380995474e+02 +2.380995474e+02 +3.324795474e+02 +3.324795474e+02 -5.0000e+00 +1.2978e+00 -1.7557e+00 -2.2011e+00 -1.5535e+00
2379 +1.350349905e+02 +1.350349905e+02 +2.294149905e+02 +2.294149905e+02 -5.0000e+00 +1.2946e+00 -1.7606e+00 -2.1997e+00 -1.5482e+00
3371 +9.467166478e+01 +9.467166478e+01 +1.890516648e+02 +1.890516648e+02 -5.0000e+00 +1.2914e+00 -1.7588e+00 -2.2084e+00 -1.5443e+00
4289 +6.281803720e+01 +6.281803720e+01 +1.571980372e+02 +1.571980372e+02 -5.0000e+00 +1.2869e+00 -1.7564e+00 -2.2204e+00 -1.5421e+00
