% function evaluation | noise-free fitness - Fopt (4.078000000000e+01) | best noise-free fitness - Fopt | measured fitness | best measured fitness | x1 | x2...
1 +7.446233640e+01 +7.446233640e+01 +1.152423364e+02 +1.152423364e+02 -2.1852e+00 -2.9033e+00 +3.1317e+00 -3.3018e+00 -1.0013e+00 +2.3295e+00 -3.6167e+00 +1.7550e-01 +2.3217e+00 -4.6751e+00
8 +5.471490465e+01 +5.471490465e+01 +9.549490465e+01 +9.549490465e+01 +8.8664e-01 -4.8659e+00 +1.8098e+00 +2.7928e+00 -4.8453e+00 +4.7467e+00 +5.6799e-01 -3.2799e+00 -3.1047e+00 +2.9599e+00
284 +3.444331797e+01 +3.444331797e+01 +7.522331797e+01 +7.522331797e+01 -4.1838e+00 -6.6978e-01 -1.1406e+00 -3.0048e+00 -2.8571e+00 +5.3637e-01 -2.4153e+00 -2.9679e+00 -2.6019e+00 +2.6555e+00
3456 +1.295358555e+01 +1.295358555e+01 +5.373358555e+01 +5.373358555e+01 -3.7863e+00 +2.9592e+00 +2.0997e+00 +3.2284e+00 +3.1111e+00 +5.3511e-01 +4.2742e+00 +1.0800e-01 -8.9021e-01 +3.2266e+00
% function evaluation | noise-free fitness - Fopt (-1.600000000000e+00) | best noise-free fitness - Fopt | measured fitness | best measured fitness | x1 | x2...
1 +8.613289032e+01 +8.613289032e+01 +8.453289032e+01 +8.453289032e+01 -2.7793e+00 -3.3226e+00 -2.9891e+00 +7.2475e-01 +3.4442e+00 -3.7383e+00 +4.9959e+00 -4.1817e+00 -2.3424e+00 +4.8612e+00
5 +5.802747397e+01 +5.802747397e+01 +5.642747397e+01 +5.642747397e+01 +2.3851e+00 +1.0146e+00 +3.4254e+00 -2.3559e+00 +3.0488e+00 -3.1202e-01 -2.0557e+00 +5.0449e-01 +4.4241e+00 +1.1356e+00
972 +2.577668817e+01 +2.577668817e+01 +2.417668817e+01 +2.417668817e+01 -3.3603e+00 -9.9575e-01 +2.4641e+00 +4.7385e+00 -1.7913e+00 -5.2485e-01 -3.5589e+00 -2.0767e+00 -1.4456e-01 +2.6497e+00
2484 +2.330868260e+01 +2.330868260e+01 +2.170868260e+01 +2.170868260e+01 -9.8344e-01 -3.8924e+00 +4.5466e+00 +4.2487e+00 -1.9136e+00 +1.0960e+00 -3.7611e+00 -3.0907e+00 +1.5632e+00 +4.0649e+00
% function evaluation | noise-free fitness - Fopt (-3.708400000000e+02) | best noise-free fitness - Fopt | measured fitness | best measured fitness | x1 | x2...
1 +7.778059628e+01 +7.778059628e+01 -2.930594037e+02 -2.930594037e+02 +2.0274e+00 -3.0017e+00 +6.6430e-01 -2.6157e+00 +9.4800e-01 +3.3815e+00 +3.0735e+00 -3.8439e+00 +9.0501e-02 +1.8207e-01
2 +6.307373876e+01 +6.307373876e+01 -3.077662612e+02 -3.077662612e+02 +2.4518e+00 +3.9600e+00 +2.4158e+00 -2.5029e+00 -2.7971e+00 +1.1342e+00 -1.3247e+00 +1.8024e+00 -4.4024e+00 -1.9725e+00
107 +3.181300043e+01 +3.181300043e+01 -3.390269996e+02 -3.390269996e+02 +2.2940e+00 +2.3244e+00 -2.7389e+00 +3.4613e+00 +1.5638e+00 +4.5295e+00 +1.8778e+00 +1.3292e+00 -6.3439e-01 -1.4008e+00
3347 +2.218322598e+01 +2.218322598e+01 -3.486567740e+02 -3.486567740e+02 +3.5619e-01 +1.2128e+00 -1.3476e+00 +3.2956e+00 +2.8653e+00 +4.0400e+00 +1.7177e+00 +4.8694e+00 +8.8155e-01 -5.5486e-01
% function evaluation | noise-free fitness - Fopt (-3.256000000000e+01) | best noise-free fitness - Fopt | measured fitness | best measured fitness | x1 | x2...
1 +8.297961706e+01 +8.297961706e+01 +5.041961706e+01 +5.041961706e+01 +1.8162e+00 +1.9301e+00 -2.8580e+00 -4.6982e+00 +1.0509e+00 -4.3268e+00 -1.5191e+00 +2.3795e+00 -2.9459e+00 -4.9908e+00
151 +4.179590506e+01 +4.179590506e+01 +9.235905064e+00 +9.235905064e+00 -3.9661e-01 -1.9907e+00 +4.0816e+00 +1.5518e+00 +2.0072e+00 -2.7914e+00 -3.2857e+00 -3.6966e+00 -1.0610e+00 -2.3045e+00
1426 +3.766378789e+01 +3.766378789e+01 +5.103787895e+00 +5.103787895e+00 +3.8654e+00 -8.6258e-01 +1.5386e+00 +4.9922e+00 +6.3012e-01 +4.2863e+00 +2.4410e+00 +3.3580e+00 -2.5616e+00 -2.0495e+00
1641 +1.711446053e+01 +1.711446053e+01 -1.544553947e+01 -1.544553947e+01 +1.3166e+00 -2.0609e+00 -8.6549e-01 +3.5028e+00 +1.8477e+00 +2.6385e+00 -4.0518e+00 +2.7726e+00 -8.6035e-01 -3.1238e+00
% function evaluation | noise-free fitness - Fopt (5.154000000000e+02) | best noise-free fitness - Fopt | measured fitness | best measured fitness | x1 | x2...
1 +7.196712317e+01 +7.196712317e+01 +5.873671232e+02 +5.873671232e+02 +1.8000e+00 +1.9154e+00 +1.8276e+00 +4.2117e+00 +3.3295e+00 +3.1229e+00 +3.9382e+00 +1.7627e+00 +2.0292e+00 +1.3131e+00
5 +3.271183455e+01 +3.271183455e+01 +5.481118345e+02 +5.481118345e+02 +2.4785e+00 -1.7598e+00 +1.9398e+00 -1.3499e-01 -5.7630e-01 -1.2898e-01 +3.7108e+00 +4.2253e+00 -2.7394e+00 +2.4956e+00
305 +2.036343546e+01 +2.036343546e+01 +5.357634355e+02 +5.357634355e+02 +2.8545e+00 -4.3086e+00 +3.8917e+00 +1.3811e+00 -2.1060e+00 +1.4102e+00 +1.4231e+00 -4.4300e+00 -1.5198e+00 -4.2959e+00
% function evaluation | noise-free fitness - Fopt (9.862300000000e+02) | best noise-free fitness - Fopt | measured fitness | best measured fitness | x1 | x2...
1 +8.586514254e+01 +8.586514254e+01 +1.072095143e+03 +1.072095143e+03 -4.4211e+00 -6.8296e-01 +4.2653e+00 +1.7124e+00 -3.6854e+00 +4.0708e+00 -2.9694e+00 -3.8130e+00 +2.5292e+00 -4.1717e-01
214 +5.726305466e+01 +5.726305466e+01 +1.043493055e+03 +1.043493055e+03 -6.7759e-01 -1.9529e+00 -5.7410e-01 +3.7514e+00 +2.6879e+00 +1.7333e+00 -4.1181e+00 +4.1893e+00 +3.2980e+00 -4.5173e+00
1751 +3.060050920e+01 +3.060050920e+01 +1.016830509e+03 +1.016830509e+03 +4.2196e+00 -3.1480e+00 -1.9054e+00 +1.3968e-01 +3.5809e+00 +4.9681e+00 +3.1260e+00 -4.3924e+00 +3.5477e+00 -7.2784e-01
2751 +1.284146406e+01 +1.284146406e+01 +9.990714641e+02 +9.990714641e+02 -2.5205e-02 -1.1454e+00 +1.6267e+00 -3.8690e+00 -3.8002e+00 -4.4148e+00 -7.5705e-01 -4.4203e+00 +3.7492e+00 +8.3562e-01
% function evaluation | noise-free fitness - Fopt (1.240800000000e+02) | best noise-free fitness - Fopt | measured fitness | best measured fitness | x1 | x2...
1 +8.436603160e+01 +8.436603160e+01 +2.084460316e+02 +2.084460316e+02 -3.1088e+00 +1.9742e+00 -4.9417e+00 +1.8677e+00 +3.5448e+00 -2.3567e+00 -4.2464e+00 +4.4929e+00 -3.4812e+00 -4.2642e+00
19 +5.467898399e+01 +5.467898399e+01 +1.787589840e+02 +1.787589840e+02 -2.2186e-01 +3.9748e+00 -1.5375e+00 -6.4545e-01 +3.6014e+00 +2.1307e+00 -2.6459e-01 +2.6387e+00 -1.4808e+00 -8.6177e-01
336 +3.964196317e+01 +3.964196317e+01 +1.637219632e+02 +1.637219632e+02 -3.3338e+00 +1.1195e+00 +4.0286e+00 +1.0290e+00 +4.8679e-01 +2.1985e+00 -3.2268e+00 -3.8008e+00 -1.3438e+00 -2.0265e+00
3334 +2.374842145e+01 +2.374842145e+01 +1.478284215e+02 +1.478284215e+02 +2.4360e+00 +1.8296e+00 +3.2667e+00 +2.3861e+00 +3.8308e+00 +7.2322e-01 -2.2564e+00 -2.0037e+00 -2.7711e+00 +3.2751e+00
% function evaluation | noise-free fitness - Fopt (-4.683100000000e+02) | best noise-free fitness - Fopt | measured fitness | best measured fitness | x1 | x2...
1 +8.531680639e+01 +8.531680639e+01 -3.829931936e+02 -3.829931936e+02 -1.4557e+00 -3.0660e+00 -6.5015e-02 +3.0306e+00 +4.8738e+00 -3.6163e+00 +2.3882e+00 -4.9071e+00 +3.4476e+00 +3.5861e+00
30 +4.661802885e+01 +4.661802885e+01 -4.216919712e+02 -4.216919712e+02 -4.3286e+00 -1.9144e+00 +2.1829e+00 -1.4532e+00 -5.7760e-02 +3.7908e+00 +1.9085e+00 +4.1683e+00 +2.6318e+00 -2.1379e+00
224 +2.604287256e+01 +2.604287256e+01 -4.422671274e+02 -4.422671274e+02 -4.1043e+00 +1.6660e+00 +1.9059e+00 -2.0758e+00 +1.5205e+00 -3.9083e+00 +1.2347e+00 -1.3997e+00 -2.1770e+00 +1.0054e-01
560 +1.766058958e+01 +1.766058958e+01 -4.506494104e+02 -4.506494104e+02 +7.4541e-02 +2.8809e+00 +2.3659e+00 -4.7366e+00 -3.6651e+00 +1.4314e+00 -3.3974e+00 -2.0926e+00 +3.3586e+00 -2.1386e+00
% function evaluation | noise-free fitness - Fopt (-6.062000000000e+01) | best noise-free fitness - Fopt | measured fitness | best measured fitness | x1 | x2...
1 +8.563376782e+01 +8.563376782e+01 +2.501376782e+01 +2.501376782e+01 +2.6560e+00 -4.6520e+00 +2.3237e+00 -1.1371e+00 +1.9139e+00 +2.4786e+00 -2.3437e+00 -5.0903e-01 +4.9052e+00 -3.4536e+00
73 +5.879743169e+01 +5.879743169e+01 -1.822568306e+00 -1.822568306e+00 -5.2046e-01 +5.2354e-01 -4.0091e+00 -4.8832e+00 -1.4085e-01 -4.7113e+00 +2.3513e+00 +4.9906e+00 -4.9778e+00 +2.1312e+00
118 +1.789537663e+01 +1.789537663e+01 -4.272462337e+01 -4.272462337e+01 +1.8691e+00 -3.4401e+00 +4.7067e+00 -7.7914e-01 +2.8091e-01 +2.7298e+00 -4.2370e+00 -4.4096e+00 +6.0277e-01 +4.0193e+00
% function evaluation | noise-free fitness - Fopt (2.864600000000e+02) | best noise-free fitness - Fopt | measured fitness | best measured fitness | x1 | x2...
1 +7.435033239e+01 +7.435033239e+01 +3.608103324e+02 +3.608103324e+02 -3.0812e-01 -3.2246e+00 +2.8884e+00 -4.7874e-01 -2.2225e-01 +4.7671e+00 -5.0319e-01 -1.4538e+00 +1.7527e+00 +1.4149e+00
45 +6.098608744e+01 +6.098608744e+01 +3.474460874e+02 +3.474460874e+02 -2.0842e+00 +3.4036e+00 -3.8249e+00 -3.9106e+00 +4.5496e+00 -4.8825e+00 -2.9730e+00 +1.1620e+00 -3.9528e+00 +3.8483e-01
305 +3.108804447e+01 +3.108804447e+01 +3.175480445e+02 +3.175480445e+02 -2.9412e+00 -2.0428e+00 -3.4832e+00 -2.5648e-01 -1.6815e+00 +1.9101e+00 -2.2966e+00 -1.2274e+00 +1.1996e+00 +7.3266e-01
418 +2.450309403e+01 +2.450309403e+01 +3.109630940e+02 +3.109630940e+02 +1.0977e+00 +2.9729e+00 -4.9100e-01 -2.5332e+00 -1.0936e+00 -2.1004e+00 +2.3338e+00 -2.4638e+00 -1.6007e+00 -6.7436e-01
% function evaluation | noise-free fitness - Fopt (1.134200000000e+02) | best noise-free fitness - Fopt | measured fitness | best measured fitness | x1 | x2...
1 +8.342482843e+01 +8.342482843e+01 +1.968448284e+02 +1.968448284e+02 -3.0202e+00 +1.1640e+00 +4.2179e+00 +2.2993e+00 +4.7816e+00 -9.5346e-01 -1.7526e+00 +3.7106e+00 -3.2232e+00 +4.3573e+00
197 +6.254935412e+01 +6.254935412e+01 +1.759693541e+02 +1.759693541e+02 -1.5948e+00 -2.2310e+00 -2.8780e+00 +4.7196e+00 +1.8128e+00 -4.7290e+00 +2.3386e+00 +2.3761e+00 -4.6655e+00 -2.7714e+00
539 +3.778965588e+01 +3.778965588e+01 +1.512096559e+02 +1.512096559e+02 +4.6117e+00 -1.5930e-01 -2.4648e+00 -1.2342e+00 -4.8481e+00 -5.6568e-01 +2.9136e+00 +1.7423e+00 -3.3967e+00 -3.5994e+00
1942 +1.062768702e+01 +1.062768702e+01 +1.240476870e+02 +1.240476870e+02 -4.1575e+00 -1.8102e+00 -1.2861e+00 -4.9302e+00 +3.0850e+00 -1.3987e+00 -3.2818e+00 +3.1767e-01 +1.5619e+00 +4.4077e+00
% function evaluation | noise-free fitness - Fopt (-1.958600000000e+02) | best noise-free fitness - Fopt | measured fitness | best measured fitness | x1 | x2...
1 +7.686347378e+01 +7.686347378e+01 -1.189965262e+02 -1.189965262e+02 +5.8867e-01 +1.2207e+00 +1.9849e+00 +1.2862e+00 +3.5395e+00 +2.0447e+00 +1.3767e+00 -4.7813e+00 +1.0491e+00 +7.5745e-01
31 +5.810108813e+01 +5.810108813e+01 -1.377589119e+02 -1.377589119e+02 -1.8593e+00 -5.9535e-01 +1.4672e+00 +4.1837e+00 +3.0466e+00 +1.8915e+00 +9.5397e-01 -1.9503e+00 -3.9665e+00 +3.3849e+00
271 +3.714079593e+01 +3.714079593e+01 -1.587192041e+02 -1.587192041e+02 -4.6101e+00 -1.0421e-01 +1.7376e+00 -1.0210e+00 -1.7278e+00 -3.0834e+00 +2.6926e+00 +2.6873e+00 -1.8668e+00 -3.7133e+00
1584 +1.663752518e+01 +1.663752518e+01 -1.792224748e+02 -1.792224748e+02 +1.1112e+00 +3.2336e+00 -1.4328e+00 -3.9608e+00 +4.1490e-01 -2.2644e+00 +3.6262e+00 +4.7944e+00 +1.7545e+00 +3.3155e+00
% function evaluation | noise-free fitness - Fopt (-5.760000000000e+00) | best noise-free fitness - Fopt | measured fitness | best measured fitness | x1 | x2...
1 +8.172833594e+01 +8.172833594e+01 +7.596833594e+01 +7.596833594e+01 +3.7541e+00 -2.8892e-01 -4.5241e+00 -1.2727e+00 -4.5951e+00 +3.5027e+00 +2.5541e+00 -4.2685e-01 +3.1697e+00 -2.9556e+00
35 +5.872567310e+01 +5.872567310e+01 +5.296567310e+01 +5.296567310e+01 -1.8793e-01 +6.0195e-01 +1.0105e+00 -3.6059e+00 +7.0424e-01 -2.5571e+00 +3.5471e+00 +1.2843e+00 +3.1322e+00 -1.0075e-01
472 +3.711630437e+01 +3.711630437e+01 +3.135630437e+01 +3.135630437e+01 +3.5962e-01 -4.1488e+00 -2.0950e-01 -3.5515e+00 +3.5795e+00 -1.2968e+00 -5.5910e-01 -1.1689e+00 -3.8735e+00 +3.3817e+00
3541 +2.506927672e+01 +2.506927672e+01 +1.930927672e+01 +1.930927672e+01 -3.2133e+00 +8.8088e-01 -4.1719e+00 -3.8030e+00 -1.5080e-02 -2.9560e+00 -2.8929e+00 +3.2516e+00 +9.2070e-01 -3.6751e+00
% function evaluation | noise-free fitness - Fopt (-4.986500000000e+02) | best noise-free fitness - Fopt | measured fitness | best measured fitness | x1 | x2...
1 +7.778627877e+01 +7.778627877e+01 -4.208637212e+02 -4.208637212e+02 -3.5004e+00 -1.6277e+00 +1.1680e+00 -1.7499e-01 -1.1489e+00 -2.4065e+00 +1.8403e+00 +2.8562e+00 -1.6505e+00 -2.9023e+00
92 +5.462276186e+01 +5.462276186e+01 -4.440272381e+02 -4.440272381e+02 -3.4889e+00 -4.7386e+00 -6.7865e-01 -1.5094e+00 +2.5113e+00 +4.5612e-01 +8.5400e-01 -3.4638e-01 +8.1406e-01 +4.2803e+00
155 +3.168149774e+01 +3.168149774e+01 -4.669685023e+02 -4.669685023e+02 -2.0433e+00 -6.5865e-01 -7.2749e-01 +1.8488e+00 -1.8273e+00 -1.3448e-01 +6.9945e-01 -3.6134e-01 +4.2351e+00 +2.8953e+00
747 +2.312900632e+01 +2.312900632e+01 -4.755209937e+02 -4.755209937e+02 -2.3521e+00 +9.0165e-02 +4.3063e+00 -4.9597e-01 -1.0544e+00 +1.5126e+00 -7.8655e-01 -2.8547e+00 -3.9152e+00 +4.9745e+00
3733 +1.407959873e+01 +1.407959873e+01 -4.845704013e+02 -4.845704013e+02 -2.2745e+00 +2.4657e+00 -4.5479e-01 -3.5408e+00 -4.1896e+00 -4.9480e+00 +1.6473e+00 +1.5241e+00 +9.3317e-01 +3.2901e-01
% function evaluation | noise-free fitness - Fopt (-4.286000000000e+01) | best noise-free fitness - Fopt | measured fitness | best measured fitness | x1 | x2...
1 +8.025362358e+01 +8.025362358e+01 +3.739362358e+01 +3.739362358e+01 +3.7674e+00 +1.8986e-01 +2.6729e+00 -3.6305e+00 +4.0855e+00 -3.4290e-01 -2.7997e-01 -3.7861e+00 -2.3881e+00 -3.1802e+00
164 +4.803932408e+01 +4.803932408e+01 +5.179324075e+00 +5.179324075e+00 -2.4030e-01 -3.7008e+00 -3.4530e+00 -5.8228e-01 -4.6506e+00 -1.5253e+00 -1.4162e+00 +3.7888e+00 +3.0107e+00 +3.7610e+00
329 +2.710614321e+01 +2.710614321e+01 -1.575385679e+01 -1.575385679e+01 -8.1842e-02 +3.9711e+00 -2.0179e+00 -1.2729e+00 -4.5403e+00 -1.5996e+00 -3.5834e+00 -1.4831e+00 -1.8540e+00 -4.8844e+00
