% function evaluation | noise-free fitness - Fopt (-4.620900000000e+02) | best noise-free fitness - Fopt | measured fitness | best measured fitness | x1 | x2...
1 +7.236461043e+02 +7.236461043e+02 +2.615561043e+02 +2.615561043e+02 +2.1129e+00 +4.3753e+00 +2.3501e+00 +6.2910e-01 +3.1893e+00
4 +5.415393308e+02 +5.415393308e+02 +7.944933083e+01 +7.944933083e+01 +2.1391e+00 -2.4579e+00 -4.4581e+00 -4.9363e+00 -1.8806e+00
5 +3.087154095e+02 +3.087154095e+02 -1.533745905e+02 -1.533745905e+02 +2.1855e+00 +4.1450e+00 +7.4208e-01 -1.9690e+00 -2.4181e+00
12 +2.303653180e+02 +2.303653180e+02 -2.317246820e+02 -2.317246820e+02 -2.3215e+00 +3.4621e-01 -2.8188e+00 -1.6777e+00 +1.2197e+00
34 +1.332408881e+02 +1.332408881e+02 -3.288491119e+02 -3.288491119e+02 +2.5166e+00 +4.5236e+00 -1.5690e+00 -1.2066e+00 +2.0984e+00
194 +9.411864853e+01 +9.411864853e+01 -3.679713515e+02 -3.679713515e+02 +2.2607e-01 -5.7830e-01 +1.7681e+00 +3.1838e+00 +1.3715e+00
963 +6.015383281e+01 +6.015383281e+01 -4.019361672e+02 -4.019361672e+02 +1.5231e+00 +2.5553e+00 +1.6925e+00 +7.3834e-01 +1.2120e+00
3038 +3.870099091e+01 +3.870099091e+01 -4.233890091e+02 -4.233890091e+02 +1.6614e+00 +2.3769e+00 +2.0800e+00 +2.0572e-01 +2.2856e+00
% function evaluation | noise-free fitness - Fopt (7.766000000000e+01) | best noise-free fitness - Fopt | measured fitness | best measured fitness | x1 | x2...
1 +4.489978391e+02 +4.489978391e+02 +5.266578391e+02 +5.266578391e+02 +7.7327e-01 +2.1817e+00 -2.9186e+00 -4.2458e+00 +1.8414e-01
2 +3.417786207e+02 +3.417786207e+02 +4.194386207e+02 +4.194386207e+02 -3.4776e+00 -4.2679e+00 -5.6620e-01 -2.8130e+00 +1.5885e+00
20 +2.285359591e+02 +2.285359591e+02 +3.061959591e+02 +3.061959591e+02 -6.4375e-02 -2.5768e-04 +1.2336e+00 -2.6290e+00 +2.1126e+00
24 +1.545290212e+02 +1.545290212e+02 +2.321890212e+02 +2.321890212e+02 -6.9616e-01 -2.8012e-01 -1.0048e+00 -9.0748e-01 +1.3264e+00
56 +9.719255696e+01 +9.719255696e+01 +1.748525570e+02 +1.748525570e+02 -2.2651e+00 -4.9938e+00 +7.7729e-01 +3.7134e+00 +2.1617e+00
729 +6.208563099e+01 +6.208563099e+01 +1.397456310e+02 +1.397456310e+02 -1.8985e+00 +1.3469e+00 +1.4802e-01 +2.4473e+00 +1.5194e+00
% function evaluation | noise-free fitness - Fopt (1.156800000000e+02) | best noise-free fitness - Fopt | measured fitness | best measured fitness | x1 | x2...
1 +3.682298507e+02 +3.682298507e+02 +4.839098507e+02 +4.839098507e+02 +3.6965e+00 -1.1481e+00 +5.8614e-01 +1.5456e+00 +9.2062e-01
6 +1.378182747e+02 +1.378182747e+02 +2.534982747e+02 +2.534982747e+02 -1.2032e+00 -3.2687e+00 -1.9724e+00 +1.2992e+00 +1.9031e+00
42 +8.693908159e+01 +8.693908159e+01 +2.026190816e+02 +2.026190816e+02 -2.9555e-02 +5.9635e-01 -2.1495e+00 +4.6791e+00 +2.5885e+00
1080 +5.522937592e+01 +5.522937592e+01 +1.709093759e+02 +1.709093759e+02 +2.4801e+00 -6.0579e-01 -3.8040e-01 +3.9533e+00 +3.4973e+00
% function evaluation | noise-free fitness - Fopt (-3.710000000000e+00) | best noise-free fitness - Fopt | measured fitness | best measured fitness | x1 | x2...
1 +2.603224590e+02 +2.603224590e+02 +2.566124590e+02 +2.566124590e+02 -4.5497e+00 -1.5312e+00 +1.8664e+00 +1.8343e+00 +3.5468e+00
2 +1.682598876e+02 +1.682598876e+02 +1.645498876e+02 +1.645498876e+02 +1.7941e+00 +1.0661e+00 -1.1993e+00 +4.7770e+00 +7.4347e-01
81 +6.824150299e+01 +6.824150299e+01 +6.453150299e+01 +6.453150299e+01 -6.6751e-01 -3.6871e+00 -1.4371e-01 +4.3205e+00 +3.2063e+00
897 +3.699512569e+01 +3.699512569e+01 +3.328512569e+01 +3.328512569e+01 +2.5531e+00 -3.1147e+00 +1.6793e+00 +3.9288e+00 +2.2081e+00
% function evaluation | noise-free fitness - Fopt (1.321800000000e+02) | best noise-free fitness - Fopt | measured fitness | best measured fitness | x1 | x2...
1 +3.636100386e+02 +3.636100386e+02 +4.957900386e+02 +4.957900386e+02 +3.6963e+00 -4.4897e+00 +2.7513e+00 -3.2481e+00 -2.7188e+00
6 +9.941986262e+01 +9.941986262e+01 +2.315998626e+02 +2.315998626e+02 -1.7058e+00 +4.5617e+00 +2.0186e+00 -1.1692e+00 +2.6215e+00
987 +4.448948144e+01 +4.448948144e+01 +1.766694814e+02 +1.766694814e+02 +1.6117e+00 +6.6044e-01 +2.7668e+00 -2.0665e+00 +2.0174e+00
% function evaluation | noise-free fitness - Fopt (-5.847300000000e+02) | best noise-free fitness - Fopt | measured fitness | best measured fitness | x1 | x2...
1 +4.275980480e+02 +4.275980480e+02 -1.571319520e+02 -1.571319520e+02 +1.3231e+00 -2.3668e+00 -6.9491e-01 +7.7052e-01 -4.2609e+00
9 +3.753681776e+02 +3.753681776e+02 -2.093618224e+02 -2.093618224e+02 +2.5841e+00 -3.1310e+00 +1.5580e+00 +2.9724e+00 -1.8373e+00
19 +2.412970610e+02 +2.412970610e+02 -3.434329390e+02 -3.434329390e+02 +1.2127e-01 -1.1287e-01 -9.0808e-02 -5.4836e-01 -2.5749e+00
32 +1.163472673e+02 +1.163472673e+02 -4.683827327e+02 -4.683827327e+02 +2.3139e+00 -5.8987e-02 +6.4402e-01 -4.8595e-01 +3.9946e-01
91 +8.783768663e+01 +8.783768663e+01 -4.968923134e+02 -4.968923134e+02 +1.8849e+00 -3.1208e+00 +5.0875e-01 -4.7359e+00 -1.0851e+00
664 +4.259258242e+01 +4.259258242e+01 -5.421374176e+02 -5.421374176e+02 +1.7663e+00 -3.0128e+00 +1.3146e+00 -4.5321e+00 -6.9993e-03
% function evaluation | noise-free fitness - Fopt (-3.654000000000e+01) | best noise-free fitness - Fopt | measured fitness | best measured fitness | x1 | x2...
1 +1.982414109e+02 +1.982414109e+02 +1.617014109e+02 +1.617014109e+02 +7.9785e-01 -2.7240e+00 -1.8118e+00 -3.6755e+00 -9.4056e-02
21 +1.237615035e+02 +1.237615035e+02 +8.722150347e+01 +8.722150347e+01 -2.0999e-01 -7.1207e-01 -1.0435e+00 -3.7509e+00 +6.3504e-01
71 +5.273822355e+01 +5.273822355e+01 +1.619822355e+01 +1.619822355e+01 -3.2050e+00 -3.0414e+00 -5.4071e-01 +4.6035e-01 +9.4882e-02
4157 +3.425244024e+01 +3.425244024e+01 -2.287559764e+00 -2.287559764e+00 +1.7650e-01 -3.0456e+00 -1.6117e+00 -1.5020e+00 +7.1144e-01
% function evaluation | noise-free fitness - Fopt (1.000000000000e+03) | best noise-free fitness - Fopt | measured fitness | best measured fitness | x1 | x2...
1 +4.128505781e+02 +4.128505781e+02 +1.412850578e+03 +1.412850578e+03 +3.4822e+00 -4.4719e+00 -6.5126e-02 +2.6605e+00 +2.6821e+00
4 +1.149494911e+02 +1.149494911e+02 +1.114949491e+03 +1.114949491e+03 -5.7983e-01 +3.3551e+00 +2.5140e-01 +5.3707e-01 +2.9157e+00
23 +9.057888583e+01 +9.057888583e+01 +1.090578886e+03 +1.090578886e+03 -1.4510e+00 -2.0486e+00 -8.3598e-01 +1.3591e+00 +2.4512e+00
697 +5.563415079e+01 +5.563415079e+01 +1.055634151e+03 +1.055634151e+03 +1.4201e+00 -2.1813e-01 -1.1620e+00 +1.5705e+00 +2.5888e+00
% function evaluation | noise-free fitness - Fopt (4.661000000000e+01) | best noise-free fitness - Fopt | measured fitness | best measured fitness | x1 | x2...
1 +1.646868462e+04 +1.646868462e+04 +1.651529462e+04 +1.651529462e+04 +2.7868e+00 -4.8911e+00 +4.6698e+00 +3.4789e-01 +4.6977e+00
2 +3.391107894e+02 +3.391107894e+02 +3.857207894e+02 +3.857207894e+02 +1.0192e+00 -2.4542e+00 -2.9946e+00 +2.5631e+00 -2.9412e+00
13 +9.874231142e+01 +9.874231142e+01 +1.453523114e+02 +1.453523114e+02 -2.9663e+00 +1.5950e+00 -1.6961e+00 +2.2892e+00 +6.0068e-01
2239 +5.308877546e+01 +5.308877546e+01 +9.969877546e+01 +9.969877546e+01 -1.2937e+00 +4.6883e+00 +8.3475e-01 +3.4454e+00 +7.0207e-01
4014 +2.841840008e+01 +2.841840008e+01 +7.502840008e+01 +7.502840008e+01 -1.0755e+00 +4.5505e+00 +9.7606e-01 +2.5816e+00 +9.9976e-01
% function evaluation | noise-free fitness - Fopt (-2.643100000000e+02) | best noise-free fitness - Fopt | measured fitness | best measured fitness | x1 | x2...
1 +4.838204642e+02 +4.838204642e+02 +2.195104642e+02 +2.195104642e+02 +2.5678e+00 -6.2941e-01 -2.2062e+00 +3.1068e-01 -3.3848e+00
2 +1.929933973e+02 +1.929933973e+02 -7.131660271e+01 -7.131660271e+01 +7.0317e-02 -3.1262e+00 +3.9661e-01 -1.7362e+00 -7.0413e-01
9 +1.126107627e+02 +1.126107627e+02 -1.516992373e+02 -1.516992373e+02 +8.7469e-01 -3.3228e+00 -5.2435e-01 +2.4947e-02 +1.9283e+00
66 +9.563030196e+01 +9.563030196e+01 -1.686796980e+02 -1.686796980e+02 +1.8355e+00 -4.7111e-01 +1.5098e+00 -1.6599e+00 +3.0511e+00
308 +6.097138473e+01 +6.097138473e+01 -2.033386153e+02 -2.033386153e+02 +3.5688e+00 -2.1865e+00 +1.4949e+00 -1.7035e+00 +2.9050e+00
% function evaluation | noise-free fitness - Fopt (7.273000000000e+01) | best noise-free fitness - Fopt | measured fitness | best measured fitness | x1 | x2...
1 +9.961147730e+03 +9.961147730e+03 +1.003387773e+04 +1.003387773e+04 +4.8550e+00 +3.2469e+00 -3.8548e+00 +5.6782e-01 +4.7864e+00
2 +1.742231986e+02 +1.742231986e+02 +2.469531986e+02 +2.469531986e+02 +2.8698e+00 -3.4615e+00 +1.2765e+00 +2.6295e+00 -1.3543e+00
18 +1.371921467e+02 +1.371921467e+02 +2.099221467e+02 +2.099221467e+02 +2.4525e+00 -2.6626e+00 +1.0759e-01 +2.5136e+00 -5.9325e-01
143 +7.355764384e+01 +7.355764384e+01 +1.462876438e+02 +1.462876438e+02 -2.6420e-01 -1.3117e+00 -7.7384e-01 +1.3515e+00 +4.6763e-01
3440 +5.074766522e+01 +5.074766522e+01 +1.234776652e+02 +1.234776652e+02 +2.2962e+00 -2.3873e+00 +1.5203e+00 +3.0551e+00 +1.6772e+00
3578 +3.961635597e+01 +3.961635597e+01 +1.123463560e+02 +1.123463560e+02 +1.5051e+00 -1.5575e+00 +1.4730e+00 +2.2712e-01 +9.2111e-01
% function evaluation | noise-free fitness - Fopt (1.368700000000e+02) | best noise-free fitness - Fopt | measured fitness | best measured fitness | x1 | x2...
1 +2.430315470e+02 +2.430315470e+02 +3.799015470e+02 +3.799015470e+02 +1.6863e+00 -4.3196e+00 +3.8944e+00 +4.9129e-01 -2.5032e+00
17 +1.338524502e+02 +1.338524502e+02 +2.707224502e+02 +2.707224502e+02 +1.8508e+00 +3.9248e+00 -1.0611e-01 +4.8501e-02 -1.1864e+00
78 +6.867303178e+01 +6.867303178e+01 +2.055430318e+02 +2.055430318e+02 +3.6418e+00 +2.3967e+00 +1.7742e+00 +2.5620e-01 +2.4551e-01
199 +6.267852213e+01 +6.267852213e+01 +1.995485221e+02 +1.995485221e+02 +2.2739e+00 +5.5745e-01 +3.7308e+00 +1.2787e+00 -4.6169e-01
% function evaluation | noise-free fitness - Fopt (2.196000000000e+01) | best noise-free fitness - Fopt | measured fitness | best measured fitness | x1 | x2...
1 +2.384644797e+03 +2.384644797e+03 +2.406604797e+03 +2.406604797e+03 -3.0381e+00 +4.5610e+00 +4.2353e+00 +1.5382e+00 +2.0044e+00
2 +2.189270926e+02 +2.189270926e+02 +2.408870926e+02 +2.408870926e+02 +3.9320e+00 -4.3139e+00 -4.1324e+00 +3.2126e+00 +7.8460e-01
20 +1.303918167e+02 +1.303918167e+02 +1.523518167e+02 +1.523518167e+02 +3.6135e+00 +4.3606e+00 +1.4023e+00 +2.3364e+00 +1.4881e+00
90 +5.228892910e+01 +5.228892910e+01 +7.424892910e+01 +7.424892910e+01 -2.8751e+00 +8.2188e-02 +1.1681e+00 +1.9455e+00 +2.3487e+00
% function evaluation | noise-free fitness - Fopt (-2.139000000000e+01) | best noise-free fitness - Fopt | measured fitness | best measured fitness | x1 | x2...
1 +2.882342210e+02 +2.882342210e+02 +2.668442210e+02 +2.668442210e+02 +1.1533e+00 +4.6623e+00 +1.0019e+00 +2.1490e+00 -1.1362e+00
5 +2.440551608e+02 +2.440551608e+02 +2.226651608e+02 +2.226651608e+02 -1.3351e-01 +4.1705e+00 -1.7395e+00 -3.3939e+00 -2.3356e+00
14 +1.332444289e+02 +1.332444289e+02 +1.118544289e+02 +1.118544289e+02 +1.0727e+00 -1.5583e+00 +1.1922e-01 -1.4937e+00 +6.0594e-02
186 +8.852694638e+01 +8.852694638e+01 +6.713694638e+01 +6.713694638e+01 +2.5743e+00 -8.9534e-01 -5.5926e-01 -4.7380e+00 +9.2239e-01
323 +2.787038748e+01 +2.787038748e+01 +6.480387478e+00 +6.480387478e+00 +3.4045e+00 +3.0153e+00 +1.0350e+00 -3.4862e+00 +9.0183e-01
% function evaluation | noise-free fitness - Fopt (5.176600000000e+02) | best noise-free fitness - Fopt | measured fitness | best measured fitness | x1 | x2...
1 +4.062196653e+02 +4.062196653e+02 +9.238796653e+02 +9.238796653e+02 -3.0329e+00 +1.9658e-01 -4.6507e+00 +1.8866e+00 -2.3953e+00
7 +2.421809023e+02 +2.421809023e+02 +7.598409023e+02 +7.598409023e+02 +1.6316e+00 +3.7122e+00 +3.0468e-03 -2.4318e+00 +1.9531e+00
24 +1.146659884e+02 +1.146659884e+02 +6.323259884e+02 +6.323259884e+02 +1.2513e+00 -1.4811e+00 -3.5781e-01 +3.1032e+00 +1.1674e+00
74 +8.147710567e+01 +8.147710567e+01 +5.991371057e+02 +5.991371057e+02 +3.1138e-01 +4.3167e+00 +3.4615e-01 +2.9102e+00 +1.2252e+00
1162 +3.359542756e+01 +3.359542756e+01 +5.512554276e+02 +5.512554276e+02 +1.8639e+00 +3.1272e+00 +5.8057e-01 +2.7362e+00 +1.6430e+00
