% function evaluation | noise-free fitness - Fopt (-5.235000000000e+01) | best noise-free fitness - Fopt | measured fitness | best measured fitness | x1 | x2...
1 +4.178041795e+00 +4.178041795e+00 -4.817195820e+01 -4.817195820e+01 -3.2616e+00 -1.0361e+00 +3.4589e+00 -2.7251e+00 -1.7454e+00
33 +3.734161539e+00 +3.734161539e+00 -4.861583846e+01 -4.861583846e+01 -1.2687e+00 -3.2298e+00 +2.4775e+00 -1.4952e+00 -3.5381e-01
140 +2.376857322e+00 +2.376857322e+00 -4.997314268e+01 -4.997314268e+01 -9.3555e-01 -2.8054e+00 +1.2167e+00 -2.5193e+00 -5.2649e-01
222 +6.647240193e-01 +6.647240193e-01 -5.168527598e+01 -5.168527598e+01 -1.9575e-01 -4.2806e-01 +2.3568e+00 -2.2304e+00 -1.5730e+00
310 +6.237679277e-01 +6.237679277e-01 -5.172623207e+01 -5.172623207e+01 -4.9089e-01 -9.1874e-01 +2.6393e+00 -2.7613e+00 -2.1334e+00
452 +1.242478549e-01 +1.242478549e-01 -5.222575215e+01 -5.222575215e+01 -1.0303e+00 -1.4614e+00 +2.5332e+00 -2.2558e+00 -1.3868e+00
635 +8.703989329e-02 +8.703989329e-02 -5.226296011e+01 -5.226296011e+01 -1.1152e+00 -1.2988e+00 +2.4182e+00 -2.5696e+00 -1.4150e+00
1052 +5.871046807e-02 +5.871046807e-02 -5.229128953e+01 -5.229128953e+01 -1.0456e+00 -1.3343e+00 +2.3857e+00 -2.5187e+00 -1.4770e+00
1363 +3.600553210e-02 +3.600553210e-02 -5.231399447e+01 -5.231399447e+01 -8.9562e-01 -1.2463e+00 +2.4841e+00 -2.1956e+00 -1.4775e+00
1420 +1.647723267e-02 +1.647723267e-02 -5.233352277e+01 -5.233352277e+01 -8.4829e-01 -1.2205e+00 +2.4417e+00 -2.2364e+00 -1.3843e+00
1563 +1.114002348e-02 +1.114002348e-02 -5.233885998e+01 -5.233885998e+01 -8.5178e-01 -1.2218e+00 +2.4875e+00 -2.2273e+00 -1.4386e+00
1803 +8.234653844e-03 +8.234653844e-03 -5.234176535e+01 -5.234176535e+01 -8.3917e-01 -1.2172e+00 +2.4989e+00 -2.2262e+00 -1.4459e+00
1974 +4.601197458e-03 +4.601197458e-03 -5.234539880e+01 -5.234539880e+01 -8.2290e-01 -1.1819e+00 +2.4307e+00 -2.2789e+00 -1.5018e+00
2144 +3.096179861e-03 +3.096179861e-03 -5.234690382e+01 -5.234690382e+01 -8.4959e-01 -1.2063e+00 +2.4512e+00 -2.2989e+00 -1.4452e+00
3024 +2.243948558e-03 +2.243948558e-03 -5.234775605e+01 -5.234775605e+01 -8.5223e-01 -1.2067e+00 +2.4560e+00 -2.3341e+00 -1.4411e+00
3555 +1.203875090e-03 +1.203875090e-03 -5.234879612e+01 -5.234879612e+01 -8.5076e-01 -1.2023e+00 +2.4552e+00 -2.3520e+00 -1.5063e+00
4373 +8.787961682e-04 +8.787961682e-04 -5.234912120e+01 -5.234912120e+01 -8.5128e-01 -1.2041e+00 +2.4602e+00 -2.3507e+00 -1.5028e+00
% function evaluation | noise-free fitness - Fopt (-1.795400000000e+02) | best noise-free fitness - Fopt | measured fitness | best measured fitness | x1 | x2...
1 +2.421703345e+02 +2.421703345e+02 +6.263033446e+01 +6.263033446e+01 +4.7834e+00 +9.1844e-01 +3.2688e-01 -3.4699e+00 -2.0083e+00
2 +3.701462207e+01 +3.701462207e+01 -1.425253779e+02 -1.425253779e+02 +3.8803e+00 +2.4258e+00 +4.5763e+00 +3.8718e-01 -8.6409e-01
5 +1.918137203e+01 +1.918137203e+01 -1.603586280e+02 -1.603586280e+02 -1.5275e+00 +4.0626e+00 +8.3933e-01 +9.4359e-01 +3.2294e+00
20 +1.059703066e+01 +1.059703066e+01 -1.689429693e+02 -1.689429693e+02 -2.4815e+00 -1.5118e-01 -1.4929e+00 +2.2979e+00 +1.4345e+00
29 +9.524001790e+00 +9.524001790e+00 -1.700159982e+02 -1.700159982e+02 +7.8867e-01 +7.4711e-01 -2.7088e-01 +1.4328e-01 +2.6713e+00
74 +4.610517559e+00 +4.610517559e+00 -1.749294824e+02 -1.749294824e+02 +1.9442e+00 +1.6796e+00 -1.3366e+00 +1.0482e+00 +2.8661e+00
82 +3.085563318e+00 +3.085563318e+00 -1.764544367e+02 -1.764544367e+02 +7.6274e-01 +8.5723e-01 -1.0005e+00 +2.9826e+00 +5.0000e+00
165 +2.120828007e+00 +2.120828007e+00 -1.774191720e+02 -1.774191720e+02 +1.4631e+00 +1.9708e+00 -3.6817e+00 +2.3015e+00 +4.3109e+00
213 +1.111410940e+00 +1.111410940e+00 -1.784285891e+02 -1.784285891e+02 +1.5215e+00 +8.9163e-01 -3.0348e+00 +2.1401e+00 +4.7056e+00
248 +7.108601543e-01 +7.108601543e-01 -1.788291398e+02 -1.788291398e+02 +1.3449e+00 +1.8692e-01 -3.5027e+00 +2.2967e+00 +4.4824e+00
336 +5.289967811e-01 +5.289967811e-01 -1.790110032e+02 -1.790110032e+02 +3.7629e-01 +6.5194e-01 -3.9348e+00 +2.2667e+00 +4.4100e+00
486 +2.441498691e-01 +2.441498691e-01 -1.792958501e+02 -1.792958501e+02 +5.9163e-01 +8.6359e-01 -3.1866e+00 +2.6506e+00 +4.1564e+00
526 +1.533846320e-01 +1.533846320e-01 -1.793866154e+02 -1.793866154e+02 +7.6154e-01 +3.6464e-01 -3.3832e+00 +2.0794e+00 +3.4950e+00
998 +9.226607313e-02 +9.226607313e-02 -1.794477339e+02 -1.794477339e+02 +1.1261e+00 +5.1675e-01 -3.3868e+00 +2.1859e+00 +3.7470e+00
1093 +5.115423080e-02 +5.115423080e-02 -1.794888458e+02 -1.794888458e+02 +1.0429e+00 +4.0918e-01 -3.3916e+00 +2.4579e+00 +3.7350e+00
1146 +3.928214764e-02 +3.928214764e-02 -1.795007179e+02 -1.795007179e+02 +1.0374e+00 +4.0975e-01 -3.4037e+00 +2.3075e+00 +3.6853e+00
1445 +2.362530117e-02 +2.362530117e-02 -1.795163747e+02 -1.795163747e+02 +8.7122e-01 +4.3567e-01 -3.3971e+00 +2.3345e+00 +3.7124e+00
1848 +1.133488092e-02 +1.133488092e-02 -1.795286651e+02 -1.795286651e+02 +8.5735e-01 +3.8847e-01 -3.4367e+00 +2.3320e+00 +3.7670e+00
1890 +6.634049275e-03 +6.634049275e-03 -1.795333660e+02 -1.795333660e+02 +8.0685e-01 +3.7532e-01 -3.4500e+00 +2.3369e+00 +3.7629e+00
1928 +5.237756931e-03 +5.237756931e-03 -1.795347622e+02 -1.795347622e+02 +7.9176e-01 +3.8667e-01 -3.4452e+00 +2.3256e+00 +3.7724e+00
2650 +3.851354511e-03 +3.851354511e-03 -1.795361486e+02 -1.795361486e+02 +8.3700e-01 +4.1714e-01 -3.4300e+00 +2.3191e+00 +3.7593e+00
3049 +2.027872645e-03 +2.027872645e-03 -1.795379721e+02 -1.795379721e+02 +8.2663e-01 +4.3509e-01 -3.4479e+00 +2.3203e+00 +3.7840e+00
3646 +1.337754157e-03 +1.337754157e-03 -1.795386622e+02 -1.795386622e+02 +7.8312e-01 +4.4183e-01 -3.4487e+00 +2.3310e+00 +3.8005e+00
4529 +9.332251528e-04 +9.332251528e-04 -1.795390668e+02 -1.795390668e+02 +8.1042e-01 +4.5452e-01 -3.4469e+00 +2.3315e+00 +3.7995e+00
% function evaluation | noise-free fitness - Fopt (7.731000000000e+01) | best noise-free fitness - Fopt | measured fitness | best measured fitness | x1 | x2...
1 +5.692601210e+01 +5.692601210e+01 +1.342360121e+02 +1.342360121e+02 +4.2189e+00 +3.6020e+00 +2.8796e+00 -8.0864e-01 +2.9985e+00
3 +2.383630324e+01 +2.383630324e+01 +1.011463032e+02 +1.011463032e+02 -4.8150e+00 -3.4195e+00 -1.8892e+00 -3.3098e+00 -3.0046e+00
7 +7.664777025e+00 +7.664777025e+00 +8.497477703e+01 +8.497477703e+01 +6.7774e-01 -1.2023e+00 -9.5467e-01 -4.9226e+00 +3.9181e+00
59 +6.213720302e+00 +6.213720302e+00 +8.352372030e+01 +8.352372030e+01 -2.7322e+00 +8.9145e-01 -8.2124e-01 -1.4404e-01 -7.8335e-01
84 +3.019650565e+00 +3.019650565e+00 +8.032965057e+01 +8.032965057e+01 +1.0651e-01 +1.3181e+00 -2.6159e+00 -7.3067e-01 -5.8413e-01
128 +2.437002108e+00 +2.437002108e+00 +7.974700211e+01 +7.974700211e+01 -9.8671e-01 -1.7236e-01 -2.4099e+00 -6.5103e-01 +0.0000e+00
174 +1.323052582e+00 +1.323052582e+00 +7.863305258e+01 +7.863305258e+01 +0.0000e+00 +1.6783e-01 -2.1787e+00 -2.5219e+00 +1.0668e+00
379 +7.909856908e-01 +7.909856908e-01 +7.810098569e+01 +7.810098569e+01 +1.2791e+00 +2.0721e-01 -1.9295e+00 -1.2948e+00 +1.2390e+00
638 +4.213869515e-01 +4.213869515e-01 +7.773138695e+01 +7.773138695e+01 +8.4174e-01 -1.0222e+00 -1.5141e+00 -2.0599e+00 +1.1262e+00
671 +2.303867631e-01 +2.303867631e-01 +7.754038676e+01 +7.754038676e+01 +5.5032e-01 -2.5383e-01 -2.3012e+00 -1.8771e+00 +1.1790e+00
1073 +6.334857155e-02 +6.334857155e-02 +7.737334857e+01 +7.737334857e+01 +9.8098e-01 -5.7562e-01 -2.1759e+00 -1.9167e+00 +1.0284e+00
1098 +6.045761202e-02 +6.045761202e-02 +7.737045761e+01 +7.737045761e+01 +8.2518e-01 -5.6007e-01 -1.8746e+00 -1.9995e+00 +9.3441e-01
1547 +2.843738091e-02 +2.843738091e-02 +7.733843738e+01 +7.733843738e+01 +9.4792e-01 -7.1032e-01 -1.9009e+00 -1.9140e+00 +9.2823e-01
1707 +1.890969549e-02 +1.890969549e-02 +7.732890970e+01 +7.732890970e+01 +8.4352e-01 -7.5430e-01 -1.9007e+00 -1.9127e+00 +9.9710e-01
2062 +1.217366629e-02 +1.217366629e-02 +7.732217367e+01 +7.732217367e+01 +8.3686e-01 -7.8568e-01 -1.9568e+00 -1.8802e+00 +1.0059e+00
2315 +3.791297279e-03 +3.791297279e-03 +7.731379130e+01 +7.731379130e+01 +8.9028e-01 -5.1354e-01 -2.1731e+00 -1.9244e+00 +1.0059e+00
2475 +1.868528757e-03 +1.868528757e-03 +7.731186853e+01 +7.731186853e+01 +8.9595e-01 -5.2536e-01 -2.2082e+00 -1.9054e+00 +1.0065e+00
3554 +7.432791996e-04 +7.432791996e-04 +7.731074328e+01 +7.731074328e+01 +8.8909e-01 -6.2378e-01 -2.1339e+00 -1.8669e+00 +1.0088e+00
3675 +4.951506186e-04 +4.951506186e-04 +7.731049515e+01 +7.731049515e+01 +8.8808e-01 -6.2140e-01 -2.1456e+00 -1.8657e+00 +1.0097e+00
4303 +2.916057114e-04 +2.916057114e-04 +7.731029161e+01 +7.731029161e+01 +8.8938e-01 -6.2701e-01 -2.1495e+00 -1.8639e+00 +1.0091e+00
% function evaluation | noise-free fitness - Fopt (3.992000000000e+01) | best noise-free fitness - Fopt | measured fitness | best measured fitness | x1 | x2...
1 +3.526689055e+01 +3.526689055e+01 +7.518689055e+01 +7.518689055e+01 +4.6236e+00 -3.2910e-01 -1.3997e+00 +2.8007e+00 +1.0218e+00
5 +7.363381062e+00 +7.363381062e+00 +4.728338106e+01 +4.728338106e+01 +4.2341e+00 -3.6241e+00 +1.5960e+00 -3.4439e+00 -2.9885e+00
63 +5.068723158e+00 +5.068723158e+00 +4.498872316e+01 +4.498872316e+01 +3.3326e+00 -3.7025e-01 +3.3034e+00 -5.0000e+00 -2.1438e+00
66 +3.308206412e+00 +3.308206412e+00 +4.322820641e+01 +4.322820641e+01 +1.5183e+00 -1.4266e+00 +2.1436e+00 -2.9555e+00 -5.8581e-01
241 +2.453108207e+00 +2.453108207e+00 +4.237310821e+01 +4.237310821e+01 +3.0297e+00 -2.5339e+00 +2.5589e+00 -2.3017e+00 -2.4428e+00
266 +1.566511677e+00 +1.566511677e+00 +4.148651168e+01 +4.148651168e+01 +3.9804e+00 -9.9434e-01 +1.7114e+00 -3.4214e+00 -2.8786e+00
321 +9.878526095e-01 +9.878526095e-01 +4.090785261e+01 +4.090785261e+01 +4.4123e+00 -1.9617e+00 +2.5898e+00 -1.9043e+00 -2.5439e+00
482 +5.604600748e-01 +5.604600748e-01 +4.048046007e+01 +4.048046007e+01 +4.4941e+00 -1.3512e+00 +2.0158e+00 -2.1341e+00 -1.4972e+00
631 +3.317501660e-01 +3.317501660e-01 +4.025175017e+01 +4.025175017e+01 +4.4356e+00 -1.0136e+00 +2.2906e+00 -1.9034e+00 -1.7613e+00
669 +1.693353209e-01 +1.693353209e-01 +4.008933532e+01 +4.008933532e+01 +4.3243e+00 -7.8352e-01 +2.2725e+00 -2.3134e+00 -1.7772e+00
976 +1.248251340e-01 +1.248251340e-01 +4.004482513e+01 +4.004482513e+01 +3.9632e+00 -9.1439e-01 +2.5116e+00 -2.5860e+00 -1.7609e+00
1085 +7.334229659e-02 +7.334229659e-02 +3.999334230e+01 +3.999334230e+01 +4.1768e+00 -8.5821e-01 +2.2765e+00 -2.3841e+00 -1.7896e+00
1583 +6.227052507e-02 +6.227052507e-02 +3.998227053e+01 +3.998227053e+01 +4.0993e+00 -8.7906e-01 +2.4479e+00 -2.3401e+00 -1.7180e+00
1723 +8.981799550e-03 +8.981799550e-03 +3.992898180e+01 +3.992898180e+01 +4.0310e+00 -1.1188e+00 +2.2362e+00 -2.2858e+00 -1.9454e+00
2165 +1.448529101e-03 +1.448529101e-03 +3.992144853e+01 +3.992144853e+01 +3.9853e+00 -1.0551e+00 +2.3828e+00 -2.2951e+00 -1.9688e+00
2949 +9.949697844e-04 +9.949697844e-04 +3.992099497e+01 +3.992099497e+01 +3.9722e+00 -1.0923e+00 +2.3765e+00 -2.3145e+00 -1.9629e+00
4053 +5.905785537e-04 +5.905785537e-04 +3.992059058e+01 +3.992059058e+01 +3.9714e+00 -1.0710e+00 +2.3966e+00 -2.3159e+00 -1.9636e+00
% function evaluation | noise-free fitness - Fopt (-5.661000000000e+01) | best noise-free fitness - Fopt | measured fitness | best measured fitness | x1 | x2...
1 +6.063596459e+01 +6.063596459e+01 +4.025964593e+00 +4.025964593e+00 +8.0602e-01 -3.0710e-02 -4.7404e+00 -3.5683e+00 -3.6604e+00
6 +1.835626520e+01 +1.835626520e+01 -3.825373480e+01 -3.825373480e+01 +1.6120e+00 -5.0798e-01 +2.1315e+00 +2.1465e+00 -2.5396e+00
17 +1.069627004e+01 +1.069627004e+01 -4.591372996e+01 -4.591372996e+01 +8.4805e-01 -2.9187e+00 +1.5046e+00 -3.5196e+00 -4.3614e+00
77 +8.484251485e+00 +8.484251485e+00 -4.812574851e+01 -4.812574851e+01 +2.7396e+00 +7.0146e-03 +1.3513e+00 -5.5187e-01 -2.8070e+00
86 +6.291079212e+00 +6.291079212e+00 -5.031892079e+01 -5.031892079e+01 +4.1852e+00 +6.7507e-01 +2.7898e+00 -1.4434e+00 -1.5786e+00
158 +3.581997473e+00 +3.581997473e+00 -5.302800253e+01 -5.302800253e+01 +9.6746e-01 +2.0530e+00 +1.4421e+00 -4.4077e+00 -3.0212e+00
209 +1.595171492e+00 +1.595171492e+00 -5.501482851e+01 -5.501482851e+01 +2.5031e+00 +1.7926e+00 +4.1500e+00 -3.6343e+00 -3.6394e+00
224 +1.414588006e+00 +1.414588006e+00 -5.519541199e+01 -5.519541199e+01 +6.2542e-01 +3.4398e+00 +3.9050e+00 -3.2752e+00 -3.8027e+00
243 +8.195452269e-01 +8.195452269e-01 -5.579045477e+01 -5.579045477e+01 +1.8873e+00 +3.6338e+00 +2.4865e+00 -3.0365e+00 -2.6234e+00
334 +3.124178376e-01 +3.124178376e-01 -5.629758216e+01 -5.629758216e+01 +1.8775e+00 +3.1642e+00 +2.6676e+00 -3.0311e+00 -3.4710e+00
579 +1.852807836e-01 +1.852807836e-01 -5.642471922e+01 -5.642471922e+01 +1.8232e+00 +3.2139e+00 +2.7274e+00 -3.1392e+00 -3.2727e+00
718 +5.274377111e-02 +5.274377111e-02 -5.655725623e+01 -5.655725623e+01 +2.1577e+00 +2.7743e+00 +3.1287e+00 -3.3594e+00 -3.0309e+00
1339 +1.764850158e-02 +1.764850158e-02 -5.659235150e+01 -5.659235150e+01 +1.8919e+00 +2.7999e+00 +3.3458e+00 -3.2852e+00 -2.9384e+00
1598 +1.557752831e-02 +1.557752831e-02 -5.659442247e+01 -5.659442247e+01 +1.8891e+00 +2.9534e+00 +3.1711e+00 -3.2722e+00 -3.0797e+00
2115 +7.259017435e-03 +7.259017435e-03 -5.660274098e+01 -5.660274098e+01 +1.9822e+00 +2.9800e+00 +3.0756e+00 -3.2251e+00 -3.2017e+00
2221 +5.816330582e-03 +5.816330582e-03 -5.660418367e+01 -5.660418367e+01 +1.9937e+00 +2.9776e+00 +3.0818e+00 -3.2299e+00 -3.2016e+00
3343 +2.897560919e-03 +2.897560919e-03 -5.660710244e+01 -5.660710244e+01 +1.9665e+00 +2.9706e+00 +3.1555e+00 -3.2438e+00 -3.1744e+00
3752 +2.255171000e-03 +2.255171000e-03 -5.660774483e+01 -5.660774483e+01 +1.9777e+00 +2.9664e+00 +3.1301e+00 -3.2464e+00 -3.1710e+00
4002 +1.522206645e-03 +1.522206645e-03 -5.660847779e+01 -5.660847779e+01 +1.9479e+00 +2.9352e+00 +3.1918e+00 -3.2499e+00 -3.1203e+00
4042 +4.916797026e-04 +4.916797026e-04 -5.660950832e+01 -5.660950832e+01 +1.9349e+00 +2.9238e+00 +3.1864e+00 -3.2607e+00 -3.0884e+00
4202 +3.651085268e-04 +3.651085268e-04 -5.660963489e+01 -5.660963489e+01 +1.9355e+00 +2.9284e+00 +3.1892e+00 -3.2604e+00 -3.0939e+00
% function evaluation | noise-free fitness - Fopt (5.134000000000e+01) | best noise-free fitness - Fopt | measured fitness | best measured fitness | x1 | x2...
1 +2.729335095e+01 +2.729335095e+01 +7.863335095e+01 +7.863335095e+01 -1.4893e+00 -1.5422e+00 +3.2827e+00 -3.2887e+00 +4.7759e+00
11 +7.140426392e+00 +7.140426392e+00 +5.848042639e+01 +5.848042639e+01 +4.7769e-01 -7.6444e-01 +2.0864e-01 +3.3644e+00 -7.3160e-03
16 +5.864544804e+00 +5.864544804e+00 +5.720454480e+01 +5.720454480e+01 -3.7790e-01 -1.6259e+00 +1.7028e-02 +3.9176e+00 +1.5861e+00
67 +3.508674440e+00 +3.508674440e+00 +5.484867444e+01 +5.484867444e+01 -5.6047e-01 -1.2600e+00 +9.9330e-01 +3.0777e+00 -2.2195e-01
191 +1.520660036e+00 +1.520660036e+00 +5.286066004e+01 +5.286066004e+01 -2.4817e+00 -2.9212e+00 -5.8911e-01 +1.8465e+00 +7.2073e-01
259 +8.861760469e-01 +8.861760469e-01 +5.222617605e+01 +5.222617605e+01 -2.2748e+00 -2.9289e+00 +4.2196e-01 +1.9717e+00 +8.7641e-01
288 +1.925378348e-01 +1.925378348e-01 +5.153253783e+01 +5.153253783e+01 -2.4538e+00 -2.5281e+00 +6.9478e-01 +2.6112e+00 +7.1949e-01
888 +1.248629948e-01 +1.248629948e-01 +5.146486299e+01 +5.146486299e+01 -2.4228e+00 -2.5295e+00 +6.2957e-01 +2.8840e+00 +7.2363e-01
1049 +4.707347026e-02 +4.707347026e-02 +5.138707347e+01 +5.138707347e+01 -2.5789e+00 -2.3431e+00 +6.5025e-01 +2.7255e+00 +4.8786e-01
1340 +2.399134472e-02 +2.399134472e-02 +5.136399134e+01 +5.136399134e+01 -2.5804e+00 -2.2917e+00 +4.0699e-01 +2.7782e+00 +5.2233e-01
1602 +7.110484580e-03 +7.110484580e-03 +5.134711048e+01 +5.134711048e+01 -2.6128e+00 -2.2883e+00 +3.1390e-01 +2.7230e+00 +4.4204e-01
1743 +2.535037748e-03 +2.535037748e-03 +5.134253504e+01 +5.134253504e+01 -2.5470e+00 -2.2886e+00 +3.4207e-01 +2.8222e+00 +5.1330e-01
1757 +2.245662141e-03 +2.245662141e-03 +5.134224566e+01 +5.134224566e+01 -2.6100e+00 -2.2919e+00 +3.5373e-01 +2.7447e+00 +4.5921e-01
2383 +1.508811004e-03 +1.508811004e-03 +5.134150881e+01 +5.134150881e+01 -2.6031e+00 -2.2903e+00 +3.5811e-01 +2.7835e+00 +4.8893e-01
2699 +5.960292142e-04 +5.960292142e-04 +5.134059603e+01 +5.134059603e+01 -2.5899e+00 -2.2718e+00 +3.2524e-01 +2.7735e+00 +4.6501e-01
2939 +2.590017104e-04 +2.590017104e-04 +5.134025900e+01 +5.134025900e+01 -2.5735e+00 -2.2630e+00 +2.9537e-01 +2.7761e+00 +4.5904e-01
3906 +1.235546785e-04 +1.235546785e-04 +5.134012355e+01 +5.134012355e+01 -2.5663e+00 -2.2630e+00 +2.9506e-01 +2.7753e+00 +4.5814e-01
% function evaluation | noise-free fitness - Fopt (-1.244000000000e+02) | best noise-free fitness - Fopt | measured fitness | best measured fitness | x1 | x2...
1 +1.939679978e+02 +1.939679978e+02 +6.956799778e+01 +6.956799778e+01 +4.1987e+00 +4.8384e+00 +2.3348e+00 -1.3314e+00 +3.7023e+00
2 +1.356747111e+02 +1.356747111e+02 +1.127471111e+01 +1.127471111e+01 +3.4191e+00 +4.3849e+00 -4.6376e-01 +3.9876e+00 -1.4653e+00
3 +8.318638421e+01 +8.318638421e+01 -4.121361579e+01 -4.121361579e+01 +4.8852e+00 +2.1597e+00 -3.5344e+00 -2.8136e+00 +5.2296e-01
5 +5.597240633e+01 +5.597240633e+01 -6.842759367e+01 -6.842759367e+01 +3.2765e+00 -4.9532e+00 -3.3397e+00 +3.0456e+00 +2.3585e+00
6 +2.636400965e+01 +2.636400965e+01 -9.803599035e+01 -9.803599035e+01 +1.8018e+00 -4.2644e+00 +1.1745e+00 +9.4280e-02 -1.0004e+00
8 +5.634649007e+00 +5.634649007e+00 -1.187653510e+02 -1.187653510e+02 -1.8125e+00 -1.7082e+00 +3.9259e+00 -3.1025e-01 +1.4440e+00
104 +2.727352223e+00 +2.727352223e+00 -1.216726478e+02 -1.216726478e+02 -8.9634e-01 -1.0701e-01 +1.6993e+00 -2.7927e+00 -2.0795e+00
127 +2.381060160e+00 +2.381060160e+00 -1.220189398e+02 -1.220189398e+02 -8.4644e-01 +0.0000e+00 +1.4021e+00 -2.3415e+00 -1.7809e+00
177 +1.180228294e+00 +1.180228294e+00 -1.232197717e+02 -1.232197717e+02 +2.4717e-03 +5.7273e-01 +1.9846e+00 -3.0323e+00 -3.4848e+00
240 +9.187617719e-01 +9.187617719e-01 -1.234812382e+02 -1.234812382e+02 +4.3154e-01 +2.5585e-01 +2.0091e+00 -2.7209e+00 -2.9325e+00
398 +4.203444492e-01 +4.203444492e-01 -1.239796556e+02 -1.239796556e+02 +4.6145e-02 +1.1846e+00 +2.4498e+00 -2.1802e+00 -2.7105e+00
577 +3.307504213e-01 +3.307504213e-01 -1.240692496e+02 -1.240692496e+02 -5.4618e-02 +1.3474e+00 +2.5305e+00 -2.7536e+00 -2.3360e+00
656 +6.872443892e-02 +6.872443892e-02 -1.243312756e+02 -1.243312756e+02 -1.0165e-01 +9.1943e-01 +2.9476e+00 -2.5748e+00 -2.5824e+00
1377 +5.048580768e-02 +5.048580768e-02 -1.243495142e+02 -1.243495142e+02 -3.5095e-02 +8.1937e-01 +2.8458e+00 -2.4191e+00 -2.6699e+00
1457 +3.817461748e-02 +3.817461748e-02 -1.243618254e+02 -1.243618254e+02 -3.4370e-02 +9.0683e-01 +2.8448e+00 -2.4231e+00 -2.6695e+00
1592 +2.404842655e-02 +2.404842655e-02 -1.243759516e+02 -1.243759516e+02 +1.1619e-01 +8.3775e-01 +2.8040e+00 -2.4191e+00 -2.5853e+00
1857 +6.431780741e-03 +6.431780741e-03 -1.243935682e+02 -1.243935682e+02 +2.2436e-01 +8.1633e-01 +2.8503e+00 -2.4123e+00 -2.5532e+00
2069 +4.279465655e-03 +4.279465655e-03 -1.243957205e+02 -1.243957205e+02 +2.2836e-01 +8.6025e-01 +2.8586e+00 -2.3802e+00 -2.5570e+00
2097 +1.615201642e-03 +1.615201642e-03 -1.243983848e+02 -1.243983848e+02 +2.1269e-01 +8.5990e-01 +2.8812e+00 -2.3978e+00 -2.5557e+00
2497 +7.603143199e-04 +7.603143199e-04 -1.243992397e+02 -1.243992397e+02 +2.1232e-01 +8.5721e-01 +2.8727e+00 -2.4035e+00 -2.5546e+00
3646 +5.681571265e-04 +5.681571265e-04 -1.243994318e+02 -1.243994318e+02 +2.1281e-01 +8.5819e-01 +2.8797e+00 -2.4031e+00 -2.5559e+00
4722 +3.629987195e-04 +3.629987195e-04 -1.243996370e+02 -1.243996370e+02 +2.2585e-01 +8.7276e-01 +2.8858e+00 -2.3819e+00 -2.5525e+00
% function evaluation | noise-free fitness - Fopt (6.000000000000e-01) | best noise-free fitness - Fopt | measured fitness | best measured fitness | x1 | x2...
1 +2.002721548e+02 +2.002721548e+02 +2.008721548e+02 +2.008721548e+02 +4.3888e+00 +3.8907e+00 -4.2019e+00 -4.0769e+00 +3.6164e+00
2 +2.266963813e+01 +2.266963813e+01 +2.326963813e+01 +2.326963813e+01 +9.9635e-01 -5.8141e-01 -9.2720e-01 +1.5524e+00 +4.3293e+00
8 +2.432740061e+00 +2.432740061e+00 +3.032740061e+00 +3.032740061e+00 +1.7945e+00 -1.2253e+00 -1.6939e+00 +3.2568e+00 +4.9343e-02
88 +8.212381694e-01 +8.212381694e-01 +1.421238169e+00 +1.421238169e+00 +1.9298e+00 -1.9660e+00 -2.5657e-03 +3.0652e+00 -5.9848e-01
394 +5.719319057e-01 +5.719319057e-01 +1.171931906e+00 +1.171931906e+00 +3.3860e+00 -1.9140e+00 -2.7246e-01 +3.8587e+00 -1.2225e-01
570 +3.557363585e-01 +3.557363585e-01 +9.557363585e-01 +9.557363585e-01 +3.1680e+00 -1.6211e+00 +2.1209e-01 +3.3678e+00 +1.5102e-01
652 +2.447993424e-01 +2.447993424e-01 +8.447993424e-01 +8.447993424e-01 +2.8325e+00 -2.2224e+00 +8.2251e-02 +3.4744e+00 +4.9405e-01
782 +3.915503348e-02 +3.915503348e-02 +6.391550335e-01 +6.391550335e-01 +2.7120e+00 -1.9628e+00 +0.0000e+00 +3.5531e+00 +4.1071e-01
1179 +2.323527067e-02 +2.323527067e-02 +6.232352707e-01 +6.232352707e-01 +2.5918e+00 -1.9352e+00 +1.8930e-02 +3.4567e+00 +2.1698e-01
1579 +1.477832572e-02 +1.477832572e-02 +6.147783257e-01 +6.147783257e-01 +2.5943e+00 -1.9335e+00 +4.1283e-02 +3.4567e+00 -2.6068e-03
1695 +9.891280179e-03 +9.891280179e-03 +6.098912802e-01 +6.098912802e-01 +2.5973e+00 -1.9315e+00 +6.5420e-02 +3.4638e+00 -1.4213e-02
2059 +4.823889595e-03 +4.823889595e-03 +6.048238896e-01 +6.048238896e-01 +2.6038e+00 -1.9723e+00 +9.5868e-02 +3.5860e+00 +8.5569e-02
2333 +1.423230805e-03 +1.423230805e-03 +6.014232308e-01 +6.014232308e-01 +2.5985e+00 -1.9721e+00 +1.2512e-01 +3.5667e+00 +8.0780e-02
2853 +6.487429128e-04 +6.487429128e-04 +6.006487429e-01 +6.006487429e-01 +2.6020e+00 -1.9699e+00 +1.0197e-01 +3.5506e+00 +1.2137e-01
3013 +5.755164908e-04 +5.755164908e-04 +6.005755165e-01 +6.005755165e-01 +2.6013e+00 -1.9718e+00 +1.1275e-01 +3.5630e+00 +9.8279e-02
3474 +2.512497655e-04 +2.512497655e-04 +6.002512498e-01 +6.002512498e-01 +2.6010e+00 -1.9718e+00 +1.1089e-01 +3.5547e+00 +1.1585e-01
4398 +2.020965162e-04 +2.020965162e-04 +6.002020965e-01 +6.002020965e-01 +2.5956e+00 -1.9753e+00 +1.1412e-01 +3.5590e+00 +1.2099e-01
4524 +5.187716720e-05 +5.187716720e-05 +6.000518772e-01 +6.000518772e-01 +2.6005e+00 -1.9712e+00 +1.0412e-01 +3.5469e+00 +1.2824e-01
% function evaluation | noise-free fitness - Fopt (-4.071000000000e+01) | best noise-free fitness - Fopt | measured fitness | best measured fitness | x1 | x2...
1 +1.501702020e+01 +1.501702020e+01 -2.569297980e+01 -2.569297980e+01 -2.7203e+00 -1.6874e-01 -2.9437e+00 +3.4443e+00 +1.5383e+00
5 +4.123016958e+00 +4.123016958e+00 -3.658698304e+01 -3.658698304e+01 -2.5283e+00 -3.0249e+00 +1.1235e+00 +2.5175e+00 -6.0459e-02
14 +1.643152572e+00 +1.643152572e+00 -3.906684743e+01 -3.906684743e+01 +5.1372e-02 -1.4648e+00 +8.8466e-01 +1.6090e+00 +3.5940e-01
196 +1.040506528e+00 +1.040506528e+00 -3.966949347e+01 -3.966949347e+01 +6.0895e-01 -1.9771e+00 +1.2604e+00 +2.1375e+00 +3.8897e-01
230 +7.817084552e-01 +7.817084552e-01 -3.992829154e+01 -3.992829154e+01 +6.5114e-01 -2.9986e+00 +9.2985e-01 +2.0077e+00 +2.4940e-01
308 +5.516264443e-01 +5.516264443e-01 -4.015837356e+01 -4.015837356e+01 +6.0135e-01 -2.5678e+00 +1.5609e+00 +1.8531e+00 +3.3715e-02
411 +2.634510468e-01 +2.634510468e-01 -4.044654895e+01 -4.044654895e+01 +8.1543e-01 -2.4519e+00 +1.3980e+00 +1.9870e+00 -3.0638e-01
565 +2.124409687e-01 +2.124409687e-01 -4.049755903e+01 -4.049755903e+01 +7.5625e-01 -2.5536e+00 +1.1711e+00 +2.6164e+00 -3.1816e-01
788 +1.015010998e-01 +1.015010998e-01 -4.060849890e+01 -4.060849890e+01 +7.6695e-01 -2.4196e+00 +1.5216e+00 +2.4484e+00 -3.9002e-01
951 +5.554038528e-02 +5.554038528e-02 -4.065445961e+01 -4.065445961e+01 +7.5455e-01 -2.7159e+00 +1.4483e+00 +2.3908e+00 -3.6140e-01
1111 +3.732648401e-02 +3.732648401e-02 -4.067267352e+01 -4.067267352e+01 +7.5493e-01 -2.7384e+00 +1.5096e+00 +2.4576e+00 -4.1721e-01
1508 +1.638040494e-02 +1.638040494e-02 -4.069361960e+01 -4.069361960e+01 +7.6632e-01 -2.7532e+00 +1.4101e+00 +2.2014e+00 -4.5472e-01
1656 +1.322748757e-02 +1.322748757e-02 -4.069677251e+01 -4.069677251e+01 +7.7313e-01 -2.7674e+00 +1.3981e+00 +2.3799e+00 -4.2352e-01
2284 +5.903443398e-03 +5.903443398e-03 -4.070409656e+01 -4.070409656e+01 +6.7400e-01 -2.7408e+00 +1.3943e+00 +2.1644e+00 -5.2491e-01
2444 +3.090965668e-03 +3.090965668e-03 -4.070690903e+01 -4.070690903e+01 +6.4066e-01 -2.7326e+00 +1.3888e+00 +2.2209e+00 -5.4314e-01
2736 +2.123413426e-03 +2.123413426e-03 -4.070787659e+01 -4.070787659e+01 +6.7057e-01 -2.7393e+00 +1.4104e+00 +2.2012e+00 -5.2488e-01
2790 +1.224903772e-03 +1.224903772e-03 -4.070877510e+01 -4.070877510e+01 +6.6624e-01 -2.7642e+00 +1.4116e+00 +2.1167e+00 -5.3422e-01
3001 +5.859454513e-04 +5.859454513e-04 -4.070941405e+01 -4.070941405e+01 +6.7467e-01 -2.7650e+00 +1.3658e+00 +2.2247e+00 -5.2361e-01
% function evaluation | noise-free fitness - Fopt (8.143200000000e+02) | best noise-free fitness - Fopt | measured fitness | best measured fitness | x1 | x2...
1 +1.705149093e+01 +1.705149093e+01 +8.313714909e+02 +8.313714909e+02 +2.1633e+00 -4.9441e-01 -2.5306e+00 +1.8788e+00 -3.7898e-01
14 +1.525790974e+01 +1.525790974e+01 +8.295779097e+02 +8.295779097e+02 +5.6723e-01 -1.0118e+00 -2.1889e+00 -3.2062e+00 +1.2638e+00
29 +7.331170590e+00 +7.331170590e+00 +8.216511706e+02 +8.216511706e+02 -4.6771e+00 -2.1791e+00 +2.6187e+00 +2.8133e-01 +5.4473e-01
49 +5.585258829e+00 +5.585258829e+00 +8.199052588e+02 +8.199052588e+02 -1.4753e+00 -3.5834e+00 -5.8405e-01 +4.0266e-01 +3.8798e-01
93 +3.700462516e+00 +3.700462516e+00 +8.180204625e+02 +8.180204625e+02 -5.0000e+00 -2.4637e+00 +3.5739e+00 -1.2417e+00 +2.1528e+00
103 +1.664124079e+00 +1.664124079e+00 +8.159841241e+02 +8.159841241e+02 -2.9920e+00 -5.0000e+00 +5.0000e+00 -1.5061e+00 +1.5945e+00
134 +1.542732038e+00 +1.542732038e+00 +8.158627320e+02 +8.158627320e+02 -3.1680e+00 -3.3931e+00 +2.3458e+00 -7.8484e-01 +2.3162e+00
282 +9.112202122e-01 +9.112202122e-01 +8.152312202e+02 +8.152312202e+02 -2.2096e+00 -4.1356e+00 +4.1847e+00 -5.6441e-01 +2.6816e+00
361 +5.235935648e-01 +5.235935648e-01 +8.148435936e+02 +8.148435936e+02 -2.6611e+00 -3.1626e+00 +4.4282e+00 -1.4691e+00 +2.0391e+00
520 +1.854784294e-01 +1.854784294e-01 +8.145054784e+02 +8.145054784e+02 -2.4466e+00 -3.6288e+00 +3.9372e+00 -1.5848e+00 +2.1654e+00
680 +5.999478425e-02 +5.999478425e-02 +8.143799948e+02 +8.143799948e+02 -2.8299e+00 -3.7745e+00 +3.8396e+00 -1.4172e+00 +2.1141e+00
936 +3.541309608e-02 +3.541309608e-02 +8.143554131e+02 +8.143554131e+02 -2.8299e+00 -3.9495e+00 +3.8725e+00 -1.3144e+00 +1.8589e+00
1181 +1.257926244e-02 +1.257926244e-02 +8.143325793e+02 +8.143325793e+02 -2.8031e+00 -3.9153e+00 +3.8988e+00 -1.2268e+00 +1.8713e+00
1442 +5.393761867e-03 +5.393761867e-03 +8.143253938e+02 +8.143253938e+02 -2.7861e+00 -3.7291e+00 +3.8891e+00 -1.2160e+00 +1.9941e+00
1921 +2.921506393e-03 +2.921506393e-03 +8.143229215e+02 +8.143229215e+02 -2.7879e+00 -3.7583e+00 +3.8908e+00 -1.2396e+00 +2.0001e+00
2602 +1.692852269e-03 +1.692852269e-03 +8.143216929e+02 +8.143216929e+02 -2.7898e+00 -3.8242e+00 +3.8886e+00 -1.2434e+00 +1.9735e+00
2961 +1.505954796e-03 +1.505954796e-03 +8.143215060e+02 +8.143215060e+02 -2.7915e+00 -3.8267e+00 +3.8890e+00 -1.2541e+00 +1.9752e+00
4001 +9.882690886e-04 +9.882690886e-04 +8.143209883e+02 +8.143209883e+02 -2.7942e+00 -3.8368e+00 +3.8834e+00 -1.2382e+00 +1.9850e+00
4454 +4.608080980e-04 +4.608080980e-04 +8.143204608e+02 +8.143204608e+02 -2.7889e+00 -3.8473e+00 +3.8687e+00 -1.2328e+00 +2.0381e+00
4999 +3.724813783e-04 +3.724813783e-04 +8.143203725e+02 +8.143203725e+02 -2.7913e+00 -3.8278e+00 +3.8763e+00 -1.2391e+00 +2.0169e+00
% function evaluation | noise-free fitness - Fopt (-6.205000000000e+01) | best noise-free fitness - Fopt | measured fitness | best measured fitness | x1 | x2...
1 +1.321229783e+01 +1.321229783e+01 -4.883770217e+01 -4.883770217e+01 +7.1789e-02 +2.8596e+00 -4.8863e-01 +4.0481e+00 +5.8288e-01
5 +5.671078344e+00 +5.671078344e+00 -5.637892166e+01 -5.637892166e+01 +1.8067e+00 -1.1139e+00 +1.7938e+00 +4.1803e+00 -3.2360e-01
45 +1.500281113e+00 +1.500281113e+00 -6.054971889e+01 -6.054971889e+01 +2.1063e+00 -4.7481e-01 -2.8027e-01 +3.0954e+00 -2.9261e+00
157 +5.290994509e-01 +5.290994509e-01 -6.152090055e+01 -6.152090055e+01 +2.4691e+00 +1.6095e-01 -1.7690e-01 +2.4407e+00 -1.4636e+00
311 +3.170111617e-01 +3.170111617e-01 -6.173298884e+01 -6.173298884e+01 +2.1803e+00 -1.0270e+00 -9.0092e-01 +2.4681e+00 -1.7413e+00
550 +2.188966296e-01 +2.188966296e-01 -6.183110337e+01 -6.183110337e+01 +2.2695e+00 -3.3075e-01 -8.6068e-01 +2.4022e+00 -1.8359e+00
707 +1.514804775e-01 +1.514804775e-01 -6.189851952e+01 -6.189851952e+01 +2.4612e+00 -7.0918e-01 -9.0348e-01 +2.0685e+00 -1.7059e+00
989 +4.685911703e-02 +4.685911703e-02 -6.200314088e+01 -6.200314088e+01 +2.1266e+00 -2.1528e-01 -5.3971e-01 +2.0459e+00 -1.6279e+00
1275 +9.333679071e-03 +9.333679071e-03 -6.204066632e+01 -6.204066632e+01 +2.0774e+00 -4.2153e-01 -5.5469e-01 +2.0565e+00 -1.6152e+00
2186 +4.024269810e-03 +4.024269810e-03 -6.204597573e+01 -6.204597573e+01 +1.9299e+00 -5.6756e-01 -5.5092e-01 +2.0804e+00 -1.6283e+00
2916 +2.970784681e-03 +2.970784681e-03 -6.204702922e+01 -6.204702922e+01 +1.9192e+00 -5.3919e-01 -5.4417e-01 +2.0572e+00 -1.6384e+00
3796 +2.510378491e-03 +2.510378491e-03 -6.204748962e+01 -6.204748962e+01 +1.9228e+00 -5.4127e-01 -5.4317e-01 +2.0729e+00 -1.6396e+00
3985 +1.334523308e-03 +1.334523308e-03 -6.204866548e+01 -6.204866548e+01 +1.9563e+00 -4.9492e-01 -5.4553e-01 +2.0750e+00 -1.6506e+00
4627 +8.558728362e-04 +8.558728362e-04 -6.204914413e+01 -6.204914413e+01 +1.9619e+00 -5.1875e-01 -5.5462e-01 +2.0707e+00 -1.6426e+00
% function evaluation | noise-free fitness - Fopt (-4.328000000000e+01) | best noise-free fitness - Fopt | measured fitness | best measured fitness | x1 | x2...
1 +4.267600336e+01 +4.267600336e+01 -6.039966435e-01 -6.039966435e-01 +2.6433e+00 -2.6396e+00 +1.1758e+00 -2.8221e+00 -2.4249e+00
3 +6.815377138e+00 +6.815377138e+00 -3.646462286e+01 -3.646462286e+01 -1.7641e+00 -5.4964e-01 +2.0672e+00 +9.1706e-01 +4.4815e+00
39 +4.288734965e+00 +4.288734965e+00 -3.899126503e+01 -3.899126503e+01 -7.6110e-01 +4.5623e+00 -2.4165e+00 +5.8688e-01 +2.6020e+00
43 +1.854860060e+00 +1.854860060e+00 -4.142513994e+01 -4.142513994e+01 -1.6300e+00 +3.3823e+00 -2.9328e+00 +4.7196e-01 +2.9194e+00
125 +1.051600196e+00 +1.051600196e+00 -4.222839980e+01 -4.222839980e+01 +1.4423e-01 +1.4305e+00 -2.7522e+00 +1.1429e+00 +3.0893e+00
287 +7.901660465e-01 +7.901660465e-01 -4.248983395e+01 -4.248983395e+01 -8.6964e-01 +1.9767e+00 -3.1979e+00 +1.1022e+00 +2.6751e+00
381 +4.384199734e-01 +4.384199734e-01 -4.284158003e+01 -4.284158003e+01 -6.3528e-01 +3.2021e+00 -2.6758e+00 +1.2967e+00 +3.0334e+00
547 +3.372809248e-01 +3.372809248e-01 -4.294271908e+01 -4.294271908e+01 -2.6300e-01 +2.8621e+00 -3.0153e+00 +2.1551e+00 +3.3106e+00
639 +1.774728292e-01 +1.774728292e-01 -4.310252717e+01 -4.310252717e+01 -7.0283e-01 +2.2864e+00 -3.0814e+00 +1.7736e+00 +3.0198e+00
719 +1.016624356e-01 +1.016624356e-01 -4.317833756e+01 -4.317833756e+01 -7.7009e-01 +2.5465e+00 -2.9495e+00 +1.6904e+00 +3.0907e+00
733 +7.797903076e-02 +7.797903076e-02 -4.320202097e+01 -4.320202097e+01 -7.8124e-01 +2.5087e+00 -3.0382e+00 +1.6348e+00 +2.9378e+00
752 +4.549913436e-02 +4.549913436e-02 -4.323450087e+01 -4.323450087e+01 -7.0134e-01 +2.6629e+00 -2.9484e+00 +1.6400e+00 +2.8508e+00
1197 +2.515902827e-02 +2.515902827e-02 -4.325484097e+01 -4.325484097e+01 -6.8807e-01 +2.5664e+00 -2.9689e+00 +1.6375e+00 +2.9328e+00
1347 +1.748772103e-02 +1.748772103e-02 -4.326251228e+01 -4.326251228e+01 -4.5863e-01 +2.5817e+00 -2.9446e+00 +1.6426e+00 +3.0394e+00
1747 +1.355295750e-02 +1.355295750e-02 -4.326644704e+01 -4.326644704e+01 -4.5898e-01 +2.5428e+00 -2.9271e+00 +1.5521e+00 +3.1715e+00
1840 +8.000403708e-03 +8.000403708e-03 -4.327199960e+01 -4.327199960e+01 -3.7025e-01 +2.5560e+00 -2.9316e+00 +1.6215e+00 +3.1963e+00
1947 +3.960082870e-03 +3.960082870e-03 -4.327603992e+01 -4.327603992e+01 -4.2278e-01 +2.5936e+00 -2.9136e+00 +1.5575e+00 +3.1957e+00
2712 +1.886329116e-03 +1.886329116e-03 -4.327811367e+01 -4.327811367e+01 -4.5913e-01 +2.6446e+00 -2.8946e+00 +1.5726e+00 +3.1922e+00
2872 +7.608072246e-04 +7.608072246e-04 -4.327923919e+01 -4.327923919e+01 -4.5123e-01 +2.6379e+00 -2.8995e+00 +1.5816e+00 +3.1733e+00
3334 +3.804820278e-04 +3.804820278e-04 -4.327961952e+01 -4.327961952e+01 -4.7907e-01 +2.6367e+00 -2.9041e+00 +1.6415e+00 +3.1198e+00
4441 +1.552152923e-04 +1.552152923e-04 -4.327984478e+01 -4.327984478e+01 -4.8131e-01 +2.6367e+00 -2.9037e+00 +1.6320e+00 +3.1246e+00
4857 +6.774991157e-05 +6.774991157e-05 -4.327993225e+01 -4.327993225e+01 -4.8193e-01 +2.6371e+00 -2.9038e+00 +1.6245e+00 +3.1251e+00
% function evaluation | noise-free fitness - Fopt (-3.916000000000e+01) | best noise-free fitness - Fopt | measured fitness | best measured fitness | x1 | x2...
1 +2.160240650e+01 +2.160240650e+01 -1.755759350e+01 -1.755759350e+01 -4.6839e+00 -4.2522e+00 +4.2819e+00 -2.2457e+00 +2.1434e+00
19 +6.570052974e+00 +6.570052974e+00 -3.258994703e+01 -3.258994703e+01 -2.2497e+00 +1.9392e-01 +3.7203e+00 +1.6848e+00 -2.3482e+00
29 +3.835855127e+00 +3.835855127e+00 -3.532414487e+01 -3.532414487e+01 -3.8097e+00 +4.2522e+00 +4.1326e+00 +4.3946e+00 -4.0276e+00
152 +1.683359367e+00 +1.683359367e+00 -3.747664063e+01 -3.747664063e+01 -4.7144e+00 +8.8389e-01 +2.6174e+00 +3.6714e+00 -3.1666e+00
201 +1.082826532e+00 +1.082826532e+00 -3.807717347e+01 -3.807717347e+01 -4.0133e+00 +2.0723e+00 +2.0519e+00 +3.4619e+00 -2.2499e+00
207 +8.159564516e-01 +8.159564516e-01 -3.834404355e+01 -3.834404355e+01 -4.5937e+00 +2.0192e+00 +2.6820e+00 +3.2801e+00 -2.8501e+00
283 +6.264788824e-01 +6.264788824e-01 -3.853352112e+01 -3.853352112e+01 -4.6140e+00 +2.1955e+00 +2.2733e+00 +2.7330e+00 -3.0158e+00
446 +2.010319634e-01 +2.010319634e-01 -3.895896804e+01 -3.895896804e+01 -3.9504e+00 +1.6999e+00 +2.1142e+00 +3.2141e+00 -3.0018e+00
559 +1.250186315e-01 +1.250186315e-01 -3.903498137e+01 -3.903498137e+01 -3.8441e+00 +1.8012e+00 +2.3136e+00 +3.3679e+00 -2.8760e+00
692 +8.792915472e-02 +8.792915472e-02 -3.907207085e+01 -3.907207085e+01 -3.7611e+00 +1.7465e+00 +2.4209e+00 +3.2795e+00 -2.9808e+00
1138 +5.628271884e-02 +5.628271884e-02 -3.910371728e+01 -3.910371728e+01 -3.7939e+00 +2.0637e+00 +2.4312e+00 +2.6662e+00 -2.8677e+00
1338 +3.704771215e-02 +3.704771215e-02 -3.912295229e+01 -3.912295229e+01 -3.8366e+00 +2.0492e+00 +2.4229e+00 +2.7470e+00 -2.8078e+00
1836 +2.478356357e-02 +2.478356357e-02 -3.913521644e+01 -3.913521644e+01 -3.6958e+00 +1.9903e+00 +2.4381e+00 +3.0350e+00 -2.7958e+00
2075 +7.957753402e-03 +7.957753402e-03 -3.915204225e+01 -3.915204225e+01 -3.5008e+00 +1.8632e+00 +2.6645e+00 +2.8542e+00 -3.0301e+00
3298 +5.141058573e-03 +5.141058573e-03 -3.915485894e+01 -3.915485894e+01 -3.5412e+00 +1.8789e+00 +2.6638e+00 +2.8617e+00 -3.0081e+00
3498 +3.551160046e-03 +3.551160046e-03 -3.915644884e+01 -3.915644884e+01 -3.5403e+00 +1.8758e+00 +2.6447e+00 +2.8616e+00 -3.0087e+00
3698 +2.290709260e-03 +2.290709260e-03 -3.915770929e+01 -3.915770929e+01 -3.5582e+00 +1.8711e+00 +2.5973e+00 +2.8598e+00 -3.0030e+00
4769 +1.426506873e-03 +1.426506873e-03 -3.915857349e+01 -3.915857349e+01 -3.5768e+00 +1.8685e+00 +2.5929e+00 +2.8676e+00 -3.0021e+00
% function evaluation | noise-free fitness - Fopt (-1.732800000000e+02) | best noise-free fitness - Fopt | measured fitness | best measured fitness | x1 | x2...
1 +2.171227677e+01 +2.171227677e+01 -1.515677232e+02 -1.515677232e+02 -4.1917e+00 +1.9324e+00 +2.8074e+00 +4.9151e+00 -3.1153e+00
8 +1.273730454e+01 +1.273730454e+01 -1.605426955e+02 -1.605426955e+02 -2.7778e+00 -2.6664e+00 +2.4057e+00 -4.6617e+00 +5.7392e-01
11 +8.108532353e+00 +8.108532353e+00 -1.651714676e+02 -1.651714676e+02 -4.4895e+00 -2.6198e+00 +4.7495e+00 -3.4500e+00 +1.0613e+00
46 +5.758477495e+00 +5.758477495e+00 -1.675215225e+02 -1.675215225e+02 -1.8332e+00 +1.4627e+00 +4.7634e-01 +1.0896e+00 +4.2007e-01
57 +1.738443666e+00 +1.738443666e+00 -1.715415563e+02 -1.715415563e+02 -1.8070e+00 -5.7401e-01 +3.2938e+00 -5.7936e-01 +7.9381e-01
88 +1.114216262e+00 +1.114216262e+00 -1.721657837e+02 -1.721657837e+02 -1.9212e+00 -1.0317e+00 +3.2543e+00 -1.1111e+00 +0.0000e+00
245 +9.883159525e-01 +9.883159525e-01 -1.722916840e+02 -1.722916840e+02 -2.7135e+00 -1.7623e+00 +2.3357e+00 -1.7812e+00 +2.0586e-01
246 +3.768073950e-01 +3.768073950e-01 -1.729031926e+02 -1.729031926e+02 -2.2491e+00 -6.3069e-01 +2.3035e+00 -5.6632e-01 +8.1761e-01
616 +2.508678943e-01 +2.508678943e-01 -1.730291321e+02 -1.730291321e+02 -2.2729e+00 -6.2223e-01 +2.3998e+00 -1.2319e+00 +3.7526e-01
1010 +1.384392274e-01 +1.384392274e-01 -1.731415608e+02 -1.731415608e+02 -2.4424e+00 -8.5566e-01 +2.4455e+00 -1.0389e+00 +7.4194e-01
1012 +4.696155688e-02 +4.696155688e-02 -1.732330384e+02 -1.732330384e+02 -2.8685e+00 -7.7773e-01 +2.6310e+00 -1.1784e+00 +6.0987e-01
1370 +3.743614541e-02 +3.743614541e-02 -1.732425639e+02 -1.732425639e+02 -2.6639e+00 -8.3643e-01 +2.3790e+00 -8.4400e-01 +6.9914e-01
1462 +1.035837559e-02 +1.035837559e-02 -1.732696416e+02 -1.732696416e+02 -2.7313e+00 -8.3408e-01 +2.4668e+00 -9.6503e-01 +6.7241e-01
1662 +9.446409417e-03 +9.446409417e-03 -1.732705536e+02 -1.732705536e+02 -2.9180e+00 -8.4269e-01 +2.5587e+00 -9.4963e-01 +6.5217e-01
2250 +6.209133976e-03 +6.209133976e-03 -1.732737909e+02 -1.732737909e+02 -2.8431e+00 -8.3780e-01 +2.5168e+00 -9.3661e-01 +6.5762e-01
2857 +1.014952831e-03 +1.014952831e-03 -1.732789850e+02 -1.732789850e+02 -2.8347e+00 -8.6910e-01 +2.4740e+00 -1.0242e+00 +5.8251e-01
4032 +9.398637016e-04 +9.398637016e-04 -1.732790601e+02 -1.732790601e+02 -2.8367e+00 -8.6717e-01 +2.4820e+00 -1.0310e+00 +5.8666e-01
% function evaluation | noise-free fitness - Fopt (-1.017000000000e+01) | best noise-free fitness - Fopt | measured fitness | best measured fitness | x1 | x2...
1 +8.908312651e+01 +8.908312651e+01 +7.891312651e+01 +7.891312651e+01 -2.3044e-01 +4.3603e-01 +2.7925e+00 +4.7158e+00 +3.9315e+00
2 +3.770831569e+01 +3.770831569e+01 +2.753831569e+01 +2.753831569e+01 -3.3457e+00 +1.1818e+00 -3.3982e+00 -1.8501e+00 +2.1139e+00
4 +1.875811661e+01 +1.875811661e+01 +8.588116608e+00 +8.588116608e+00 -1.0295e+00 +3.6694e+00 -1.0081e+00 +2.6408e+00 -1.8596e+00
12 +6.304329925e+00 +6.304329925e+00 -3.865670075e+00 -3.865670075e+00 +2.2211e+00 +4.5303e+00 +2.4821e+00 -2.3384e+00 +2.0408e-01
20 +1.901582007e+00 +1.901582007e+00 -8.268417993e+00 -8.268417993e+00 +1.8064e-01 +2.4115e+00 +3.3462e+00 -3.7924e-01 +2.3758e+00
100 +1.322708779e+00 +1.322708779e+00 -8.847291221e+00 -8.847291221e+00 +3.7256e-01 +2.0026e+00 +2.3836e+00 -1.4208e+00 +2.1029e+00
128 +4.114514686e-01 +4.114514686e-01 -9.758548531e+00 -9.758548531e+00 +1.2606e+00 +1.1442e+00 +3.2998e+00 -1.6794e+00 +2.6663e+00
443 +3.504265736e-01 +3.504265736e-01 -9.819573426e+00 -9.819573426e+00 +1.9760e+00 +1.4640e+00 +2.7325e+00 -1.1660e+00 +2.5057e+00
595 +2.091111725e-01 +2.091111725e-01 -9.960888827e+00 -9.960888827e+00 +1.7978e+00 +1.5722e+00 +2.6852e+00 -1.4307e+00 +2.9750e+00
641 +9.899854088e-02 +9.899854088e-02 -1.007100146e+01 -1.007100146e+01 +1.1891e+00 +1.6315e+00 +2.8352e+00 -1.7538e+00 +3.0733e+00
721 +5.877739262e-02 +5.877739262e-02 -1.011122261e+01 -1.011122261e+01 +1.3423e+00 +1.7050e+00 +2.5182e+00 -1.6482e+00 +2.9920e+00
903 +2.833251553e-02 +2.833251553e-02 -1.014166748e+01 -1.014166748e+01 +1.3143e+00 +1.6550e+00 +2.6675e+00 -1.6161e+00 +2.9710e+00
1403 +1.855202787e-02 +1.855202787e-02 -1.015144797e+01 -1.015144797e+01 +1.3453e+00 +1.6433e+00 +2.6653e+00 -1.6170e+00 +2.9263e+00
1446 +1.565007808e-02 +1.565007808e-02 -1.015434992e+01 -1.015434992e+01 +1.3250e+00 +1.6104e+00 +2.7240e+00 -1.6076e+00 +2.9175e+00
1523 +9.241244108e-03 +9.241244108e-03 -1.016075876e+01 -1.016075876e+01 +1.3597e+00 +1.6427e+00 +2.7316e+00 -1.6066e+00 +2.9292e+00
1803 +5.110158502e-03 +5.110158502e-03 -1.016488984e+01 -1.016488984e+01 +1.3656e+00 +1.7096e+00 +2.7427e+00 -1.6313e+00 +2.9818e+00
2683 +3.280631432e-03 +3.280631432e-03 -1.016671937e+01 -1.016671937e+01 +1.3645e+00 +1.6986e+00 +2.7304e+00 -1.6323e+00 +2.9634e+00
3202 +2.178051421e-03 +2.178051421e-03 -1.016782195e+01 -1.016782195e+01 +1.3903e+00 +1.7281e+00 +2.7047e+00 -1.6349e+00 +2.9739e+00
3626 +9.775626837e-04 +9.775626837e-04 -1.016902244e+01 -1.016902244e+01 +1.3945e+00 +1.7281e+00 +2.7010e+00 -1.6398e+00 +2.9689e+00
4928 +5.749574656e-04 +5.749574656e-04 -1.016942504e+01 -1.016942504e+01 +1.4143e+00 +1.7370e+00 +2.6756e+00 -1.6448e+00 +2.9587e+00
