% function evaluation | noise-free fitness - Fopt (-5.235000000000e+01) | best noise-free fitness - Fopt | measured fitness | best measured fitness | x1 | x2...
1 +5.803575167e+02 +5.803575167e+02 +5.280075167e+02 +5.280075167e+02 -1.5084e+00 +2.4638e+00 -1.5483e+00 +5.7490e-01 +1.6310e+00 +4.6278e+00 +4.9450e+00 +9.1205e-01 -4.7490e+00 +4.4648e+00
2 +2.522297887e+01 +2.522297887e+01 -2.712702113e+01 -2.712702113e+01 -1.5741e+00 +1.3120e+00 +2.6199e+00 +4.2558e+00 +2.5595e+00 +2.1602e+00 -1.8936e+00 +9.7690e-02 +2.8432e+00 +2.0162e+00
3 +2.358494649e+01 +2.358494649e+01 -2.876505351e+01 -2.876505351e+01 -1.7936e+00 -4.1986e+00 +1.2543e+00 -3.2502e+00 -3.3165e+00 +4.6817e+00 -2.3314e-01 -6.8928e-01 +2.9813e+00 -2.0711e+00
25 +1.336739396e+01 +1.336739396e+01 -3.898260604e+01 -3.898260604e+01 +8.7949e-01 +3.5560e+00 -8.5343e-01 -1.8684e+00 -4.0236e-01 +3.2219e+00 -2.8248e+00 -4.2079e+00 +1.0214e+00 -2.4541e+00
762 +4.570430746e+00 +4.570430746e+00 -4.777956925e+01 -4.777956925e+01 -2.5652e+00 +9.8297e-01 +1.1515e+00 -2.2678e+00 -2.0617e+00 +3.7835e+00 -3.6786e+00 +8.1355e-03 +2.5567e+00 -9.6321e-02
% function evaluation | noise-free fitness - Fopt (-1.795400000000e+02) | best noise-free fitness - Fopt | measured fitness | best measured fitness | x1 | x2...
1 +3.624972985e+02 +3.624972985e+02 +1.829572985e+02 +1.829572985e+02 +1.7729e-01 +4.2572e+00 -2.2527e+00 -3.1194e-01 -4.4884e+00 +1.8580e+00 -1.6772e+00 +5.1724e-01 -7.7764e-01 +3.7755e+00
2 +1.400966766e+02 +1.400966766e+02 -3.944332340e+01 -3.944332340e+01 -4.0631e+00 -1.1333e-01 +1.7177e+00 -3.7945e+00 +2.3904e+00 -3.1188e+00 +4.3388e+00 -4.7650e+00 +1.5713e+00 -4.8889e+00
3 +5.097882780e+01 +5.097882780e+01 -1.285611722e+02 -1.285611722e+02 -6.2548e-01 +3.3397e+00 -4.3588e+00 -1.3201e+00 +7.2355e-01 -3.4366e+00 +2.5619e+00 +1.2328e+00 +2.3426e+00 +2.7728e+00
6 +3.626529580e+01 +3.626529580e+01 -1.432747042e+02 -1.432747042e+02 -1.8519e+00 +6.7967e-01 -3.0892e+00 +4.8589e+00 +2.1855e+00 +3.0849e+00 +4.1595e+00 -2.5666e+00 +2.4683e-01 +2.4541e+00
18 +1.678813285e+01 +1.678813285e+01 -1.627518672e+02 -1.627518672e+02 -2.6083e+00 +7.9924e-01 -2.0868e+00 +5.0353e-01 +6.2736e-01 +1.6300e+00 +2.7140e+00 +3.4131e+00 -3.4578e-01 -2.2364e+00
107 +8.516854542e+00 +8.516854542e+00 -1.710231455e+02 -1.710231455e+02 +7.3707e-01 -2.2629e+00 -1.4547e+00 +3.5622e+00 -7.7515e-01 -7.8037e-01 +3.3215e+00 +3.8686e+00 +1.0127e+00 -4.5129e-01
4938 +5.740434980e+00 +5.740434980e+00 -1.737995650e+02 -1.737995650e+02 +1.1247e+00 -3.5459e-01 -2.8312e+00 +4.0965e+00 +8.4097e-01 -5.6989e-01 +1.7565e+00 +3.8313e+00 -8.7054e-01 +7.9784e-01
% function evaluation | noise-free fitness - Fopt (7.731000000000e+01) | best noise-free fitness - Fopt | measured fitness | best measured fitness | x1 | x2...
1 +7.232475878e+01 +7.232475878e+01 +1.496347588e+02 +1.496347588e+02 -4.3771e+00 -1.5082e+00 +2.7773e+00 +1.9497e+00 +2.1526e+00 +1.4223e+00 +4.9314e-01 -6.0631e-01 -2.0825e+00 +2.1594e+00
2 +5.580464514e+01 +5.580464514e+01 +1.331146451e+02 +1.331146451e+02 +4.4959e+00 +3.4161e+00 +3.0514e+00 +4.4335e+00 -1.6208e+00 -1.1667e-01 +4.0329e+00 -4.8216e+00 -4.6011e+00 +3.8021e+00
8 +3.223505360e+01 +3.223505360e+01 +1.095450536e+02 +1.095450536e+02 +4.2757e+00 +1.9681e+00 +3.7405e+00 +2.8314e+00 -5.5674e-01 +1.0322e+00 +5.4918e-01 -2.0272e+00 +2.9597e+00 +8.9371e-02
14 +1.536225360e+01 +1.536225360e+01 +9.267225360e+01 +9.267225360e+01 +3.8285e+00 +2.4301e-01 -3.4470e+00 -4.0693e-01 -4.6596e+00 -1.1934e+00 -4.6198e+00 -2.7713e+00 +3.6739e-02 +2.3654e+00
18 +7.578656661e+00 +7.578656661e+00 +8.488865666e+01 +8.488865666e+01 -7.8709e-01 -4.5401e-01 -1.4330e+00 -1.3096e+00 -7.2905e-01 -3.0431e+00 +2.0548e+00 -4.3021e+00 -8.7586e-01 +4.2879e+00
2834 +5.329124493e+00 +5.329124493e+00 +8.263912449e+01 +8.263912449e+01 +1.8010e+00 -1.4349e+00 -1.0018e+00 -2.5695e+00 +3.4821e+00 -3.2262e+00 +2.8324e+00 -2.4666e+00 +1.5504e+00 +3.9072e+00
% function evaluation | noise-free fitness - Fopt (3.992000000000e+01) | best noise-free fitness - Fopt | measured fitness | best measured fitness | x1 | x2...
1 +8.713781446e+01 +8.713781446e+01 +1.270578145e+02 +1.270578145e+02 +1.4130e+00 +3.7634e+00 +1.9748e+00 +2.4901e+00 -3.2365e+00 -3.8284e+00 -1.6977e+00 -3.3043e+00 +1.0574e+00 +1.0075e+00
5 +4.713857213e+01 +4.713857213e+01 +8.705857213e+01 +8.705857213e+01 +3.7373e+00 -3.3048e+00 +4.2685e+00 -3.3205e+00 +4.8411e+00 -3.2846e+00 -2.1012e+00 +1.4829e+00 +8.3751e-01 -7.1043e-01
10 +2.501242061e+01 +2.501242061e+01 +6.493242061e+01 +6.493242061e+01 -2.5676e+00 -2.4683e+00 +4.5890e+00 -4.3614e+00 -2.7301e+00 +3.7594e+00 -2.3439e-01 -3.5438e+00 -7.7386e-01 +2.6078e+00
58 +1.529824556e+01 +1.529824556e+01 +5.521824556e+01 +5.521824556e+01 -4.6799e+00 +4.4754e+00 +4.4263e+00 +8.8994e-01 -1.3662e+00 -8.5914e-01 +2.3710e-01 +1.2466e+00 -2.6394e-01 +2.8604e+00
1338 +6.009575866e+00 +6.009575866e+00 +4.592957587e+01 +4.592957587e+01 +4.2454e+00 +1.2393e+00 +2.3502e+00 -2.8112e+00 -2.2803e+00 +1.6003e+00 -4.2630e-01 -1.1078e+00 +3.3387e+00 +3.6263e+00
% function evaluation | noise-free fitness - Fopt (-5.661000000000e+01) | best noise-free fitness - Fopt | measured fitness | best measured fitness | x1 | x2...
1 +1.127898794e+02 +1.127898794e+02 +5.617987940e+01 +5.617987940e+01 +9.7688e-01 +3.8706e+00 +1.1433e+00 +2.0577e-01 +2.8623e+00 -3.9027e+00 +1.0064e+00 -2.0562e+00 +6.3337e-01 -3.9219e-01
5 +4.125571605e+01 +4.125571605e+01 -1.535428395e+01 -1.535428395e+01 +2.9180e+00 +3.1532e+00 -2.2578e-01 -4.9851e+00 -4.3425e+00 -1.3252e+00 +2.9638e+00 +2.0658e+00 -3.1687e+00 -1.9742e+00
104 +1.921933545e+01 +1.921933545e+01 -3.739066455e+01 -3.739066455e+01 +3.2461e+00 +3.8104e-02 +8.7195e-01 -2.2212e+00 -1.8498e+00 +4.2014e+00 +1.4247e+00 -3.0694e+00 -1.6691e+00 -2.5144e+00
351 +1.263562243e+01 +1.263562243e+01 -4.397437757e+01 -4.397437757e+01 +1.5105e+00 +4.8158e+00 +3.9779e+00 -2.2179e+00 -4.9416e+00 +1.5548e+00 +3.0892e+00 -1.7178e+00 -4.8596e+00 -2.2363e-01
435 +7.304612173e+00 +7.304612173e+00 -4.930538783e+01 -4.930538783e+01 +1.6850e+00 +2.9519e+00 +3.1710e+00 -4.6424e+00 -1.3747e+00 +6.2632e-01 +2.5437e-01 -3.9799e+00 -2.7214e+00 +1.5790e+00
4322 +5.392441565e+00 +5.392441565e+00 -5.121755843e+01 -5.121755843e+01 +1.8894e+00 +2.1551e+00 +3.7678e+00 -1.6267e+00 -3.4386e+00 +1.3960e+00 +4.7285e+00 -1.0429e+00 -2.4429e+00 -1.1312e-01
% function evaluation | noise-free fitness - Fopt (5.134000000000e+01) | best noise-free fitness - Fopt | measured fitness | best measured fitness | x1 | x2...
1 +9.664568743e+01 +9.664568743e+01 +1.479856874e+02 +1.479856874e+02 -4.9444e+00 +3.9115e+00 +1.9946e+00 -9.0456e-01 +6.5957e-01 +3.0949e+00 +4.4985e+00 -4.2599e+00 +5.0120e-01 +1.9443e+00
2 +3.138997856e+01 +3.138997856e+01 +8.272997856e+01 +8.272997856e+01 +3.5692e-01 +2.0487e+00 -1.6775e+00 -4.4858e+00 -1.1222e+00 +4.5522e+00 -2.8523e+00 -8.9342e-01 +1.2024e+00 +3.1996e+00
6 +1.667271249e+01 +1.667271249e+01 +6.801271249e+01 +6.801271249e+01 +5.1730e-01 -1.8612e+00 +1.6456e+00 +3.1610e+00 -1.2450e+00 -1.2222e+00 -3.8895e+00 -1.1269e-02 -3.4531e+00 -9.0910e-01
26 +9.851691761e+00 +9.851691761e+00 +6.119169176e+01 +6.119169176e+01 -4.7558e+00 +1.0527e+00 -2.8123e-01 -3.5571e-01 -8.1483e-01 +3.9478e+00 -2.3661e+00 -1.4556e+00 -5.2780e-01 +3.6254e+00
536 +5.122436398e+00 +5.122436398e+00 +5.646243640e+01 +5.646243640e+01 -2.5605e+00 -2.8545e+00 -1.6255e-01 +1.8041e+00 +1.0874e-01 +8.2759e-01 -3.5883e+00 +5.1659e-01 -9.1684e-01 +2.1651e+00
% function evaluation | noise-free fitness - Fopt (-1.244000000000e+02) | best noise-free fitness - Fopt | measured fitness | best measured fitness | x1 | x2...
1 +3.313140328e+01 +3.313140328e+01 -9.126859672e+01 -9.126859672e+01 -1.0122e+00 +3.1604e-01 +7.0524e-02 +1.7348e+00 +1.2916e+00 +1.5477e-01 +9.4891e-01 -3.4027e+00 -4.6496e+00 -1.2356e-01
4 +2.197277341e+01 +2.197277341e+01 -1.024272266e+02 -1.024272266e+02 -5.2564e-01 -3.3146e+00 -4.9455e+00 -1.0628e+00 -4.5223e+00 -2.3407e+00 +2.7319e+00 +2.8405e+00 -4.2026e+00 -4.6441e-01
151 +1.530833110e+01 +1.530833110e+01 -1.090916689e+02 -1.090916689e+02 -2.1345e-01 -3.8085e-01 +2.0821e+00 +8.1435e-01 -2.6515e-01 -2.1467e+00 +3.9901e-02 +2.7853e-01 -4.9053e+00 +2.5781e+00
576 +8.011520761e+00 +8.011520761e+00 -1.163884792e+02 -1.163884792e+02 -7.0267e-01 +9.7056e-01 +2.0002e+00 -3.7428e+00 -4.0182e+00 -2.0315e+00 -2.8292e+00 +6.7256e-01 +2.8761e-01 +2.9523e+00
1541 +4.833549814e+00 +4.833549814e+00 -1.195664502e+02 -1.195664502e+02 +1.6200e+00 +1.2707e+00 +2.6012e+00 -2.8193e+00 -3.0799e+00 -3.9303e+00 +3.2423e+00 +1.2706e+00 +1.8505e+00 +2.0122e+00
2134 +3.381599334e+00 +3.381599334e+00 -1.210184007e+02 -1.210184007e+02 -2.8793e-01 +1.9437e+00 +6.7295e-01 -3.1101e+00 -2.1335e+00 -4.4906e+00 -7.3956e-02 +1.0866e+00 +9.2525e-01 +1.8327e+00
% function evaluation | noise-free fitness - Fopt (6.000000000000e-01) | best noise-free fitness - Fopt | measured fitness | best measured fitness | x1 | x2...
1 +5.982749389e+01 +5.982749389e+01 +6.042749389e+01 +6.042749389e+01 +1.5404e+00 +2.4726e+00 +1.7944e+00 +4.2797e+00 -4.1556e+00 +2.3384e+00 +1.5643e+00 +1.9954e+00 +4.3537e-01 +4.4215e+00
2 +3.687759835e+01 +3.687759835e+01 +3.747759835e+01 +3.747759835e+01 +2.9628e+00 -3.9835e+00 +2.3107e+00 +2.5235e+00 -3.0883e+00 -2.7091e+00 -3.7890e+00 +4.7118e+00 +3.3066e+00 -1.3015e+00
8 +2.258227580e+01 +2.258227580e+01 +2.318227580e+01 +2.318227580e+01 +3.7778e+00 -3.7539e+00 +3.3396e+00 +3.4556e+00 +2.7709e+00 -3.8293e+00 -3.7726e+00 +1.2133e+00 -4.1239e+00 -3.8800e+00
70 +1.221251524e+01 +1.221251524e+01 +1.281251524e+01 +1.281251524e+01 +1.9716e+00 -1.2148e+00 -3.1774e+00 +3.0460e+00 -1.8892e+00 -4.4136e+00 -2.7090e+00 +2.0718e+00 -6.7361e-01 -4.7313e+00
1452 +8.910306309e+00 +8.910306309e+00 +9.510306309e+00 +9.510306309e+00 +2.3982e-01 -1.7046e+00 -9.5073e-01 +4.0130e+00 +2.0010e-01 -3.3626e+00 -3.7097e+00 -1.3194e+00 -1.2617e+00 -1.2711e+00
3832 +5.549599365e+00 +5.549599365e+00 +6.149599365e+00 +6.149599365e+00 +3.4550e+00 -4.4515e+00 +4.3469e-01 +3.8801e+00 -1.2202e+00 -1.0056e+00 -3.1625e+00 +1.0060e+00 -1.8066e+00 -6.9234e-01
% function evaluation | noise-free fitness - Fopt (-4.071000000000e+01) | best noise-free fitness - Fopt | measured fitness | best measured fitness | x1 | x2...
1 +1.054971307e+02 +1.054971307e+02 +6.478713066e+01 +6.478713066e+01 -1.1777e+00 +1.9804e+00 +8.0497e-01 -3.6697e+00 -4.0485e+00 +5.0040e-01 +1.0520e+00 +3.6108e+00 +4.4687e-01 -6.7528e-01
2 +1.422600574e+01 +1.422600574e+01 -2.648399426e+01 -2.648399426e+01 +2.1009e+00 +1.3329e+00 +7.6558e-02 +4.6576e+00 -1.7908e+00 -2.4592e+00 +2.0256e+00 -1.9547e+00 -1.0271e-01 +2.7817e-01
89 +7.452318070e+00 +7.452318070e+00 -3.325768193e+01 -3.325768193e+01 +2.7817e+00 -2.1681e+00 +3.0966e+00 +1.2140e+00 +7.1533e-01 -6.1914e-01 +1.6270e+00 -1.8945e+00 -1.3048e+00 +8.8751e-01
708 +5.721842963e+00 +5.721842963e+00 -3.498815704e+01 -3.498815704e+01 -8.0247e-01 -7.5801e-01 +5.1264e-01 +4.4072e+00 -3.0119e+00 -3.3540e+00 +1.0422e+00 +6.9492e-01 -1.1816e+00 +1.1320e+00
2371 +3.696843494e+00 +3.696843494e+00 -3.701315651e+01 -3.701315651e+01 -5.3560e-01 -1.8803e+00 +1.4978e+00 +2.8529e+00 -9.6265e-01 -2.4576e+00 +1.0161e+00 +2.7114e-01 +2.0394e-01 -1.4305e+00
% function evaluation | noise-free fitness - Fopt (8.143200000000e+02) | best noise-free fitness - Fopt | measured fitness | best measured fitness | x1 | x2...
1 +3.213154822e+02 +3.213154822e+02 +1.135635482e+03 +1.135635482e+03 +4.2028e+00 +4.3930e+00 -1.7376e+00 +3.2730e+00 -1.2257e+00 -4.4503e+00 -3.2430e+00 +1.8387e+00 +2.8981e+00 -2.8711e+00
2 +8.586764617e+01 +8.586764617e+01 +9.001876462e+02 +9.001876462e+02 -8.7989e-01 -3.8418e-01 +2.2646e+00 +3.3400e+00 -4.5227e+00 -4.3794e+00 +2.7946e+00 -3.5404e-01 +2.9897e+00 -4.3356e+00
4 +3.183536113e+01 +3.183536113e+01 +8.461553611e+02 +8.461553611e+02 +2.1421e+00 +2.0384e+00 +1.3215e+00 -3.4409e+00 -3.6046e+00 +3.6431e+00 +1.3244e+00 +1.1295e+00 -1.6634e+00 +3.2804e+00
20 +2.226632279e+01 +2.226632279e+01 +8.365863228e+02 +8.365863228e+02 +4.6795e+00 -3.6323e+00 +3.3527e+00 +1.6498e+00 -1.3424e+00 -1.1615e+00 +2.4671e+00 +3.3901e+00 +1.7783e-01 -3.8459e+00
23 +1.582858055e+01 +1.582858055e+01 +8.301485805e+02 +8.301485805e+02 -3.5871e+00 +4.2890e+00 +3.1100e+00 -3.0816e+00 +1.9282e+00 +2.6366e+00 +2.1191e+00 -2.0589e+00 -4.0185e+00 +5.2266e-01
2356 +9.750601076e+00 +9.750601076e+00 +8.240706011e+02 +8.240706011e+02 -3.8887e-01 -4.1469e+00 +2.9006e-01 +7.4684e-01 +7.7496e-01 +3.3070e+00 +2.6684e+00 +1.2541e+00 +1.3250e+00 -4.0411e-02
% function evaluation | noise-free fitness - Fopt (-6.205000000000e+01) | best noise-free fitness - Fopt | measured fitness | best measured fitness | x1 | x2...
1 +1.708180707e+02 +1.708180707e+02 +1.087680707e+02 +1.087680707e+02 -4.3196e+00 +3.1778e+00 +3.0839e+00 +3.3274e+00 +6.7594e-01 -3.9591e+00 +2.5631e+00 +3.2896e+00 +4.7265e+00 +2.5415e+00
2 +5.454698793e+01 +5.454698793e+01 -7.503012073e+00 -7.503012073e+00 -4.0086e+00 -4.8990e+00 -1.8570e+00 -2.1576e+00 -3.2559e+00 -1.1792e+00 +1.3278e+00 -1.4339e+00 -2.7379e+00 +2.6399e+00
4 +2.323386720e+01 +2.323386720e+01 -3.881613280e+01 -3.881613280e+01 -1.2053e+00 -3.1238e+00 -4.0930e+00 -3.4977e-01 +9.8256e-01 -2.1730e+00 -2.6706e+00 -3.8195e+00 -1.6937e+00 +3.2071e+00
53 +1.248108298e+01 +1.248108298e+01 -4.956891702e+01 -4.956891702e+01 +2.4788e+00 +3.8097e+00 -1.0418e+00 +2.2338e-01 -2.1790e+00 -2.2979e+00 -1.2417e+00 +1.0568e+00 -4.2566e+00 +1.7966e+00
900 +9.474452704e+00 +9.474452704e+00 -5.257554730e+01 -5.257554730e+01 +4.0560e+00 +8.5865e-01 -4.6206e-01 +3.9487e-01 -4.5558e+00 -4.0869e+00 -1.3406e+00 -2.8830e+00 -1.0752e+00 -1.4427e+00
% function evaluation | noise-free fitness - Fopt (-4.328000000000e+01) | best noise-free fitness - Fopt | measured fitness | best measured fitness | x1 | x2...
1 +5.416159408e+01 +5.416159408e+01 +1.088159408e+01 +1.088159408e+01 -9.3712e-01 -1.2229e+00 -2.7281e+00 -1.8992e-01 -7.8558e-01 -2.4073e+00 -2.9785e+00 +5.0028e-03 -4.2237e+00 +4.8643e+00
26 +2.727437185e+01 +2.727437185e+01 -1.600562815e+01 -1.600562815e+01 -6.9469e-01 +4.4777e+00 -1.7036e+00 +3.8198e+00 +1.2969e+00 +2.7113e+00 -4.2251e+00 -1.6654e+00 -4.5845e+00 -1.4897e+00
37 +1.377320181e+01 +1.377320181e+01 -2.950679819e+01 -2.950679819e+01 +6.2130e-01 +2.4394e-01 +5.9977e-01 +1.3992e+00 -5.3773e-01 +1.0905e-01 -4.2974e+00 +1.6684e-01 +3.7190e+00 +1.1122e-01
1401 +6.771152269e+00 +6.771152269e+00 -3.650884773e+01 -3.650884773e+01 +1.7659e+00 +2.0255e+00 -3.9909e+00 +3.0686e+00 +3.1774e+00 -1.7966e+00 -4.8626e+00 -6.4159e-01 +3.1005e+00 -7.6811e-01
4401 +4.179746376e+00 +4.179746376e+00 -3.910025362e+01 -3.910025362e+01 +1.1598e-01 -1.8387e-01 -3.4652e+00 +2.3753e+00 +3.0328e+00 -3.4869e+00 -3.5754e+00 +2.5351e-01 +2.5980e+00 -1.0369e+00
% function evaluation | noise-free fitness - Fopt (-3.916000000000e+01) | best noise-free fitness - Fopt | measured fitness | best measured fitness | x1 | x2...
1 +5.484368466e+02 +5.484368466e+02 +5.092768466e+02 +5.092768466e+02 +6.3836e-01 -3.2878e+00 -4.8635e+00 +7.7128e-01 -2.9982e+00 -4.5864e+00 +1.7744e+00 +4.8867e+00 -3.4691e+00 +8.6456e-01
2 +1.198996674e+02 +1.198996674e+02 +8.073966738e+01 +8.073966738e+01 -4.2076e+00 +2.5798e+00 +1.1753e+00 -1.0568e+00 +9.5368e-01 -3.4654e+00 +4.5929e+00 -4.2370e+00 -3.8872e-01 -2.9690e+00
8 +2.927609200e+01 +2.927609200e+01 -9.883908004e+00 -9.883908004e+00 -6.5203e-01 +1.8262e+00 -1.9873e+00 -6.7846e-01 +2.6472e+00 +2.9577e+00 +2.6865e+00 -1.7654e+00 +3.1080e+00 +2.6639e+00
14 +2.348872111e+01 +2.348872111e+01 -1.567127889e+01 -1.567127889e+01 -4.8664e+00 +3.1521e+00 -3.8035e+00 +4.0106e-01 -4.2065e+00 +2.0170e+00 +3.9414e-01 -7.9520e-01 +1.9928e+00 +4.5686e+00
115 +8.230028419e+00 +8.230028419e+00 -3.092997158e+01 -3.092997158e+01 -3.5334e+00 +8.8152e-01 -1.1507e+00 +1.5077e+00 -1.0421e+00 -6.1590e-01 +9.8615e-01 -1.1738e+00 -1.7891e+00 +3.2723e+00
3307 +5.927243101e+00 +5.927243101e+00 -3.323275690e+01 -3.323275690e+01 -2.6495e+00 -3.4326e-01 +1.2626e+00 +2.0022e+00 -1.5370e+00 +7.4909e-01 +2.0731e+00 -7.8503e-01 -1.5464e+00 +1.5646e+00
% function evaluation | noise-free fitness - Fopt (-1.732800000000e+02) | best noise-free fitness - Fopt | measured fitness | best measured fitness | x1 | x2...
1 +6.162862661e+01 +6.162862661e+01 -1.116513734e+02 -1.116513734e+02 -2.4709e+00 -1.4422e-01 -3.0127e+00 -3.0532e+00 -8.4230e-01 -2.7580e+00 +1.0155e+00 +4.8409e+00 +4.7739e+00 +4.1920e+00
8 +3.913443303e+01 +3.913443303e+01 -1.341455670e+02 -1.341455670e+02 -4.0882e+00 -4.3342e+00 +3.8579e+00 +1.1207e+00 +1.4845e+00 -2.8783e+00 -1.4014e+00 +2.8017e-01 +1.2807e+00 -4.2147e+00
15 +2.450164922e+01 +2.450164922e+01 -1.487783508e+02 -1.487783508e+02 -2.0952e+00 -8.2997e-01 +2.6257e+00 +2.9278e+00 -1.1858e+00 +4.7377e+00 -1.0838e+00 +4.7742e+00 +1.3198e+00 -2.9981e+00
70 +1.490610884e+01 +1.490610884e+01 -1.583738912e+02 -1.583738912e+02 +2.8613e+00 -8.3565e-01 +3.5541e+00 +1.0419e+00 -2.0259e-01 +3.9581e+00 -2.1374e+00 -1.7426e-01 +5.0859e-01 +3.1094e+00
217 +8.291281188e+00 +8.291281188e+00 -1.649887188e+02 -1.649887188e+02 -4.0655e+00 -8.8539e-01 +2.9809e+00 +1.6384e+00 +6.3960e-01 +2.6105e+00 +2.7663e-01 +2.0374e+00 -2.4995e+00 +1.0177e-01
1237 +5.106550512e+00 +5.106550512e+00 -1.681734495e+02 -1.681734495e+02 -5.7627e-01 +8.3029e-01 +1.5027e+00 -1.1741e+00 +1.6417e+00 +2.3518e+00 -1.7024e+00 +1.3228e+00 -1.8199e+00 +4.0943e+00
2201 +3.746894568e+00 +3.746894568e+00 -1.695331054e+02 -1.695331054e+02 -2.5263e+00 -1.3151e+00 +3.0835e+00 -1.4574e+00 +5.3853e-01 +1.7632e+00 -3.4327e+00 +1.4124e+00 -1.5575e+00 +1.8524e-01
% function evaluation | noise-free fitness - Fopt (-1.017000000000e+01) | best noise-free fitness - Fopt | measured fitness | best measured fitness | x1 | x2...
1 +1.986537473e+02 +1.986537473e+02 +1.884837473e+02 +1.884837473e+02 +4.6279e+00 +2.7444e+00 +1.7280e+00 -1.9086e+00 -3.8099e+00 +7.2918e-01 +4.4873e+00 +1.9412e+00 +9.3910e-02 -4.3910e-02
3 +1.087709229e+02 +1.087709229e+02 +9.860092287e+01 +9.860092287e+01 -1.8513e+00 -4.9794e+00 +2.3302e+00 -1.6243e+00 +3.6129e+00 -4.5108e+00 +4.9883e+00 +2.0596e+00 -2.2365e+00 +1.7827e+00
5 +7.586879598e+01 +7.586879598e+01 +6.569879598e+01 +6.569879598e+01 +4.1692e+00 +1.9155e+00 -1.3977e+00 -4.7004e+00 +8.1966e-01 +1.1781e+00 -4.3131e+00 -2.5453e+00 +2.6246e+00 -1.7951e+00
10 +5.872016351e+01 +5.872016351e+01 +4.855016351e+01 +4.855016351e+01 -3.2325e+00 +3.2013e+00 +4.8593e+00 +4.0686e+00 -1.9564e+00 -8.5374e-01 -4.5853e-02 +2.6835e+00 +2.1366e+00 +1.8300e-01
11 +3.413295237e+01 +3.413295237e+01 +2.396295237e+01 +2.396295237e+01 +4.4849e+00 +3.6565e+00 +1.3084e+00 -2.1390e+00 +1.0165e+00 +3.3390e+00 -1.3063e+00 +1.8954e-01 +2.2400e+00 +4.2595e+00
13 +1.211933789e+01 +1.211933789e+01 +1.949337894e+00 +1.949337894e+00 +4.7030e+00 -3.1162e+00 +5.3182e-01 +6.4364e-01 +5.3361e-02 -2.4702e+00 -3.6113e+00 +2.0160e+00 -2.8094e+00 +2.4321e+00
1275 +8.962444099e+00 +8.962444099e+00 -1.207555901e+00 -1.207555901e+00 +2.7459e+00 +5.8884e-01 +1.2341e+00 -2.5279e+00 +4.0691e+00 +1.0836e-01 -4.3069e+00 +2.2911e+00 -3.3259e+00 -3.4725e-01
