% function evaluation | noise-free fitness - Fopt (-5.235000000000e+01) | best noise-free fitness - Fopt | measured fitness | best measured fitness | x1 | x2...
1 +1.480635421e+02 +1.480635421e+02 +9.571354215e+01 +9.571354215e+01 +1.8420e+00 +1.5337e+00 -2.5378e+00 -2.9230e+00 -6.7465e-01
2 +1.600689770e+01 +1.600689770e+01 -3.634310230e+01 -3.634310230e+01 -2.8049e+00 +3.4558e+00 +2.8726e+00 +3.1295e-01 -9.7691e-01
5 +1.546362291e+01 +1.546362291e+01 -3.688637709e+01 -3.688637709e+01 +4.8957e+00 -1.5138e+00 +4.6952e+00 -2.1052e+00 +3.8095e-01
19 +1.535503156e+00 +1.535503156e+00 -5.081449684e+01 -5.081449684e+01 -7.7924e-01 -2.2116e+00 +3.1400e+00 -1.9514e+00 -7.8669e-01
% function evaluation | noise-free fitness - Fopt (-1.795400000000e+02) | best noise-free fitness - Fopt | measured fitness | best measured fitness | x1 | x2...
1 +2.420572857e+02 +2.420572857e+02 +6.251728573e+01 +6.251728573e+01 -1.2825e+00 -2.8115e+00 -1.4174e+00 -3.0192e-01 -2.1644e+00
2 +4.515972106e+01 +4.515972106e+01 -1.343802789e+02 -1.343802789e+02 +4.2774e+00 +2.3334e-01 +8.7180e-01 -7.7587e-01 +8.3902e-01
4 +2.607983605e+01 +2.607983605e+01 -1.534601640e+02 -1.534601640e+02 -4.4116e+00 -8.9542e-01 -3.8905e+00 +3.3098e+00 -1.8809e-01
21 +1.250226170e+01 +1.250226170e+01 -1.670377383e+02 -1.670377383e+02 -5.5729e-01 +4.0067e+00 -3.2371e+00 +3.9497e+00 -2.6043e+00
75 +5.041214144e+00 +5.041214144e+00 -1.744987859e+02 -1.744987859e+02 -5.8791e-02 +3.6573e-02 -1.2849e+00 +3.6224e+00 +2.6204e+00
91 +9.943654968e-01 +9.943654968e-01 -1.785456345e+02 -1.785456345e+02 +8.7342e-01 +3.7509e-01 -3.9733e+00 +3.5604e+00 +3.3941e+00
% function evaluation | noise-free fitness - Fopt (7.731000000000e+01) | best noise-free fitness - Fopt | measured fitness | best measured fitness | x1 | x2...
1 +3.813708213e+01 +3.813708213e+01 +1.154470821e+02 +1.154470821e+02 -1.6004e+00 +1.8027e+00 -4.2650e+00 +3.2721e+00 +2.2918e+00
5 +1.687435017e+01 +1.687435017e+01 +9.418435017e+01 +9.418435017e+01 +3.2433e+00 -4.3277e+00 -2.0889e+00 +1.6503e-01 +1.1282e+00
21 +7.438565243e+00 +7.438565243e+00 +8.474856524e+01 +8.474856524e+01 +1.7185e-01 -2.4209e+00 -8.6660e-01 -3.2440e-01 +5.2542e-02
31 +5.525589467e+00 +5.525589467e+00 +8.283558947e+01 +8.283558947e+01 +1.2619e+00 -7.2768e-01 -3.2312e+00 -3.5422e+00 -2.3434e+00
330 +3.978102561e+00 +3.978102561e+00 +8.128810256e+01 +8.128810256e+01 +9.5962e-01 -2.8289e+00 -2.4101e+00 -3.7622e+00 +8.8870e-01
749 +2.499762704e+00 +2.499762704e+00 +7.980976270e+01 +7.980976270e+01 +7.6192e-01 -1.6318e+00 -3.8386e+00 -2.3196e+00 +2.6084e-01
1803 +1.537935902e+00 +1.537935902e+00 +7.884793590e+01 +7.884793590e+01 -5.2267e-01 -1.7755e-01 -2.0774e+00 -1.8763e+00 +3.6770e-01
4852 +8.950711103e-01 +8.950711103e-01 +7.820507111e+01 +7.820507111e+01 +5.6863e-01 -1.8368e-01 -2.2915e+00 -2.0954e+00 +1.9661e+00
% function evaluation | noise-free fitness - Fopt (3.992000000000e+01) | best noise-free fitness - Fopt | measured fitness | best measured fitness | x1 | x2...
1 +1.505917602e+02 +1.505917602e+02 +1.905117602e+02 +1.905117602e+02 +3.7164e-01 +4.9904e+00 -4.2231e+00 +2.5690e+00 -4.7019e+00
2 +5.972245629e+01 +5.972245629e+01 +9.964245629e+01 +9.964245629e+01 -3.2295e+00 +1.5991e+00 +2.9453e+00 -1.7626e+00 -2.5246e+00
8 +2.253336570e+01 +2.253336570e+01 +6.245336570e+01 +6.245336570e+01 -2.9130e+00 +5.7639e-01 +2.9091e+00 -1.1245e+00 +1.9199e+00
14 +1.569914091e+01 +1.569914091e+01 +5.561914091e+01 +5.561914091e+01 -4.8542e+00 +2.9507e+00 +1.1094e+00 +3.9680e+00 +3.3928e+00
18 +5.008987872e+00 +5.008987872e+00 +4.492898787e+01 +4.492898787e+01 +2.5541e+00 -7.2067e-01 -7.0477e-02 -2.0005e+00 -2.1685e+00
325 +2.096862947e+00 +2.096862947e+00 +4.201686295e+01 +4.201686295e+01 +2.7926e+00 +2.5552e-01 +2.1478e+00 -1.0306e+00 -2.0799e+00
933 +9.215757097e-01 +9.215757097e-01 +4.084157571e+01 +4.084157571e+01 +4.3551e+00 -2.0201e+00 +2.7442e+00 -2.7985e+00 -1.6221e+00
% function evaluation | noise-free fitness - Fopt (-5.661000000000e+01) | best noise-free fitness - Fopt | measured fitness | best measured fitness | x1 | x2...
1 +5.662060922e+01 +5.662060922e+01 +1.060922168e-02 +1.060922168e-02 +7.1541e-01 -7.1953e-01 -5.1819e-01 -1.3787e+00 +3.2535e+00
6 +2.499812334e+01 +2.499812334e+01 -3.161187666e+01 -3.161187666e+01 +3.6732e+00 +2.0660e+00 +1.5949e+00 +4.9267e+00 +2.7461e+00
7 +1.126710407e+01 +1.126710407e+01 -4.534289593e+01 -4.534289593e+01 +1.9250e+00 -2.5722e+00 +3.3511e+00 -3.5825e+00 -2.4573e+00
12 +6.970929707e+00 +6.970929707e+00 -4.963907029e+01 -4.963907029e+01 +2.4935e-01 +2.4444e+00 +1.0917e-01 -3.8335e+00 -4.0070e+00
61 +5.967888757e+00 +5.967888757e+00 -5.064211124e+01 -5.064211124e+01 +1.6301e+00 +4.7627e+00 +1.1976e+00 -4.9125e+00 -3.2235e+00
133 +2.359994134e+00 +2.359994134e+00 -5.425000587e+01 -5.425000587e+01 +1.9424e+00 +2.6370e+00 +2.5371e+00 -2.6507e+00 -4.8938e+00
2942 +7.611904154e-01 +7.611904154e-01 -5.584880958e+01 -5.584880958e+01 +1.0512e+00 +3.3369e+00 +2.6469e+00 -3.2479e+00 -3.0453e+00
% function evaluation | noise-free fitness - Fopt (5.134000000000e+01) | best noise-free fitness - Fopt | measured fitness | best measured fitness | x1 | x2...
1 +1.711938868e+02 +1.711938868e+02 +2.225338868e+02 +2.225338868e+02 +3.0025e+00 +3.5756e+00 -3.2731e+00 +4.1030e+00 +2.5416e+00
2 +7.928236021e+01 +7.928236021e+01 +1.306223602e+02 +1.306223602e+02 +4.6664e+00 -1.1424e+00 +4.6377e+00 -3.1763e+00 +1.1594e+00
3 +5.878039909e+01 +5.878039909e+01 +1.101203991e+02 +1.101203991e+02 +4.8929e+00 -1.4412e+00 -1.0646e+00 +3.4253e+00 +6.3558e-01
6 +1.472822827e+01 +1.472822827e+01 +6.606822827e+01 +6.606822827e+01 +1.1661e+00 -2.4613e+00 +1.6088e+00 +2.0401e+00 -2.8863e-01
7 +8.393808229e+00 +8.393808229e+00 +5.973380823e+01 +5.973380823e+01 -3.6159e+00 +9.2071e-01 -1.9466e+00 -2.0619e+00 +4.2177e+00
15 +5.868559343e+00 +5.868559343e+00 +5.720855934e+01 +5.720855934e+01 -2.1861e+00 +4.0316e-02 -1.5760e+00 +2.4276e+00 +2.6918e+00
213 +3.782730725e+00 +3.782730725e+00 +5.512273072e+01 +5.512273072e+01 -3.7648e+00 -2.8928e+00 -1.6386e+00 +1.5480e+00 +1.3633e+00
342 +1.963643279e+00 +1.963643279e+00 +5.330364328e+01 +5.330364328e+01 -2.5940e+00 -2.7198e+00 +1.6864e+00 +2.8005e+00 +3.2165e-01
1242 +6.565159302e-01 +6.565159302e-01 +5.199651593e+01 +5.199651593e+01 -3.0092e+00 -2.0503e+00 +6.7405e-02 +2.4770e+00 +9.7087e-01
% function evaluation | noise-free fitness - Fopt (-1.244000000000e+02) | best noise-free fitness - Fopt | measured fitness | best measured fitness | x1 | x2...
1 +3.631627306e+01 +3.631627306e+01 -8.808372694e+01 -8.808372694e+01 +2.9771e+00 +2.8460e+00 +2.1532e+00 +8.8998e-01 -7.8117e-01
5 +2.009774688e+01 +2.009774688e+01 -1.043022531e+02 -1.043022531e+02 +1.4220e+00 -3.0443e+00 -6.2750e-01 +8.4802e-01 -2.7656e+00
6 +1.526883855e+01 +1.526883855e+01 -1.091311615e+02 -1.091311615e+02 +2.3414e-03 -2.6052e-01 -3.2760e+00 -9.3762e-01 -1.9763e+00
8 +7.392933619e+00 +7.392933619e+00 -1.170070664e+02 -1.170070664e+02 -3.1132e+00 -2.0237e+00 +3.7217e+00 -4.4925e-01 -1.5008e-02
19 +5.473016229e+00 +5.473016229e+00 -1.189269838e+02 -1.189269838e+02 -1.0965e+00 +1.2947e+00 +4.7956e+00 -4.4100e+00 -2.6166e+00
328 +3.935334104e+00 +3.935334104e+00 -1.204646659e+02 -1.204646659e+02 -1.3160e+00 +1.8649e+00 +3.4201e+00 -2.5987e+00 -2.2432e-01
728 +4.963526329e-01 +4.963526329e-01 -1.239036474e+02 -1.239036474e+02 +5.0586e-01 +1.2866e+00 +3.5557e+00 -2.1564e+00 -2.1471e+00
% function evaluation | noise-free fitness - Fopt (6.000000000000e-01) | best noise-free fitness - Fopt | measured fitness | best measured fitness | x1 | x2...
1 +2.756640448e+01 +2.756640448e+01 +2.816640448e+01 +2.816640448e+01 +1.1533e+00 -4.6954e+00 -2.6618e+00 -7.2040e-01 +2.8178e+00
6 +9.987691420e+00 +9.987691420e+00 +1.058769142e+01 +1.058769142e+01 +5.5198e-01 -3.1415e+00 +1.7524e+00 +2.5863e+00 -7.4309e-01
38 +5.495593935e+00 +5.495593935e+00 +6.095593935e+00 +6.095593935e+00 +3.0930e+00 -3.3579e+00 +1.0904e+00 +5.3619e-01 +1.2794e+00
269 +3.266925150e+00 +3.266925150e+00 +3.866925150e+00 +3.866925150e+00 +2.5565e+00 +9.3003e-01 +1.3231e+00 +4.6844e+00 +1.7530e-01
701 +1.144705312e+00 +1.144705312e+00 +1.744705312e+00 +1.744705312e+00 +2.4918e+00 -2.6054e+00 -2.8424e-02 +2.5688e+00 +6.0379e-01
% function evaluation | noise-free fitness - Fopt (-4.071000000000e+01) | best noise-free fitness - Fopt | measured fitness | best measured fitness | x1 | x2...
1 +2.289773439e+01 +2.289773439e+01 -1.781226561e+01 -1.781226561e+01 +2.9148e-01 +7.0642e-01 +4.4044e+00 +8.8904e-01 +3.5943e+00
6 +1.532802027e+01 +1.532802027e+01 -2.538197973e+01 -2.538197973e+01 +3.5473e+00 -1.9097e-01 +3.9065e+00 +4.4199e-01 -1.1007e-01
39 +5.980305083e+00 +5.980305083e+00 -3.472969492e+01 -3.472969492e+01 +8.8790e-01 -1.0062e-01 -1.4585e+00 +2.4854e+00 +4.7809e-01
254 +3.876715944e+00 +3.876715944e+00 -3.683328406e+01 -3.683328406e+01 -2.9609e-01 -7.5346e-01 -3.1626e-01 +9.4101e-01 +1.6195e+00
263 +2.438150714e+00 +2.438150714e+00 -3.827184929e+01 -3.827184929e+01 -5.5425e-01 -2.0011e+00 +2.1655e+00 +3.0923e+00 +1.2338e+00
1680 +7.647678097e-01 +7.647678097e-01 -3.994523219e+01 -3.994523219e+01 +8.7161e-01 -3.6444e+00 +1.2072e+00 +2.2375e+00 -9.4778e-01
% function evaluation | noise-free fitness - Fopt (8.143200000000e+02) | best noise-free fitness - Fopt | measured fitness | best measured fitness | x1 | x2...
1 +2.819860914e+02 +2.819860914e+02 +1.096306091e+03 +1.096306091e+03 +2.0144e+00 -1.7655e+00 +1.6500e+00 -3.1854e+00 -4.9925e+00
2 +2.041443879e+01 +2.041443879e+01 +8.347344388e+02 +8.347344388e+02 +4.4616e+00 -2.2733e+00 +1.2390e+00 +3.0619e+00 +1.0138e+00
20 +1.543742002e+01 +1.543742002e+01 +8.297574200e+02 +8.297574200e+02 +2.2531e+00 -2.2651e+00 -2.2580e+00 +1.7366e+00 -2.3111e+00
24 +6.264502533e+00 +6.264502533e+00 +8.205845025e+02 +8.205845025e+02 +4.5381e-01 -3.1145e+00 -8.8437e-01 -2.1039e-01 +6.3982e-01
687 +3.319070141e+00 +3.319070141e+00 +8.176390701e+02 +8.176390701e+02 -5.7060e-01 -3.7144e+00 +1.9068e+00 -9.4969e-01 +9.0593e-01
1180 +2.487596972e+00 +2.487596972e+00 +8.168075970e+02 +8.168075970e+02 -1.6606e+00 -3.8930e+00 +1.8078e+00 -1.9064e+00 +1.3485e+00
2261 +1.554309378e+00 +1.554309378e+00 +8.158743094e+02 +8.158743094e+02 -1.4811e+00 -3.5318e+00 +2.9343e+00 -1.5009e+00 +2.3000e+00
2819 +6.939183213e-01 +6.939183213e-01 +8.150139183e+02 +8.150139183e+02 -3.0003e+00 -4.5319e+00 +4.0983e+00 -1.3118e+00 +1.3547e+00
% function evaluation | noise-free fitness - Fopt (-6.205000000000e+01) | best noise-free fitness - Fopt | measured fitness | best measured fitness | x1 | x2...
1 +9.195983792e+00 +9.195983792e+00 -5.285401621e+01 -5.285401621e+01 +3.2647e+00 +8.6667e-01 -2.2714e+00 -1.5607e+00 -1.3626e+00
30 +5.794875716e+00 +5.794875716e+00 -5.625512428e+01 -5.625512428e+01 +4.1012e+00 -1.9796e+00 +1.1741e+00 -8.8007e-01 -3.7179e+00
210 +2.544464282e+00 +2.544464282e+00 -5.950553572e+01 -5.950553572e+01 +2.9490e+00 -1.1130e+00 +1.6961e+00 +1.9421e+00 -1.1804e+00
1802 +1.203093495e+00 +1.203093495e+00 -6.084690651e+01 -6.084690651e+01 +2.5113e+00 +2.5651e-01 -1.0671e+00 +2.2994e+00 -2.5089e+00
3737 +6.360347509e-01 +6.360347509e-01 -6.141396525e+01 -6.141396525e+01 +1.7481e+00 -1.0774e+00 -1.1802e-01 +1.9959e+00 -2.1409e+00
% function evaluation | noise-free fitness - Fopt (-4.328000000000e+01) | best noise-free fitness - Fopt | measured fitness | best measured fitness | x1 | x2...
1 +1.946935661e+01 +1.946935661e+01 -2.381064339e+01 -2.381064339e+01 +4.0091e+00 -9.3639e-01 -2.6764e+00 +1.8455e+00 -4.1273e-02
11 +1.504250731e+01 +1.504250731e+01 -2.823749269e+01 -2.823749269e+01 -3.0993e+00 +4.1842e+00 -9.5462e-01 +4.4465e+00 +4.3233e+00
17 +6.700355309e+00 +6.700355309e+00 -3.657964469e+01 -3.657964469e+01 +2.1974e+00 +4.2885e+00 -1.6882e+00 +4.1795e-01 +1.6018e+00
26 +3.021497580e+00 +3.021497580e+00 -4.025850242e+01 -4.025850242e+01 +8.2056e-01 +4.8075e+00 -4.0728e+00 +1.8124e+00 +3.3983e+00
683 +8.519859881e-01 +8.519859881e-01 -4.242801401e+01 -4.242801401e+01 -1.2309e+00 +3.3071e+00 -3.2014e+00 +1.8306e+00 +3.4462e+00
% function evaluation | noise-free fitness - Fopt (-3.916000000000e+01) | best noise-free fitness - Fopt | measured fitness | best measured fitness | x1 | x2...
1 +2.377939964e+01 +2.377939964e+01 -1.538060036e+01 -1.538060036e+01 +8.8247e-01 -2.8981e+00 +3.9428e+00 +3.3697e+00 +2.7413e+00
18 +1.469310756e+01 +1.469310756e+01 -2.446689244e+01 -2.446689244e+01 -1.8862e+00 -1.1359e+00 -7.0084e-01 -1.3915e-02 -3.8118e+00
62 +9.419824251e+00 +9.419824251e+00 -2.974017575e+01 -2.974017575e+01 +1.5572e-01 -2.1317e+00 +2.6340e+00 +2.8671e+00 -1.9329e-01
119 +3.952375794e+00 +3.952375794e+00 -3.520762421e+01 -3.520762421e+01 -1.8810e+00 +4.1698e-01 +3.3275e+00 +1.3337e+00 -1.2049e+00
418 +1.465407109e+00 +1.465407109e+00 -3.769459289e+01 -3.769459289e+01 -4.2222e+00 +9.9356e-01 +2.1117e+00 +3.8255e+00 -2.3070e+00
4232 +9.654493715e-01 +9.654493715e-01 -3.819455063e+01 -3.819455063e+01 -2.8716e+00 +1.9839e+00 +2.8924e+00 +2.2494e+00 -2.3408e+00
% function evaluation | noise-free fitness - Fopt (-1.732800000000e+02) | best noise-free fitness - Fopt | measured fitness | best measured fitness | x1 | x2...
1 +5.450607928e+01 +5.450607928e+01 -1.187739207e+02 -1.187739207e+02 +8.4103e-01 +4.1282e+00 +4.1102e+00 -1.4009e+00 -4.2453e+00
5 +1.862686076e+01 +1.862686076e+01 -1.546531392e+02 -1.546531392e+02 -6.8313e-01 +3.7331e+00 -1.0147e+00 +1.9560e+00 -2.3754e+00
10 +6.136739699e+00 +6.136739699e+00 -1.671432603e+02 -1.671432603e+02 -2.6017e+00 +2.7214e+00 +3.1491e-01 +5.6881e-01 +1.2749e+00
97 +3.564570681e+00 +3.564570681e+00 -1.697154293e+02 -1.697154293e+02 -3.3952e+00 -3.6537e+00 +3.2834e+00 -6.8500e-01 +1.5277e+00
208 +2.444598234e+00 +2.444598234e+00 -1.708354018e+02 -1.708354018e+02 -2.0839e+00 -2.8399e+00 +3.7291e+00 -4.0324e-01 +7.0769e-01
1294 +9.137788401e-01 +9.137788401e-01 -1.723662212e+02 -1.723662212e+02 -3.2476e+00 -1.3826e+00 +3.3391e+00 -1.0214e+00 -5.6195e-02
% function evaluation | noise-free fitness - Fopt (-1.017000000000e+01) | best noise-free fitness - Fopt | measured fitness | best measured fitness | x1 | x2...
1 +1.320324042e+02 +1.320324042e+02 +1.218624042e+02 +1.218624042e+02 -4.5676e+00 -1.5045e+00 +4.3799e+00 +3.5949e+00 +4.4860e+00
2 +2.930896947e+01 +2.930896947e+01 +1.913896947e+01 +1.913896947e+01 -4.0421e+00 -1.2824e+00 +4.2116e-01 +2.2857e+00 +1.2128e+00
6 +2.238383017e+01 +2.238383017e+01 +1.221383017e+01 +1.221383017e+01 -3.0560e+00 +3.1689e+00 -3.8260e+00 +1.1994e+00 +2.9934e+00
14 +7.582677038e+00 +7.582677038e+00 -2.587322962e+00 -2.587322962e+00 +1.0011e+00 +4.7615e+00 +3.4425e+00 -2.4005e+00 -6.7732e-01
17 +4.366806289e+00 +4.366806289e+00 -5.803193711e+00 -5.803193711e+00 +6.8192e-01 -4.5411e-01 +2.2543e+00 -8.2744e-01 +4.7612e+00
28 +2.442350438e+00 +2.442350438e+00 -7.727649562e+00 -7.727649562e+00 +2.6460e+00 +3.0788e-01 +2.3869e+00 -5.5258e-01 +3.6238e+00
247 +1.214347083e+00 +1.214347083e+00 -8.955652917e+00 -8.955652917e+00 +2.2007e+00 +2.1112e+00 +1.9982e+00 -1.9151e+00 +3.9303e+00
