% function evaluation | noise-free fitness - Fopt (-5.235000000000e+01) | best noise-free fitness - Fopt | measured fitness | best measured fitness | x1 | x2...
1 +1.284984032e+02 +1.284984032e+02 +7.614840323e+01 +7.614840323e+01 -2.6642e+00 +2.3448e+00 +2.4529e+00 -1.1874e+00 +9.7439e-01 -2.4759e+00 -4.9579e-01 -2.8345e+00 -7.2340e-01 +3.1609e+00 -3.5463e+00 -4.6183e+00 +8.9426e-01 -2.9909e+00 -1.4642e+00 +1.9511e+00 +2.4737e+00 +8.8406e-01 +1.8989e-01 -1.7787e+00
8 +4.791993593e+01 +4.791993593e+01 -4.430064066e+00 -4.430064066e+00 -4.2221e+00 -3.8484e+00 -1.0213e+00 +1.8679e-01 -4.2716e+00 -3.5305e+00 -3.8874e+00 -4.2807e+00 +9.3754e-01 -3.7670e+00 +2.3141e+00 +2.1233e+00 -5.4537e-01 -1.0128e+00 +3.6922e+00 +1.7256e+00 +3.4412e+00 +4.4243e+00 +3.7571e+00 -2.7821e+00
82 +3.099364834e+01 +3.099364834e+01 -2.135635166e+01 -2.135635166e+01 -2.2637e+00 -3.6277e-01 +3.7659e+00 +3.4989e+00 -4.3036e+00 +3.2680e+00 -3.1068e+00 -2.8623e+00 -4.7677e-01 -4.1216e+00 +1.6357e+00 -1.2485e+00 +1.2924e+00 -3.5119e+00 +8.8141e-02 -2.1639e+00 -3.5046e+00 +3.6869e+00 +2.3905e+00 -1.5893e+00
% function evaluation | noise-free fitness - Fopt (-1.795400000000e+02) | best noise-free fitness - Fopt | measured fitness | best measured fitness | x1 | x2...
1 +2.050104861e+02 +2.050104861e+02 +2.547048605e+01 +2.547048605e+01 +9.2818e-01 -4.0682e+00 -1.6824e+00 +2.8427e+00 -3.0841e+00 -3.9421e+00 +3.4002e+00 +2.5117e+00 +2.1886e+00 -3.4807e+00 +4.5579e+00 -2.7138e+00 -4.8366e+00 -2.8641e+00 -1.7082e+00 -2.4001e+00 -5.0029e-01 -4.7698e+00 +4.2138e+00 -3.1848e+00
5 +1.456964176e+02 +1.456964176e+02 -3.384358242e+01 -3.384358242e+01 +1.6827e+00 +1.6150e-01 +3.8461e+00 +2.0042e+00 -3.2121e+00 +2.9947e+00 +1.7701e+00 -1.9829e-01 +8.8101e-01 -2.3638e+00 +4.2377e+00 -4.0276e+00 -1.5403e+00 -6.3828e-01 +4.4972e+00 +2.4303e+00 -1.2194e+00 -1.8312e+00 -1.1864e+00 +2.9237e+00
11 +5.834917308e+01 +5.834917308e+01 -1.211908269e+02 -1.211908269e+02 -3.3545e+00 +1.2869e+00 -3.9270e+00 +8.7307e-01 +7.3088e-02 -3.0027e+00 -3.9212e+00 +3.3732e+00 -1.1357e+00 +3.2751e+00 -2.4764e+00 +2.5005e-01 -3.4322e+00 -3.6191e-01 +1.0150e+00 +9.5614e-02 -1.7089e-01 +1.8700e+00 +2.4465e+00 +4.2462e+00
496 +3.575998085e+01 +3.575998085e+01 -1.437800192e+02 -1.437800192e+02 -5.7150e-01 -4.7692e-01 -4.2939e+00 +2.7428e-02 -3.0401e-01 +2.0346e+00 +1.6153e+00 +4.6134e+00 -1.1839e+00 +2.3077e+00 -1.6387e+00 -2.5561e+00 +8.7561e-01 +1.3563e+00 +3.4590e-02 -3.8663e+00 +3.2473e-01 +1.0810e+00 -1.5337e+00 -5.9041e-01
1495 +2.373304194e+01 +2.373304194e+01 -1.558069581e+02 -1.558069581e+02 -1.9139e+00 +3.6838e+00 -1.0367e+00 +7.9055e-01 +3.3943e+00 -1.9437e+00 +4.8408e+00 +1.1544e+00 -3.3146e+00 -2.2943e+00 +2.1146e+00 +2.0276e+00 -4.9301e+00 +2.9838e+00 +3.2327e+00 +4.2138e+00 -8.4570e-01 +4.7418e+00 +2.7847e+00 +5.5949e-02
% function evaluation | noise-free fitness - Fopt (7.731000000000e+01) | best noise-free fitness - Fopt | measured fitness | best measured fitness | x1 | x2...
1 +9.005746005e+01 +9.005746005e+01 +1.673674600e+02 +1.673674600e+02 +3.5801e-01 -2.9164e-01 +1.7229e-01 +1.0533e+00 -4.0446e+00 -5.9985e-01 -2.3274e+00 -3.9428e+00 +1.8253e+00 -1.1011e+00 +3.3168e+00 +1.4732e-01 +3.9423e+00 +2.4152e+00 -3.1814e+00 -2.1779e+00 +3.3952e-01 -2.7735e+00 +1.8896e+00 -3.4172e+00
8 +6.235398173e+01 +6.235398173e+01 +1.396639817e+02 +1.396639817e+02 +3.6120e-01 +2.9029e+00 -4.1588e+00 +1.5237e+00 +3.0727e-01 +3.3215e+00 +2.1781e+00 +9.7410e-01 -1.6282e-01 +2.1745e+00 +3.2328e+00 -1.9999e+00 -9.3634e-01 -1.7973e+00 +1.7556e+00 -1.6292e+00 +2.8949e+00 +3.5954e+00 +1.2162e+00 -1.7339e+00
47 +3.638483340e+01 +3.638483340e+01 +1.136948334e+02 +1.136948334e+02 -9.6849e-01 -4.1505e+00 -3.9399e+00 +8.1591e-01 +8.8908e-01 -2.8301e+00 -4.2857e+00 -2.3519e+00 +7.4377e-02 +2.6968e-01 +2.2366e+00 +1.6835e+00 -3.1536e+00 +4.2863e+00 +4.8834e+00 +2.4529e+00 -3.1715e-01 +2.6606e+00 -7.9547e-01 +2.7294e+00
825 +1.767280751e+01 +1.767280751e+01 +9.498280751e+01 +9.498280751e+01 -4.9329e+00 -4.3521e+00 -1.6322e+00 -2.5572e+00 -1.5132e+00 -2.4943e+00 +1.6026e+00 -3.3526e+00 +4.9694e+00 +1.9516e+00 +4.3857e+00 +1.5032e+00 -9.6218e-01 +4.2585e+00 +1.1230e-01 +4.4297e+00 -4.4581e-01 +2.4754e+00 +1.8630e+00 +3.9556e+00
% function evaluation | noise-free fitness - Fopt (3.992000000000e+01) | best noise-free fitness - Fopt | measured fitness | best measured fitness | x1 | x2...
1 +1.707333512e+02 +1.707333512e+02 +2.106533512e+02 +2.106533512e+02 +1.3111e+00 +2.4352e+00 +7.0325e-01 +3.0426e+00 +4.7951e+00 +2.5231e+00 -4.8980e+00 +4.6327e+00 -3.5690e+00 -4.4269e+00 -8.7455e-01 +4.4649e+00 +2.0823e+00 +4.4066e+00 -2.8638e+00 +3.4812e+00 -2.2638e+00 +7.2338e-01 -2.0181e+00 +1.7259e+00
2 +7.716772644e+01 +7.716772644e+01 +1.170877264e+02 +1.170877264e+02 +2.4424e+00 -3.0575e+00 +2.1484e-03 -2.4710e+00 +7.4703e-01 -2.9416e+00 +1.8319e+00 -3.4005e+00 +2.6613e+00 +8.1322e-01 +1.4341e+00 +8.9618e-01 -3.9517e+00 -3.6886e+00 -1.2611e+00 -1.9830e+00 +3.2676e+00 +3.5232e-01 -2.0272e+00 +1.3768e+00
23 +5.409200432e+01 +5.409200432e+01 +9.401200432e+01 +9.401200432e+01 +2.3280e+00 -1.9366e+00 -4.0136e+00 -4.2257e+00 -3.3391e+00 +3.7741e+00 +5.5086e-01 +2.8290e-01 +4.2793e+00 -6.0938e-01 -9.3112e-01 +2.4687e+00 -4.8757e+00 +1.7995e+00 -3.4571e+00 -2.7925e+00 +3.8963e-01 -2.7676e+00 -4.5702e+00 -4.2482e+00
65 +3.384959469e+01 +3.384959469e+01 +7.376959469e+01 +7.376959469e+01 +4.3645e+00 +3.4987e+00 +1.1392e+00 +7.8279e-01 -4.5362e+00 +4.2960e+00 +2.3161e+00 +2.4740e+00 +3.8485e+00 +2.8545e+00 +4.9887e+00 +2.8845e+00 -3.4977e-02 -3.8247e+00 -1.1841e+00 +1.4324e+00 -8.7660e-01 -1.3702e+00 -2.8680e-01 -1.4723e+00
4100 +2.227909735e+01 +2.227909735e+01 +6.219909735e+01 +6.219909735e+01 +4.3278e+00 +5.3528e-01 +1.9696e+00 -3.0862e+00 -1.3166e+00 +2.0266e+00 +3.4348e+00 -1.1416e+00 +4.1401e+00 +4.2325e+00 +4.7961e+00 +5.5567e-02 -7.9601e-01 +3.4759e+00 -2.9427e+00 +2.1420e+00 -4.6420e+00 -5.0813e-01 -1.5565e+00 +7.2583e-01
% function evaluation | noise-free fitness - Fopt (-5.661000000000e+01) | best noise-free fitness - Fopt | measured fitness | best measured fitness | x1 | x2...
1 +1.389439702e+02 +1.389439702e+02 +8.233397022e+01 +8.233397022e+01 +2.4007e+00 -4.9756e+00 +3.9597e+00 +2.0602e+00 +3.3004e+00 -4.6133e+00 +1.8502e+00 -2.7315e+00 -3.9359e+00 +1.3479e+00 -6.6665e-01 -3.3058e+00 +4.7747e+00 -9.3459e-01 +3.6524e+00 +1.6476e+00 +4.6928e+00 -9.2223e-01 +2.0642e+00 -2.0538e+00
3 +5.627217082e+01 +5.627217082e+01 -3.378291788e-01 -3.378291788e-01 -2.7670e+00 +4.5313e+00 -6.0788e-01 -2.8576e+00 +6.7005e-01 +4.5824e+00 +4.2911e+00 -1.3295e+00 +1.8301e+00 +7.2505e-01 +4.1694e+00 -3.8792e+00 -2.0193e+00 -1.3859e+00 -2.0938e+00 +4.4451e+00 -4.5437e+00 -4.0469e+00 -2.8314e+00 -2.0924e+00
92 +3.040667764e+01 +3.040667764e+01 -2.620332236e+01 -2.620332236e+01 +2.2991e-01 +9.2381e-01 +2.7083e+00 -1.1900e+00 -1.8543e+00 +1.5526e+00 +4.2711e+00 -1.9215e+00 -2.3352e+00 -1.9766e+00 -3.5899e+00 +1.4900e+00 +4.6557e-01 -3.9167e+00 -4.1396e+00 +2.0083e+00 +1.9004e+00 -2.7748e-01 -3.9897e+00 +1.4434e+00
2203 +2.164907074e+01 +2.164907074e+01 -3.496092926e+01 -3.496092926e+01 -2.8318e+00 +2.6454e+00 +7.2490e-01 -7.0981e-01 +1.8794e+00 +1.4443e-01 +4.0035e-01 -3.4302e+00 -3.2100e-01 +1.3444e-01 +2.4008e+00 -1.1168e+00 -1.4989e+00 -2.3142e+00 -4.4388e-01 +4.8377e+00 -2.6003e+00 +7.3098e-01 -1.5493e+00 -2.4531e+00
% function evaluation | noise-free fitness - Fopt (5.134000000000e+01) | best noise-free fitness - Fopt | measured fitness | best measured fitness | x1 | x2...
1 +2.473042830e+02 +2.473042830e+02 +2.986442830e+02 +2.986442830e+02 -3.6782e+00 +3.2956e+00 -2.9842e-01 +4.8076e+00 -3.8810e+00 -3.8111e+00 +4.3996e+00 -1.5668e+00 -6.1891e-01 -4.6410e+00 +1.7016e+00 +4.5816e-01 -1.9867e+00 -5.9049e-01 -2.0029e+00 +2.3419e+00 -1.3759e+00 -1.2694e-01 +3.7796e+00 -2.2392e+00
3 +1.316899751e+02 +1.316899751e+02 +1.830299751e+02 +1.830299751e+02 -1.2695e+00 +9.0766e-02 +1.3123e-01 +1.1396e+00 -9.8812e-01 +3.3012e+00 +4.9414e-01 +4.6587e+00 -4.1519e+00 -1.1216e+00 -1.0242e+00 +3.1962e+00 +1.2051e+00 +4.3456e+00 -2.5029e+00 -1.8211e-01 -3.5839e+00 -6.6516e-01 -9.3143e-01 -3.5515e+00
22 +7.101293686e+01 +7.101293686e+01 +1.223529369e+02 +1.223529369e+02 +7.0140e-01 +5.0786e-01 -2.5262e+00 +3.4442e+00 -6.0598e-01 -2.6872e+00 +1.7166e-01 +6.2654e-01 +4.9026e+00 +3.5480e-01 -4.8770e+00 +4.0196e-01 -1.3130e+00 -2.9228e+00 -1.5841e-01 -1.2787e+00 -1.4221e+00 +1.6514e+00 -3.3304e+00 +3.3178e+00
71 +6.178184806e+01 +6.178184806e+01 +1.131218481e+02 +1.131218481e+02 -3.4286e+00 -2.8252e+00 -3.8501e+00 +1.9872e+00 +1.6223e-01 +2.6806e+00 -1.3831e+00 +2.4832e+00 -2.8295e+00 -4.4526e+00 -3.9650e+00 +1.1599e+00 -2.7403e+00 +3.9432e+00 +2.5724e+00 +4.7399e+00 -1.9190e+00 -6.7032e-01 -3.8682e+00 -1.0178e+00
156 +2.822308095e+01 +2.822308095e+01 +7.956308095e+01 +7.956308095e+01 -2.6517e+00 -1.7501e+00 +1.4904e+00 +2.3719e+00 -3.0563e-01 +4.8060e+00 -1.9253e+00 +1.2404e+00 -4.6044e+00 +1.1382e+00 -3.6820e+00 +8.1071e-01 +1.7362e+00 -2.0795e+00 -2.0644e+00 +3.1153e+00 -8.7587e-01 -9.6037e-01 +2.6568e+00 -7.0225e-01
1561 +2.384028946e+01 +2.384028946e+01 +7.518028946e+01 +7.518028946e+01 -4.8072e+00 -1.2927e+00 +1.3473e+00 +4.2999e+00 +2.7526e+00 +4.8844e-01 -4.9436e+00 +4.2655e+00 -7.6659e-01 -1.5631e+00 -3.9775e+00 +2.8659e+00 +3.4702e+00 -1.6230e+00 -3.9391e+00 -2.9757e+00 +2.4301e-01 +1.1993e+00 -3.4847e+00 +3.7910e+00
% function evaluation | noise-free fitness - Fopt (-1.244000000000e+02) | best noise-free fitness - Fopt | measured fitness | best measured fitness | x1 | x2...
1 +1.707519382e+02 +1.707519382e+02 +4.635193822e+01 +4.635193822e+01 -4.1769e+00 +2.0151e+00 +2.7828e+00 +2.6024e+00 -2.8100e-01 +4.0634e+00 +4.7207e+00 -9.1464e-01 +3.1721e+00 +1.0653e+00 -4.7314e+00 +3.4853e+00 -1.5205e+00 +1.7091e+00 -2.9031e+00 +9.3658e-01 -1.7124e+00 -3.0539e-01 -2.7458e+00 +1.7406e+00
2 +9.217209604e+01 +9.217209604e+01 -3.222790396e+01 -3.222790396e+01 +2.9417e+00 -2.3137e+00 -4.1276e-01 +2.7136e+00 -4.9383e+00 -1.3548e+00 +2.2378e+00 +2.8603e+00 +3.5580e+00 +2.7225e+00 -1.8896e+00 +3.2146e+00 -8.1696e-01 +3.4158e+00 +4.1961e+00 -2.7194e+00 -2.7622e+00 -1.2469e+00 -3.3020e+00 -1.8243e-01
10 +4.759058817e+01 +4.759058817e+01 -7.680941183e+01 -7.680941183e+01 -3.2016e+00 -2.8727e+00 -1.8364e+00 +2.5328e+00 -4.0053e+00 +5.9687e-01 +2.3182e+00 -4.7108e+00 +3.8363e+00 +1.2984e-01 +3.4267e+00 -2.7339e+00 +4.5635e+00 +4.3707e-01 +2.3551e+00 -3.6718e+00 -2.4120e-01 +1.7501e+00 +1.2513e+00 +2.3754e+00
318 +3.968655718e+01 +3.968655718e+01 -8.471344282e+01 -8.471344282e+01 +2.2005e+00 -1.1076e+00 -2.4340e+00 -4.8933e+00 -2.2887e+00 -2.1482e-01 +2.2247e+00 -2.4657e+00 +2.2564e+00 +1.2636e+00 +4.8830e+00 -3.8908e+00 +2.4691e+00 -2.3553e-01 -1.0644e+00 -1.6889e-03 -3.0900e+00 -9.5609e-02 +3.0332e+00 +2.0495e+00
1967 +2.382593901e+01 +2.382593901e+01 -1.005740610e+02 -1.005740610e+02 +2.7041e-01 +3.6842e-01 +6.3004e-01 -2.4718e+00 -6.7126e-01 -3.4365e+00 +1.6096e+00 +3.5620e+00 -3.1014e+00 +5.4293e-01 +3.6744e+00 -2.7474e+00 +1.9685e+00 -6.4418e-01 +1.0351e+00 +7.2689e-01 -4.3792e+00 +7.4467e-01 +1.6867e+00 -1.2470e+00
% function evaluation | noise-free fitness - Fopt (6.000000000000e-01) | best noise-free fitness - Fopt | measured fitness | best measured fitness | x1 | x2...
1 +1.246757252e+02 +1.246757252e+02 +1.252757252e+02 +1.252757252e+02 -4.9643e-03 -9.3204e-01 +2.8416e+00 -4.7007e+00 -3.9726e-01 -3.7307e+00 +1.3079e+00 +3.2837e+00 -1.5646e+00 -3.8013e+00 -4.9080e-03 -1.2328e+00 -2.7407e+00 +1.7886e+00 -3.6712e+00 -4.3976e+00 +3.2055e+00 -4.6739e-01 -3.3270e+00 -3.1591e+00
17 +9.933971880e+01 +9.933971880e+01 +9.993971880e+01 +9.993971880e+01 -2.7844e+00 -1.7265e-01 -1.9111e+00 +2.9654e-01 +4.3265e-01 -4.1448e+00 -9.8736e-01 +4.2679e+00 +2.0803e+00 +3.9911e+00 +9.4604e-01 +2.7843e+00 +6.7499e-01 -1.5651e+00 -1.7573e+00 +1.0517e+00 +3.3920e+00 +9.9819e-01 +1.2550e+00 -2.6433e+00
22 +5.908782889e+01 +5.908782889e+01 +5.968782889e+01 +5.968782889e+01 -2.0938e+00 +1.4118e+00 -3.5409e+00 -1.5824e+00 +2.8213e+00 -2.3351e+00 -2.0987e+00 -3.7550e+00 +1.3656e+00 -1.2177e-02 -3.0575e+00 +1.9315e+00 -2.6914e+00 -3.1785e+00 +3.0183e+00 +3.0840e+00 -4.3707e+00 +2.6518e+00 +2.9388e-01 -3.2366e+00
73 +2.853656068e+01 +2.853656068e+01 +2.913656068e+01 +2.913656068e+01 +1.5442e+00 -3.1462e+00 -7.8066e-02 +1.8173e+00 -4.7509e+00 -3.2685e+00 +2.0012e+00 -5.5241e-01 +1.4408e+00 +3.1996e+00 -3.4170e+00 +3.8320e+00 +2.1082e-01 +3.5858e+00 -3.2957e+00 -9.3614e-01 -1.6882e+00 -4.0181e+00 +4.1680e+00 -2.3749e+00
382 +2.343603320e+01 +2.343603320e+01 +2.403603320e+01 +2.403603320e+01 +2.6276e+00 -1.1996e+00 +5.1827e-01 -7.6069e-01 +2.8279e+00 +2.1883e+00 -2.9202e-01 -1.9219e+00 +3.5036e-01 +2.7926e-01 -3.2996e+00 +2.9924e+00 +1.1539e+00 -2.1763e+00 -1.6385e+00 +2.1282e+00 -1.1612e+00 -2.7719e+00 +1.2977e+00 -4.2812e+00
% function evaluation | noise-free fitness - Fopt (-4.071000000000e+01) | best noise-free fitness - Fopt | measured fitness | best measured fitness | x1 | x2...
1 +2.206090244e+02 +2.206090244e+02 +1.798990244e+02 +1.798990244e+02 +2.1526e+00 +7.9843e-01 +1.0993e+00 +3.1790e+00 -2.2953e+00 +2.9245e+00 +2.9035e+00 -2.1878e+00 +3.1254e+00 -2.4568e-01 +4.1554e+00 -1.2997e+00 -3.7309e+00 -3.1845e+00 +6.2097e-01 +1.0546e+00 -3.6525e+00 +7.0595e-02 +4.2124e+00 +4.1524e+00
2 +1.520785698e+02 +1.520785698e+02 +1.113685698e+02 +1.113685698e+02 +4.5720e+00 -6.9609e-02 +4.6705e+00 +4.9711e+00 -9.2956e-01 +7.5244e-01 +4.3923e+00 -2.7836e+00 -5.2530e-01 +3.0887e+00 -2.8309e+00 +2.2155e+00 -2.0457e+00 +3.1492e+00 +3.1322e+00 +1.5431e+00 -2.6131e+00 -3.9176e+00 -2.4712e+00 -4.8065e+00
5 +7.781405437e+01 +7.781405437e+01 +3.710405437e+01 +3.710405437e+01 +1.9613e+00 -1.2687e+00 -9.7002e-01 +5.6443e-01 +5.1699e-01 +2.0877e+00 -2.5174e+00 +4.4749e+00 -1.1734e+00 -4.2620e-01 +1.8282e+00 -3.7794e+00 -1.4637e+00 -9.0919e-01 -4.2706e+00 +4.2654e+00 -3.9252e-01 -3.1985e-01 -8.6004e-01 -7.6241e-01
9 +3.052518390e+01 +3.052518390e+01 -1.018481610e+01 -1.018481610e+01 +3.6416e+00 -2.2100e+00 -4.3085e+00 +4.5847e+00 +3.0988e+00 -1.2682e+00 +3.7001e+00 +4.3722e+00 +4.0564e-01 +2.3007e+00 +1.4509e+00 +2.5710e+00 +4.8953e+00 -1.4135e+00 +3.3124e-01 +3.1149e+00 -5.1030e-02 +4.5590e-01 -4.8433e+00 -1.9673e+00
275 +2.365460610e+01 +2.365460610e+01 -1.705539390e+01 -1.705539390e+01 +1.2963e+00 -4.9634e+00 +1.8173e+00 +1.7525e+00 -6.6207e-01 -3.3860e+00 +3.8744e+00 +4.3838e+00 -3.1626e+00 +2.2754e+00 +2.3008e+00 -1.1642e+00 +4.5844e-01 -2.6925e+00 -1.7674e+00 +3.4970e+00 +4.4175e-01 +2.9584e+00 +5.8526e-01 -2.1961e+00
% function evaluation | noise-free fitness - Fopt (8.143200000000e+02) | best noise-free fitness - Fopt | measured fitness | best measured fitness | x1 | x2...
1 +1.690825489e+02 +1.690825489e+02 +9.834025489e+02 +9.834025489e+02 +2.8312e+00 +2.9593e+00 +3.9703e-01 +4.4832e+00 -3.6791e+00 +3.4298e+00 -3.5959e+00 +3.1565e+00 -7.0309e-01 -7.8019e-01 -1.9525e+00 -1.1968e+00 +4.0831e+00 -4.6963e+00 +2.3944e+00 -3.7413e+00 +1.4540e+00 -3.3784e-01 +3.3318e+00 -1.3194e+00
4 +1.043596679e+02 +1.043596679e+02 +9.186796679e+02 +9.186796679e+02 -2.1975e+00 -1.6754e+00 +1.4641e+00 +9.2013e-01 -1.8008e+00 +3.8067e+00 +1.5871e+00 -1.9285e+00 +1.9094e-01 -8.7588e-01 -3.6139e+00 -3.3504e+00 -2.3301e+00 -4.1655e-01 -4.0266e+00 +1.5000e+00 +1.5760e+00 +3.6591e-01 -4.4834e+00 -1.8704e+00
10 +8.439520356e+01 +8.439520356e+01 +8.987152036e+02 +8.987152036e+02 -4.1182e+00 +4.6757e+00 -3.2759e+00 -5.3715e-01 -3.8017e+00 -4.4350e+00 -4.8205e-02 -3.8606e+00 -2.2863e+00 +4.3985e+00 -3.2133e+00 -4.0394e+00 +9.2924e-01 -1.8965e-01 +2.9811e+00 +4.8277e+00 +5.2834e-01 -1.1372e+00 +3.7745e+00 +1.2711e+00
13 +5.882126495e+01 +5.882126495e+01 +8.731412649e+02 +8.731412649e+02 +2.7839e+00 -2.6582e+00 +2.3562e+00 -1.8688e+00 +3.5000e+00 -1.7028e+00 +1.6580e+00 -2.9924e+00 +8.0949e-01 -3.3990e+00 +6.3268e-01 +5.2008e-01 +3.6720e+00 -4.3539e+00 +4.3187e+00 -9.1856e-01 +4.8181e+00 +4.4235e+00 -3.0447e+00 -1.2682e-01
71 +3.973507821e+01 +3.973507821e+01 +8.540550782e+02 +8.540550782e+02 -2.0218e+00 +1.7702e-01 +3.8210e+00 +3.4191e+00 +1.6629e+00 -3.6163e+00 +3.1395e+00 -2.5931e+00 +8.3073e-01 +4.3266e-01 -1.6912e+00 +2.9820e-01 +1.8005e+00 +2.0899e+00 +1.7122e+00 -8.2403e-01 -1.0649e+00 +2.9796e+00 -3.9638e+00 -7.5137e-01
722 +2.452822049e+01 +2.452822049e+01 +8.388482205e+02 +8.388482205e+02 -1.4116e+00 -2.6135e+00 -1.0506e+00 +2.9408e+00 +2.4793e+00 +1.7159e-01 +2.8098e+00 +3.9893e+00 -4.0583e+00 -3.8574e+00 -3.0393e+00 +3.9085e+00 -6.4524e-01 +1.8692e+00 -4.4608e-01 +2.9430e+00 +3.5230e-02 -1.5875e+00 -2.6350e+00 +2.4424e+00
% function evaluation | noise-free fitness - Fopt (-6.205000000000e+01) | best noise-free fitness - Fopt | measured fitness | best measured fitness | x1 | x2...
1 +1.594935129e+02 +1.594935129e+02 +9.744351294e+01 +9.744351294e+01 -2.9102e+00 +2.9467e+00 +4.0553e+00 +3.6522e+00 +4.1741e+00 -4.8837e+00 +2.4710e+00 +7.0238e-01 +4.1169e+00 -1.2666e+00 +1.9529e+00 -3.9808e+00 +3.1718e+00 +3.7089e+00 +4.4602e+00 +3.2110e+00 +3.6257e+00 -3.8250e+00 +1.8810e+00 +2.4801e+00
2 +9.095117543e+01 +9.095117543e+01 +2.890117543e+01 +2.890117543e+01 -1.2858e+00 -1.9275e+00 +3.2599e+00 -2.0760e+00 -2.9009e+00 +2.5855e-02 -1.3395e-01 +4.4096e+00 -1.0985e+00 -1.9683e-01 +2.3784e+00 +2.7433e-01 -6.7117e-02 +2.6043e+00 -4.1240e+00 -3.2425e-02 +1.5179e+00 +1.9346e+00 -3.1698e+00 -4.6228e+00
7 +6.085377731e+01 +6.085377731e+01 -1.196222686e+00 -1.196222686e+00 +1.9814e+00 +4.1868e-01 +3.3696e+00 +3.2051e+00 +6.3850e-01 +7.7200e-01 -3.5851e-01 +3.3291e+00 -2.7517e+00 -4.6847e-01 -4.9639e+00 -1.5569e+00 +3.0116e+00 +4.3578e+00 -4.8718e-01 -4.3221e+00 +2.7270e+00 -7.7818e-01 -1.5807e+00 -4.1608e+00
140 +3.958001488e+01 +3.958001488e+01 -2.246998512e+01 -2.246998512e+01 -2.5256e-01 -1.8568e-01 +5.5084e-02 +4.7115e+00 +1.8702e-01 +8.7400e-01 -7.8938e-02 -4.9778e+00 -2.4290e+00 +1.0299e+00 +4.1801e+00 -1.9393e+00 -1.9726e+00 +3.4435e+00 -3.1362e+00 -3.7881e+00 +5.6246e-01 +3.6675e+00 +2.5627e+00 +3.8545e+00
891 +1.666105645e+01 +1.666105645e+01 -4.538894355e+01 -4.538894355e+01 +3.1448e+00 +1.9709e+00 +1.4558e+00 +2.3490e-01 -2.3298e+00 -2.7098e+00 +1.6654e+00 -1.4736e+00 -9.9570e-01 +4.7411e+00 +2.9007e-01 -5.5727e-01 +1.0556e+00 -3.7909e-01 -5.7788e-01 -2.8087e+00 +8.2408e-01 +2.6447e+00 +1.6633e+00 +8.2674e-01
% function evaluation | noise-free fitness - Fopt (-4.328000000000e+01) | best noise-free fitness - Fopt | measured fitness | best measured fitness | x1 | x2...
1 +2.110855869e+02 +2.110855869e+02 +1.678055869e+02 +1.678055869e+02 +1.4293e+00 +2.2474e+00 -4.3495e+00 +4.1456e+00 +1.7314e+00 +4.4630e+00 -2.7338e+00 +1.9310e+00 -4.2649e+00 +2.1130e+00 +6.6897e-01 -5.8478e-01 +4.2903e+00 -4.6390e+00 -1.5564e+00 -3.1721e+00 +8.9408e-01 -2.4667e+00 -8.8382e-01 -1.3870e+00
4 +1.407479845e+02 +1.407479845e+02 +9.746798448e+01 +9.746798448e+01 -2.4274e-01 +3.7044e+00 -2.4840e+00 -5.9948e-01 +2.0995e+00 +2.9024e+00 -8.6332e-01 -2.1328e+00 -1.5472e+00 -3.6227e+00 +1.8382e+00 +4.8517e+00 -3.0799e+00 -2.7081e+00 -4.0796e+00 -2.4096e+00 -4.1600e+00 +1.7680e+00 -2.9306e+00 +2.5946e+00
30 +4.043249439e+01 +4.043249439e+01 -2.847505615e+00 -2.847505615e+00 +1.9178e+00 +3.6962e+00 -3.0774e+00 +3.8741e+00 +4.4886e+00 -3.3650e+00 -3.4524e+00 -3.2989e+00 +2.7633e+00 -3.2294e+00 -3.6801e-01 +4.6289e+00 -1.3920e+00 +2.2309e+00 -2.8300e+00 -4.2719e-01 -3.3190e+00 +1.9849e-01 +5.0058e-01 +2.2640e+00
101 +3.810011572e+01 +3.810011572e+01 -5.179884283e+00 -5.179884283e+00 +3.1591e-01 +7.0816e-01 -1.8724e+00 -9.0622e-02 +9.9830e-01 +5.7593e-01 -5.1884e-01 -1.9868e-01 -2.7550e+00 -2.5530e+00 -3.1599e+00 +1.1838e+00 -4.1224e+00 +2.4361e+00 -4.3103e+00 -1.6080e+00 +2.9853e+00 -6.3083e-01 +4.3854e+00 -3.5793e+00
% function evaluation | noise-free fitness - Fopt (-3.916000000000e+01) | best noise-free fitness - Fopt | measured fitness | best measured fitness | x1 | x2...
1 +1.375743620e+02 +1.375743620e+02 +9.841436195e+01 +9.841436195e+01 +6.9884e-01 -1.4437e+00 +4.0267e+00 +7.4001e-01 -4.8630e+00 +2.0793e+00 +4.7154e+00 +9.2013e-01 -3.5158e+00 -3.5740e+00 -3.6422e+00 +2.2800e+00 +5.0296e-01 -2.2395e+00 +4.2043e+00 -2.1772e+00 -2.2119e+00 +1.7775e+00 -4.6672e+00 -4.1313e-01
5 +3.153167039e+01 +3.153167039e+01 -7.628329606e+00 -7.628329606e+00 -2.5151e+00 +4.8289e+00 +2.2832e+00 +1.4367e+00 -7.5002e-01 +4.3594e+00 -2.6668e-03 -2.9231e+00 +1.5762e+00 -4.7172e+00 +3.2778e+00 -3.7576e+00 -2.7073e+00 -2.3448e+00 -1.5801e-01 +3.4367e+00 +3.0839e-01 -4.6303e+00 -9.6258e-02 -1.5572e+00
4167 +2.127951253e+01 +2.127951253e+01 -1.788048747e+01 -1.788048747e+01 +7.2551e-01 +3.2911e+00 +4.5492e+00 +1.7209e+00 -3.3523e+00 -9.8281e-01 +1.2099e+00 -4.2081e+00 -1.0640e+00 +2.0734e+00 -1.6659e+00 -4.4325e+00 -3.8958e+00 -1.0100e-01 -2.0151e+00 -9.5094e-01 -2.6743e+00 -2.8889e+00 -2.0676e+00 -3.2443e+00
% function evaluation | noise-free fitness - Fopt (-1.732800000000e+02) | best noise-free fitness - Fopt | measured fitness | best measured fitness | x1 | x2...
1 +5.988475760e+02 +5.988475760e+02 +4.255675760e+02 +4.255675760e+02 +1.6374e+00 -8.9828e-01 -3.1306e+00 -4.8118e+00 +1.4358e+00 +3.9362e+00 +2.0649e+00 -4.4000e+00 +2.3926e+00 +2.9130e+00 +1.7948e+00 -2.3594e+00 -1.2554e+00 +3.9507e+00 -2.0745e+00 +2.5633e+00 -4.5466e+00 +2.6182e+00 -1.1775e+00 +8.6470e-01
2 +1.563381669e+02 +1.563381669e+02 -1.694183309e+01 -1.694183309e+01 +4.1005e+00 -1.0935e+00 -3.6503e-01 +3.1296e+00 -4.9867e-01 +3.5239e+00 -4.3354e+00 +1.5461e+00 +1.8598e+00 +2.8579e+00 -4.1848e-01 +4.4999e-01 -4.3396e+00 -8.0205e-01 -3.4315e+00 +1.6295e+00 -1.1870e+00 +1.1486e+00 +1.5411e+00 -4.3653e+00
6 +4.969498661e+01 +4.969498661e+01 -1.235850134e+02 -1.235850134e+02 -4.5720e+00 -7.8913e-01 +5.1564e-01 -1.1183e+00 +1.8476e+00 -1.0223e+00 -1.5764e+00 -1.1207e+00 +1.5568e+00 -1.1337e+00 -5.0059e-01 +1.3037e+00 -2.8757e+00 -4.6633e-01 +4.2962e+00 -3.4759e+00 +8.4825e-01 -1.9324e+00 +3.8117e+00 +5.5955e-01
267 +3.483319868e+01 +3.483319868e+01 -1.384468013e+02 -1.384468013e+02 -1.5394e+00 -3.2437e+00 -4.8663e+00 -2.5339e+00 -5.1831e-01 -2.7368e-01 -2.4197e+00 +2.3435e-01 -1.7821e+00 +1.7975e+00 +1.5087e+00 +2.5140e+00 -3.5674e+00 +3.8509e+00 +1.1718e+00 +1.6681e+00 -1.3165e+00 +9.9819e-01 -2.5334e+00 +1.8798e-01
3497 +2.285232652e+01 +2.285232652e+01 -1.504276735e+02 -1.504276735e+02 -2.4365e-01 -4.0413e+00 -3.5181e+00 -3.1170e+00 -3.1463e+00 +1.4610e-01 -4.2279e+00 +4.1218e+00 -2.2349e+00 +1.9323e+00 -2.2012e+00 +4.7790e+00 -2.9024e+00 +2.0405e+00 +1.4212e+00 +2.7494e+00 +7.1637e-01 +4.9812e-02 -1.0666e+00 +2.8417e+00
% function evaluation | noise-free fitness - Fopt (-1.017000000000e+01) | best noise-free fitness - Fopt | measured fitness | best measured fitness | x1 | x2...
1 +1.155836368e+02 +1.155836368e+02 +1.054136368e+02 +1.054136368e+02 +3.4828e+00 -2.4798e+00 +5.5455e-01 +4.5926e+00 +3.1826e+00 +3.7271e-01 -2.0816e+00 -4.7896e+00 +8.8908e-01 +1.1498e+00 +2.9576e+00 +1.3006e+00 -3.7302e+00 -3.6367e+00 -2.4062e+00 -6.7076e-01 -3.3097e+00 +1.3707e+00 +1.2683e+00 -4.6429e+00
6 +9.511757884e+01 +9.511757884e+01 +8.494757884e+01 +8.494757884e+01 -2.0951e+00 -4.4607e+00 +2.9780e+00 +9.4319e-02 +3.2257e+00 +2.7824e+00 -4.3565e+00 +1.5430e+00 -7.8728e-01 +1.5909e+00 -2.8627e+00 -2.0758e+00 +1.3033e+00 -1.2345e+00 +2.1041e+00 +1.6244e-01 -1.8552e+00 -4.1437e+00 +2.6477e-02 +2.8463e-01
65 +6.020173592e+01 +6.020173592e+01 +5.003173592e+01 +5.003173592e+01 +2.7673e+00 +4.1873e+00 +3.7608e-01 -2.2903e+00 +1.1050e+00 +1.3497e+00 -3.7092e-01 -2.4954e+00 -6.2435e-01 +4.4843e+00 +1.2648e+00 -1.9437e+00 +5.6096e-01 +4.6768e-02 +4.8313e+00 -6.3050e-01 +3.5310e+00 -4.0555e+00 +1.1917e+00 -2.7437e-01
210 +3.790201576e+01 +3.790201576e+01 +2.773201576e+01 +2.773201576e+01 +1.6762e+00 -8.7212e-01 +4.6988e+00 +1.1749e+00 -2.1817e+00 -3.8187e+00 -8.7312e-01 +4.8705e+00 +1.0353e+00 -3.0136e-02 +2.7615e+00 +3.1998e+00 +1.5357e+00 +3.0064e+00 +3.2696e-01 +1.8562e+00 +2.3346e+00 -8.2511e-01 -9.9928e-01 +2.8328e+00
