% function evaluation | noise-free fitness - Fopt (7.948000000000e+01) | best noise-free fitness - Fopt | measured fitness | best measured fitness | x1 | x2...
1 +5.815085865e+01 +5.815085865e+01 +1.376308587e+02 +1.376308587e+02 +2.5799e+00 +7.9664e-01 -1.4377e+00 +3.3099e+00 +4.1380e+00
2 +3.158110287e+01 +3.158110287e+01 +1.110611029e+02 +1.110611029e+02 -3.5126e+00 -4.4312e+00 +1.1603e+00 +1.8935e+00 -9.1185e-01
5 +2.271639930e+01 +2.271639930e+01 +1.021963993e+02 +1.021963993e+02 +1.4935e+00 +1.3107e+00 -2.1500e+00 +4.8567e+00 -4.7946e+00
28 +1.470153623e+01 +1.470153623e+01 +9.418153623e+01 +9.418153623e+01 +2.4043e-01 -4.5141e+00 -1.6979e+00 +2.8825e+00 -1.4289e+00
34 +5.827396021e+00 +5.827396021e+00 +8.530739602e+01 +8.530739602e+01 -5.5654e-01 -1.8834e+00 -2.1322e+00 +9.9175e-01 -4.0178e+00
51 +1.958309073e+00 +1.958309073e+00 +8.143830907e+01 +8.143830907e+01 +2.1649e-01 -2.3233e+00 -1.2501e+00 +1.5782e+00 -3.1262e+00
147 +7.843538709e-01 +7.843538709e-01 +8.026435387e+01 +8.026435387e+01 -1.3122e-01 -8.9213e-01 -8.6814e-01 +1.3150e+00 -2.2658e+00
203 +6.044723340e-01 +6.044723340e-01 +8.008447233e+01 +8.008447233e+01 -1.5897e-01 -8.7566e-01 -9.4546e-01 +1.8952e+00 -2.1278e+00
783 +3.597420014e-01 +3.597420014e-01 +7.983974200e+01 +7.983974200e+01 +3.5246e-01 -9.9170e-01 -4.9889e-01 +1.8132e+00 -2.1718e+00
972 +2.384453331e-01 +2.384453331e-01 +7.971844533e+01 +7.971844533e+01 +2.4699e-01 -7.0962e-01 -7.7859e-01 +1.9239e+00 -2.4925e+00
1127 +5.703733971e-02 +5.703733971e-02 +7.953703734e+01 +7.953703734e+01 +4.0338e-01 -1.0877e+00 -6.8185e-01 +1.7921e+00 -2.5820e+00
1487 +3.450042062e-02 +3.450042062e-02 +7.951450042e+01 +7.951450042e+01 +2.2361e-01 -1.0536e+00 -6.5262e-01 +1.9448e+00 -2.5483e+00
1783 +2.141600042e-02 +2.141600042e-02 +7.950141600e+01 +7.950141600e+01 +2.4052e-01 -1.1511e+00 -6.9036e-01 +1.9142e+00 -2.5395e+00
1817 +1.168729741e-02 +1.168729741e-02 +7.949168730e+01 +7.949168730e+01 +1.5379e-01 -1.1280e+00 -7.3933e-01 +1.9518e+00 -2.6676e+00
1875 +8.056240658e-03 +8.056240658e-03 +7.948805624e+01 +7.948805624e+01 +2.8351e-01 -1.1792e+00 -7.3469e-01 +1.9685e+00 -2.7495e+00
2051 +3.107375400e-03 +3.107375400e-03 +7.948310738e+01 +7.948310738e+01 +2.4216e-01 -1.1706e+00 -7.3521e-01 +1.9778e+00 -2.6745e+00
2167 +1.488192461e-03 +1.488192461e-03 +7.948148819e+01 +7.948148819e+01 +2.5417e-01 -1.1658e+00 -7.4368e-01 +1.9503e+00 -2.6597e+00
2595 +9.561089606e-04 +9.561089606e-04 +7.948095611e+01 +7.948095611e+01 +2.7445e-01 -1.1651e+00 -7.2590e-01 +1.9442e+00 -2.6709e+00
2849 +3.112544010e-04 +3.112544010e-04 +7.948031125e+01 +7.948031125e+01 +2.4863e-01 -1.1601e+00 -7.3710e-01 +1.9174e+00 -2.6752e+00
3089 +1.658641413e-04 +1.658641413e-04 +7.948016586e+01 +7.948016586e+01 +2.5679e-01 -1.1579e+00 -7.3344e-01 +1.9187e+00 -2.6797e+00
3195 +1.149247574e-04 +1.149247574e-04 +7.948011492e+01 +7.948011492e+01 +2.5737e-01 -1.1591e+00 -7.3256e-01 +1.9234e+00 -2.6782e+00
3235 +8.151456949e-05 +8.151456949e-05 +7.948008151e+01 +7.948008151e+01 +2.5530e-01 -1.1605e+00 -7.2903e-01 +1.9214e+00 -2.6841e+00
3395 +3.670443928e-05 +3.670443928e-05 +7.948003670e+01 +7.948003670e+01 +2.5616e-01 -1.1596e+00 -7.2710e-01 +1.9236e+00 -2.6809e+00
3435 +2.433235151e-05 +2.433235151e-05 +7.948002433e+01 +7.948002433e+01 +2.5559e-01 -1.1596e+00 -7.2277e-01 +1.9239e+00 -2.6818e+00
3520 +1.212493984e-05 +1.212493984e-05 +7.948001212e+01 +7.948001212e+01 +2.5092e-01 -1.1596e+00 -7.2410e-01 +1.9266e+00 -2.6800e+00
3910 +4.670387710e-06 +4.670387710e-06 +7.948000467e+01 +7.948000467e+01 +2.5376e-01 -1.1575e+00 -7.2246e-01 +1.9273e+00 -2.6809e+00
4515 +2.629399233e-06 +2.629399233e-06 +7.948000263e+01 +7.948000263e+01 +2.5426e-01 -1.1571e+00 -7.2358e-01 +1.9267e+00 -2.6811e+00
4635 +1.538394798e-06 +1.538394798e-06 +7.948000154e+01 +7.948000154e+01 +2.5220e-01 -1.1559e+00 -7.2343e-01 +1.9264e+00 -2.6811e+00
% function evaluation | noise-free fitness - Fopt (3.944800000000e+02) | best noise-free fitness - Fopt | measured fitness | best measured fitness | x1 | x2...
1 +2.806962591e+01 +2.806962591e+01 +4.225496259e+02 +4.225496259e+02 -1.2803e+00 -6.2173e-01 -3.0344e+00 +3.5440e+00 +4.7768e+00
21 +2.501728918e+01 +2.501728918e+01 +4.194972892e+02 +4.194972892e+02 -4.7903e+00 -9.1341e-01 -9.4497e-01 +2.1180e+00 -2.1330e+00
81 +1.539165855e+01 +1.539165855e+01 +4.098716585e+02 +4.098716585e+02 -5.0000e+00 -1.8247e+00 -2.3259e+00 +1.3679e+00 -1.2438e+00
85 +8.493784369e+00 +8.493784369e+00 +4.029737844e+02 +4.029737844e+02 -1.2349e+00 -3.2673e+00 -4.3837e+00 +3.7610e+00 +1.8071e+00
102 +5.187323162e+00 +5.187323162e+00 +3.996673232e+02 +3.996673232e+02 -3.7440e+00 -1.5340e+00 -3.3396e+00 +2.1681e+00 +1.1605e+00
124 +1.803199456e+00 +1.803199456e+00 +3.962831995e+02 +3.962831995e+02 -3.6251e+00 -2.7019e+00 -5.0000e+00 +4.3259e+00 +1.1456e+00
225 +1.281175714e+00 +1.281175714e+00 +3.957611757e+02 +3.957611757e+02 -4.3595e+00 -2.7618e+00 -4.6825e+00 +4.2010e+00 +4.2311e-01
260 +7.887920250e-01 +7.887920250e-01 +3.952687920e+02 +3.952687920e+02 -4.4753e+00 -2.4086e+00 -3.7091e+00 +3.4957e+00 +1.0762e+00
264 +5.352944847e-01 +5.352944847e-01 +3.950152945e+02 +3.950152945e+02 -3.6847e+00 -2.6756e+00 -3.8894e+00 +3.4251e+00 +4.0640e-01
285 +2.065295433e-01 +2.065295433e-01 +3.946865295e+02 +3.946865295e+02 -3.7733e+00 -2.8796e+00 -3.9106e+00 +3.5586e+00 +6.1697e-01
365 +1.304467889e-01 +1.304467889e-01 +3.946104468e+02 +3.946104468e+02 -3.8100e+00 -2.8065e+00 -4.1353e+00 +3.9306e+00 +9.2357e-01
632 +7.701024718e-02 +7.701024718e-02 +3.945570102e+02 +3.945570102e+02 -4.0027e+00 -2.9888e+00 -3.8294e+00 +4.0851e+00 +7.0586e-01
781 +4.055191163e-02 +4.055191163e-02 +3.945205519e+02 +3.945205519e+02 -4.0051e+00 -2.7339e+00 -3.8513e+00 +3.9129e+00 +8.1188e-01
912 +2.334232811e-02 +2.334232811e-02 +3.945033423e+02 +3.945033423e+02 -3.8494e+00 -3.0051e+00 -3.8148e+00 +3.9713e+00 +8.0163e-01
1506 +6.034190140e-03 +6.034190140e-03 +3.944860342e+02 +3.944860342e+02 -3.9042e+00 -2.9614e+00 -3.7789e+00 +3.9009e+00 +8.3956e-01
1524 +2.074685799e-03 +2.074685799e-03 +3.944820747e+02 +3.944820747e+02 -3.9204e+00 -2.8621e+00 -3.7965e+00 +3.9064e+00 +8.3181e-01
1550 +1.501995961e-03 +1.501995961e-03 +3.944815020e+02 +3.944815020e+02 -3.9189e+00 -2.9079e+00 -3.7860e+00 +3.9277e+00 +8.6390e-01
1954 +4.858363501e-04 +4.858363501e-04 +3.944804858e+02 +3.944804858e+02 -3.8952e+00 -2.8804e+00 -3.7872e+00 +3.9095e+00 +8.4775e-01
2310 +2.548739749e-04 +2.548739749e-04 +3.944802549e+02 +3.944802549e+02 -3.9043e+00 -2.8909e+00 -3.7973e+00 +3.9098e+00 +8.4590e-01
2394 +1.863022426e-04 +1.863022426e-04 +3.944801863e+02 +3.944801863e+02 -3.8964e+00 -2.8918e+00 -3.8068e+00 +3.9114e+00 +8.7049e-01
2430 +1.191355092e-04 +1.191355092e-04 +3.944801191e+02 +3.944801191e+02 -3.9062e+00 -2.8893e+00 -3.7965e+00 +3.9101e+00 +8.5775e-01
2789 +3.979495915e-05 +3.979495915e-05 +3.944800398e+02 +3.944800398e+02 -3.8980e+00 -2.8906e+00 -3.7969e+00 +3.9086e+00 +8.5833e-01
3190 +1.944722976e-05 +1.944722976e-05 +3.944800194e+02 +3.944800194e+02 -3.9010e+00 -2.8888e+00 -3.8016e+00 +3.9085e+00 +8.5825e-01
3470 +1.205785571e-05 +1.205785571e-05 +3.944800121e+02 +3.944800121e+02 -3.8989e+00 -2.8885e+00 -3.8027e+00 +3.9084e+00 +8.5945e-01
3581 +7.944156550e-06 +7.944156550e-06 +3.944800079e+02 +3.944800079e+02 -3.9002e+00 -2.8898e+00 -3.8011e+00 +3.9069e+00 +8.6010e-01
3661 +4.420788571e-06 +4.420788571e-06 +3.944800044e+02 +3.944800044e+02 -3.8999e+00 -2.8899e+00 -3.8022e+00 +3.9069e+00 +8.5925e-01
3901 +3.943254853e-06 +3.943254853e-06 +3.944800039e+02 +3.944800039e+02 -3.8989e+00 -2.8914e+00 -3.8022e+00 +3.9072e+00 +8.5897e-01
3990 +2.256716357e-06 +2.256716357e-06 +3.944800023e+02 +3.944800023e+02 -3.8987e+00 -2.8897e+00 -3.8021e+00 +3.9069e+00 +8.5920e-01
4560 +1.507589673e-06 +1.507589673e-06 +3.944800015e+02 +3.944800015e+02 -3.8981e+00 -2.8908e+00 -3.8022e+00 +3.9067e+00 +8.5954e-01
4665 +9.880479865e-07 +9.880479865e-07 +3.944800010e+02 +3.944800010e+02 -3.8980e+00 -2.8902e+00 -3.8026e+00 +3.9065e+00 +8.5931e-01
4777 +5.411577604e-07 +5.411577604e-07 +3.944800005e+02 +3.944800005e+02 -3.8987e+00 -2.8910e+00 -3.8027e+00 +3.9056e+00 +8.5902e-01
4897 +1.017825184e-07 +1.017825184e-07 +3.944800001e+02 +3.944800001e+02 -3.8982e+00 -2.8904e+00 -3.8026e+00 +3.9057e+00 +8.5920e-01
% function evaluation | noise-free fitness - Fopt (-2.471100000000e+02) | best noise-free fitness - Fopt | measured fitness | best measured fitness | x1 | x2...
1 +5.881656940e+01 +5.881656940e+01 -1.882934306e+02 -1.882934306e+02 -4.3664e-01 +4.8730e+00 +4.4827e-01 +1.2390e+00 -3.4196e+00
2 +3.540004209e+01 +3.540004209e+01 -2.117099579e+02 -2.117099579e+02 -4.0863e-01 +3.0730e+00 -9.0606e-01 -2.1317e+00 +5.3334e-01
15 +1.737649191e+01 +1.737649191e+01 -2.297335081e+02 -2.297335081e+02 -1.3327e+00 +9.0300e-02 +8.0834e-01 -9.6865e-01 -1.8252e+00
28 +1.436657518e+01 +1.436657518e+01 -2.327434248e+02 -2.327434248e+02 -3.5221e+00 +3.4367e+00 -9.1277e-01 -2.4721e+00 -4.6155e+00
49 +6.095165354e+00 +6.095165354e+00 -2.410148346e+02 -2.410148346e+02 -3.5534e+00 +4.4645e-01 +7.8955e-01 -4.1039e+00 -5.0000e+00
126 +2.281856143e+00 +2.281856143e+00 -2.448281439e+02 -2.448281439e+02 -4.0871e+00 -1.1745e+00 -2.1444e-01 -3.6575e+00 -3.3676e+00
183 +8.461893308e-01 +8.461893308e-01 -2.462638107e+02 -2.462638107e+02 -3.2164e+00 +6.3018e-01 -2.7115e-01 -3.8335e+00 -3.4577e+00
320 +5.984462091e-01 +5.984462091e-01 -2.465115538e+02 -2.465115538e+02 -3.4471e+00 -1.0818e-02 -1.1096e+00 -4.0178e+00 -2.7151e+00
368 +2.693668809e-01 +2.693668809e-01 -2.468406331e+02 -2.468406331e+02 -3.9587e+00 +6.8919e-02 -6.2281e-01 -3.2219e+00 -3.1262e+00
454 +1.750357144e-01 +1.750357144e-01 -2.469349643e+02 -2.469349643e+02 -3.9254e+00 +1.3109e-01 -8.7685e-01 -3.3581e+00 -3.0082e+00
642 +1.445584695e-01 +1.445584695e-01 -2.469654415e+02 -2.469654415e+02 -3.6015e+00 +9.9874e-02 -8.2857e-01 -3.5674e+00 -2.8524e+00
747 +1.292929613e-02 +1.292929613e-02 -2.470970707e+02 -2.470970707e+02 -3.8078e+00 +1.2229e-01 -7.5421e-01 -3.7056e+00 -3.1452e+00
1308 +6.845224781e-03 +6.845224781e-03 -2.471031548e+02 -2.471031548e+02 -3.8027e+00 +1.4449e-01 -7.4256e-01 -3.7060e+00 -3.0763e+00
1372 +5.421522259e-03 +5.421522259e-03 -2.471045785e+02 -2.471045785e+02 -3.7578e+00 +1.5725e-01 -7.0453e-01 -3.6695e+00 -3.0673e+00
1418 +1.216987764e-03 +1.216987764e-03 -2.471087830e+02 -2.471087830e+02 -3.7923e+00 +1.9048e-01 -7.1296e-01 -3.6926e+00 -3.1225e+00
1958 +9.087688379e-04 +9.087688379e-04 -2.471090912e+02 -2.471090912e+02 -3.7915e+00 +1.8791e-01 -6.9535e-01 -3.6931e+00 -3.1238e+00
2352 +6.163526438e-04 +6.163526438e-04 -2.471093836e+02 -2.471093836e+02 -3.7786e+00 +1.9194e-01 -6.9441e-01 -3.6963e+00 -3.0915e+00
2418 +3.656875468e-04 +3.656875468e-04 -2.471096343e+02 -2.471096343e+02 -3.7869e+00 +1.9238e-01 -6.8990e-01 -3.6999e+00 -3.0930e+00
2618 +1.943271455e-04 +1.943271455e-04 -2.471098057e+02 -2.471098057e+02 -3.7900e+00 +1.9403e-01 -6.9721e-01 -3.6920e+00 -3.0976e+00
2738 +1.322648071e-04 +1.322648071e-04 -2.471098677e+02 -2.471098677e+02 -3.7955e+00 +1.9356e-01 -6.9165e-01 -3.6928e+00 -3.0939e+00
2765 +5.351159658e-05 +5.351159658e-05 -2.471099465e+02 -2.471099465e+02 -3.7965e+00 +2.0305e-01 -6.9567e-01 -3.6956e+00 -3.0959e+00
3298 +3.149475779e-05 +3.149475779e-05 -2.471099685e+02 -2.471099685e+02 -3.7935e+00 +2.0360e-01 -6.9065e-01 -3.6920e+00 -3.0967e+00
3309 +8.222846674e-06 +8.222846674e-06 -2.471099918e+02 -2.471099918e+02 -3.7968e+00 +2.0184e-01 -6.9115e-01 -3.6907e+00 -3.0973e+00
3829 +5.603558009e-06 +5.603558009e-06 -2.471099944e+02 -2.471099944e+02 -3.7990e+00 +2.0107e-01 -6.9194e-01 -3.6912e+00 -3.0996e+00
3875 +3.909199989e-06 +3.909199989e-06 -2.471099961e+02 -2.471099961e+02 -3.7990e+00 +2.0442e-01 -6.9249e-01 -3.6910e+00 -3.0998e+00
3955 +1.492030691e-06 +1.492030691e-06 -2.471099985e+02 -2.471099985e+02 -3.7975e+00 +2.0297e-01 -6.9092e-01 -3.6907e+00 -3.0997e+00
4359 +6.791793794e-07 +6.791793794e-07 -2.471099993e+02 -2.471099993e+02 -3.7977e+00 +2.0323e-01 -6.9097e-01 -3.6915e+00 -3.0995e+00
4549 +5.574257216e-07 +5.574257216e-07 -2.471099994e+02 -2.471099994e+02 -3.7977e+00 +2.0293e-01 -6.9116e-01 -3.6912e+00 -3.0994e+00
4564 +3.069789045e-07 +3.069789045e-07 -2.471099997e+02 -2.471099997e+02 -3.7982e+00 +2.0329e-01 -6.9123e-01 -3.6915e+00 -3.0996e+00
4679 +2.417170037e-07 +2.417170037e-07 -2.471099998e+02 -2.471099998e+02 -3.7983e+00 +2.0330e-01 -6.9129e-01 -3.6915e+00 -3.0995e+00
4749 +1.003911052e-07 +1.003911052e-07 -2.471099999e+02 -2.471099999e+02 -3.7982e+00 +2.0343e-01 -6.9122e-01 -3.6913e+00 -3.0992e+00
4829 +7.128318202e-08 +7.128318202e-08 -2.471099999e+02 -2.471099999e+02 -3.7982e+00 +2.0318e-01 -6.9122e-01 -3.6912e+00 -3.0993e+00
% function evaluation | noise-free fitness - Fopt (-1.520400000000e+02) | best noise-free fitness - Fopt | measured fitness | best measured fitness | x1 | x2...
1 +1.110358271e+02 +1.110358271e+02 -4.100417295e+01 -4.100417295e+01 -5.6898e-01 -3.3034e+00 +4.3522e+00 +4.9240e+00 -1.7570e+00
2 +6.256769950e+01 +6.256769950e+01 -8.947230050e+01 -8.947230050e+01 -3.1802e+00 +2.0140e-01 -4.5801e+00 -3.9061e+00 +2.9454e+00
7 +1.339996402e+01 +1.339996402e+01 -1.386400360e+02 -1.386400360e+02 -2.8500e-01 +1.5233e+00 -1.8325e+00 +5.3877e-01 +3.6047e+00
72 +8.811807495e+00 +8.811807495e+00 -1.432281925e+02 -1.432281925e+02 -1.8569e+00 +2.4436e+00 -2.5985e+00 +1.4464e+00 +2.6681e+00
107 +5.699570829e+00 +5.699570829e+00 -1.463404292e+02 -1.463404292e+02 -9.8028e-01 +2.3500e+00 -2.7304e+00 +5.0000e+00 +2.3412e+00
118 +2.227563047e+00 +2.227563047e+00 -1.498124370e+02 -1.498124370e+02 -9.0372e-01 +2.2980e+00 -4.0371e+00 +2.6928e+00 +3.2445e+00
174 +1.092389378e+00 +1.092389378e+00 -1.509476106e+02 -1.509476106e+02 +1.0760e-01 +9.8042e-01 -4.7535e+00 +3.1110e+00 +2.6034e+00
292 +8.026632495e-01 +8.026632495e-01 -1.512373368e+02 -1.512373368e+02 -3.8052e-01 +2.2024e+00 -4.0951e+00 +3.0060e+00 +2.6843e+00
338 +4.521569558e-01 +4.521569558e-01 -1.515878430e+02 -1.515878430e+02 -9.9581e-02 +1.9533e+00 -3.7327e+00 +3.6042e+00 +2.3073e+00
518 +3.382419492e-01 +3.382419492e-01 -1.517017581e+02 -1.517017581e+02 -2.7713e-01 +1.0689e+00 -3.8062e+00 +3.6667e+00 +2.1719e+00
839 +2.419263892e-01 +2.419263892e-01 -1.517980736e+02 -1.517980736e+02 +1.0023e-01 +1.2482e+00 -3.8309e+00 +3.1281e+00 +2.2223e+00
907 +1.144079730e-01 +1.144079730e-01 -1.519255920e+02 -1.519255920e+02 -3.4985e-01 +1.2960e+00 -4.0039e+00 +3.4316e+00 +2.1608e+00
1009 +7.865967674e-02 +7.865967674e-02 -1.519613403e+02 -1.519613403e+02 -5.0412e-01 +1.3308e+00 -3.8505e+00 +3.3547e+00 +2.3487e+00
1073 +2.860124487e-02 +2.860124487e-02 -1.520113988e+02 -1.520113988e+02 -3.4156e-01 +1.4304e+00 -3.7843e+00 +3.2621e+00 +2.4648e+00
1354 +5.244723934e-03 +5.244723934e-03 -1.520347553e+02 -1.520347553e+02 -2.1025e-01 +1.4260e+00 -3.9280e+00 +3.3219e+00 +2.3823e+00
1941 +3.347872016e-03 +3.347872016e-03 -1.520366521e+02 -1.520366521e+02 -2.1890e-01 +1.4034e+00 -3.9051e+00 +3.2824e+00 +2.4196e+00
2359 +2.448535275e-03 +2.448535275e-03 -1.520375515e+02 -1.520375515e+02 -2.6370e-01 +1.4149e+00 -3.9221e+00 +3.3207e+00 +2.3771e+00
2389 +1.554669402e-03 +1.554669402e-03 -1.520384453e+02 -1.520384453e+02 -2.9603e-01 +1.4240e+00 -3.9214e+00 +3.2759e+00 +2.4027e+00
2546 +6.550663363e-04 +6.550663363e-04 -1.520393449e+02 -1.520393449e+02 -2.6477e-01 +1.4031e+00 -3.9156e+00 +3.2972e+00 +2.4305e+00
2626 +6.004475302e-04 +6.004475302e-04 -1.520393996e+02 -1.520393996e+02 -2.6393e-01 +1.4073e+00 -3.9152e+00 +3.2916e+00 +2.4331e+00
2766 +1.545003560e-04 +1.545003560e-04 -1.520398455e+02 -1.520398455e+02 -2.6712e-01 +1.4135e+00 -3.9251e+00 +3.2977e+00 +2.4258e+00
2806 +4.369016833e-05 +4.369016833e-05 -1.520399563e+02 -1.520399563e+02 -2.6870e-01 +1.4211e+00 -3.9276e+00 +3.2991e+00 +2.4236e+00
3246 +2.918542882e-05 +2.918542882e-05 -1.520399708e+02 -1.520399708e+02 -2.6857e-01 +1.4244e+00 -3.9276e+00 +3.2996e+00 +2.4226e+00
3286 +1.954457119e-05 +1.954457119e-05 -1.520399805e+02 -1.520399805e+02 -2.6724e-01 +1.4236e+00 -3.9257e+00 +3.2996e+00 +2.4225e+00
3975 +1.098805353e-05 +1.098805353e-05 -1.520399890e+02 -1.520399890e+02 -2.6647e-01 +1.4235e+00 -3.9244e+00 +3.2965e+00 +2.4224e+00
4055 +6.846309816e-06 +6.846309816e-06 -1.520399932e+02 -1.520399932e+02 -2.6777e-01 +1.4236e+00 -3.9251e+00 +3.2967e+00 +2.4217e+00
4335 +1.198320660e-06 +1.198320660e-06 -1.520399988e+02 -1.520399988e+02 -2.6806e-01 +1.4236e+00 -3.9250e+00 +3.2963e+00 +2.4192e+00
4535 +5.927706184e-07 +5.927706184e-07 -1.520399994e+02 -1.520399994e+02 -2.6723e-01 +1.4236e+00 -3.9247e+00 +3.2962e+00 +2.4195e+00
% function evaluation | noise-free fitness - Fopt (-2.525000000000e+01) | best noise-free fitness - Fopt | measured fitness | best measured fitness | x1 | x2...
1 +3.613726922e+01 +3.613726922e+01 +1.088726922e+01 +1.088726922e+01 +2.8525e+00 -2.7938e+00 +1.8323e-01 -1.6873e+00 -1.2865e+00
12 +1.940364566e+01 +1.940364566e+01 -5.846354344e+00 -5.846354344e+00 +1.6853e+00 -1.3167e+00 -1.3523e+00 +4.4208e-01 +1.0310e+00
31 +3.573197349e+00 +3.573197349e+00 -2.167680265e+01 -2.167680265e+01 +2.3109e+00 -6.0198e-01 -1.3728e+00 -2.5801e+00 +2.8988e+00
123 +4.506791482e-01 +4.506791482e-01 -2.479932085e+01 -2.479932085e+01 +4.0530e+00 +4.9733e-01 -9.3898e-01 -2.0732e+00 +3.3019e+00
408 +3.463288930e-01 +3.463288930e-01 -2.490367111e+01 -2.490367111e+01 +3.7420e+00 +3.2590e-01 -1.7110e+00 -2.1071e+00 +3.6822e+00
546 +2.367448514e-01 +2.367448514e-01 -2.501325515e+01 -2.501325515e+01 +3.9127e+00 +5.4582e-01 -1.2402e+00 -2.2149e+00 +3.6178e+00
568 +1.151043110e-01 +1.151043110e-01 -2.513489569e+01 -2.513489569e+01 +3.4486e+00 +7.1299e-01 -1.3586e+00 -2.3295e+00 +3.5121e+00
885 +5.619434578e-02 +5.619434578e-02 -2.519380565e+01 -2.519380565e+01 +3.4518e+00 +5.1607e-01 -1.5427e+00 -2.1808e+00 +3.3073e+00
1150 +3.407977294e-02 +3.407977294e-02 -2.521592023e+01 -2.521592023e+01 +3.4424e+00 +6.3572e-01 -1.3605e+00 -2.1255e+00 +3.2915e+00
1399 +2.417500090e-02 +2.417500090e-02 -2.522582500e+01 -2.522582500e+01 +3.5228e+00 +6.1496e-01 -1.3598e+00 -2.0726e+00 +3.2252e+00
1871 +1.257030720e-02 +1.257030720e-02 -2.523742969e+01 -2.523742969e+01 +3.5868e+00 +6.6184e-01 -1.3824e+00 -2.2438e+00 +3.3326e+00
1937 +9.812101516e-03 +9.812101516e-03 -2.524018790e+01 -2.524018790e+01 +3.5795e+00 +6.2213e-01 -1.3659e+00 -2.0798e+00 +3.2976e+00
2033 +6.250234514e-03 +6.250234514e-03 -2.524374977e+01 -2.524374977e+01 +3.6249e+00 +6.4745e-01 -1.4266e+00 -2.0826e+00 +3.2647e+00
2534 +3.879080944e-03 +3.879080944e-03 -2.524612092e+01 -2.524612092e+01 +3.6593e+00 +6.5550e-01 -1.4486e+00 -2.1590e+00 +3.3229e+00
2767 +2.083524018e-03 +2.083524018e-03 -2.524791648e+01 -2.524791648e+01 +3.6535e+00 +6.3906e-01 -1.4046e+00 -2.1487e+00 +3.2816e+00
2774 +8.965178873e-04 +8.965178873e-04 -2.524910348e+01 -2.524910348e+01 +3.5963e+00 +6.5023e-01 -1.4286e+00 -2.1668e+00 +3.2868e+00
3111 +3.983628403e-04 +3.983628403e-04 -2.524960164e+01 -2.524960164e+01 +3.6074e+00 +6.5167e-01 -1.4215e+00 -2.1533e+00 +3.3056e+00
3139 +1.206336734e-04 +1.206336734e-04 -2.524987937e+01 -2.524987937e+01 +3.6065e+00 +6.4097e-01 -1.4238e+00 -2.1521e+00 +3.2923e+00
3214 +6.216252963e-05 +6.216252963e-05 -2.524993784e+01 -2.524993784e+01 +3.6143e+00 +6.3312e-01 -1.4166e+00 -2.1477e+00 +3.2943e+00
4127 +3.286920829e-05 +3.286920829e-05 -2.524996713e+01 -2.524996713e+01 +3.6120e+00 +6.3375e-01 -1.4236e+00 -2.1503e+00 +3.2930e+00
4207 +2.188967752e-05 +2.188967752e-05 -2.524997811e+01 -2.524997811e+01 +3.6120e+00 +6.3248e-01 -1.4212e+00 -2.1499e+00 +3.2963e+00
4647 +1.133199497e-05 +1.133199497e-05 -2.524998867e+01 -2.524998867e+01 +3.6120e+00 +6.3651e-01 -1.4204e+00 -2.1521e+00 +3.2982e+00
4659 +7.749708818e-06 +7.749708818e-06 -2.524999225e+01 -2.524999225e+01 +3.6119e+00 +6.3484e-01 -1.4211e+00 -2.1520e+00 +3.2973e+00
4806 +5.386181016e-06 +5.386181016e-06 -2.524999461e+01 -2.524999461e+01 +3.6148e+00 +6.3525e-01 -1.4214e+00 -2.1525e+00 +3.2991e+00
4863 +3.761617062e-06 +3.761617062e-06 -2.524999624e+01 -2.524999624e+01 +3.6156e+00 +6.3605e-01 -1.4212e+00 -2.1516e+00 +3.2970e+00
4886 +8.999247001e-07 +8.999247001e-07 -2.524999910e+01 -2.524999910e+01 +3.6138e+00 +6.3555e-01 -1.4213e+00 -2.1525e+00 +3.2964e+00
% function evaluation | noise-free fitness - Fopt (-2.017200000000e+02) | best noise-free fitness - Fopt | measured fitness | best measured fitness | x1 | x2...
1 +1.083338715e+02 +1.083338715e+02 -9.338612851e+01 -9.338612851e+01 +2.9910e+00 +2.8935e+00 +2.1638e+00 -4.1506e+00 +3.8926e+00
2 +7.257546010e+01 +7.257546010e+01 -1.291445399e+02 -1.291445399e+02 +3.3168e+00 -2.5714e+00 +4.1724e+00 +7.8305e-01 -2.6166e+00
3 +6.083577386e+01 +6.083577386e+01 -1.408842261e+02 -1.408842261e+02 +4.8149e+00 -7.2484e-01 +2.7278e+00 +5.0627e-01 +2.6172e+00
8 +1.381176695e+01 +1.381176695e+01 -1.879082331e+02 -1.879082331e+02 +1.8521e+00 -3.1388e+00 -1.1043e+00 +1.6552e+00 +3.6124e+00
46 +5.544321515e+00 +5.544321515e+00 -1.961756785e+02 -1.961756785e+02 +9.2776e-02 -3.3457e+00 -1.3551e+00 +3.0229e+00 +4.5775e-01
130 +1.523490626e+00 +1.523490626e+00 -2.001965094e+02 -2.001965094e+02 -1.9094e+00 -2.7277e+00 +0.0000e+00 +2.9304e+00 +2.0551e+00
322 +8.956129343e-01 +8.956129343e-01 -2.008243871e+02 -2.008243871e+02 -1.1765e+00 -2.2226e+00 -8.8339e-01 +2.0274e+00 +2.5339e+00
480 +5.585309520e-01 +5.585309520e-01 -2.011614690e+02 -2.011614690e+02 -1.5564e+00 -2.5416e+00 -9.8412e-01 +2.1281e+00 +1.4085e+00
524 +3.926996360e-01 +3.926996360e-01 -2.013273004e+02 -2.013273004e+02 -1.1383e+00 -2.9474e+00 -1.0225e+00 +2.0539e+00 +2.4889e+00
594 +1.312468446e-01 +1.312468446e-01 -2.015887532e+02 -2.015887532e+02 -1.4168e+00 -2.6003e+00 -1.0387e+00 +2.2248e+00 +1.8790e+00
1126 +8.553456108e-02 +8.553456108e-02 -2.016344654e+02 -2.016344654e+02 -1.4669e+00 -2.6521e+00 -8.1133e-01 +2.3094e+00 +2.0358e+00
1455 +4.364638557e-02 +4.364638557e-02 -2.016763536e+02 -2.016763536e+02 -1.5264e+00 -2.8316e+00 -8.2091e-01 +2.2715e+00 +2.0997e+00
1473 +3.682448683e-02 +3.682448683e-02 -2.016831755e+02 -2.016831755e+02 -1.2608e+00 -2.8453e+00 -8.7319e-01 +2.3090e+00 +2.0542e+00
1563 +2.063096812e-02 +2.063096812e-02 -2.016993690e+02 -2.016993690e+02 -1.3795e+00 -2.8693e+00 -1.0328e+00 +2.3216e+00 +2.1114e+00
1615 +1.302073968e-02 +1.302073968e-02 -2.017069793e+02 -2.017069793e+02 -1.4392e+00 -2.8208e+00 -9.0486e-01 +2.2836e+00 +2.0497e+00
1695 +8.533170306e-03 +8.533170306e-03 -2.017114668e+02 -2.017114668e+02 -1.4562e+00 -2.9066e+00 -9.9906e-01 +2.3640e+00 +2.0707e+00
1840 +6.205945700e-03 +6.205945700e-03 -2.017137941e+02 -2.017137941e+02 -1.4556e+00 -2.8989e+00 -8.9741e-01 +2.3698e+00 +1.9766e+00
2406 +3.223126206e-03 +3.223126206e-03 -2.017167769e+02 -2.017167769e+02 -1.4458e+00 -2.8884e+00 -9.0586e-01 +2.3528e+00 +1.9939e+00
2469 +9.515079956e-04 +9.515079956e-04 -2.017190485e+02 -2.017190485e+02 -1.4278e+00 -2.8847e+00 -9.4209e-01 +2.3506e+00 +2.0004e+00
2789 +5.871993741e-04 +5.871993741e-04 -2.017194128e+02 -2.017194128e+02 -1.4117e+00 -2.8881e+00 -9.4170e-01 +2.3460e+00 +2.0146e+00
2909 +3.353509163e-04 +3.353509163e-04 -2.017196646e+02 -2.017196646e+02 -1.4252e+00 -2.8950e+00 -9.4127e-01 +2.3242e+00 +2.0225e+00
3109 +1.421483709e-04 +1.421483709e-04 -2.017198579e+02 -2.017198579e+02 -1.4156e+00 -2.8958e+00 -9.4193e-01 +2.3343e+00 +2.0100e+00
3200 +8.469753075e-05 +8.469753075e-05 -2.017199153e+02 -2.017199153e+02 -1.4233e+00 -2.8984e+00 -9.4097e-01 +2.3346e+00 +2.0104e+00
3349 +4.266891276e-05 +4.266891276e-05 -2.017199573e+02 -2.017199573e+02 -1.4187e+00 -2.9055e+00 -9.4126e-01 +2.3285e+00 +2.0109e+00
3389 +3.201280674e-05 +3.201280674e-05 -2.017199680e+02 -2.017199680e+02 -1.4216e+00 -2.9074e+00 -9.4154e-01 +2.3326e+00 +2.0086e+00
3669 +2.429007742e-05 +2.429007742e-05 -2.017199757e+02 -2.017199757e+02 -1.4217e+00 -2.9060e+00 -9.4142e-01 +2.3308e+00 +2.0106e+00
4114 +9.477133773e-06 +9.477133773e-06 -2.017199905e+02 -2.017199905e+02 -1.4209e+00 -2.9058e+00 -9.4258e-01 +2.3323e+00 +2.0121e+00
4229 +3.717705425e-06 +3.717705425e-06 -2.017199963e+02 -2.017199963e+02 -1.4206e+00 -2.9057e+00 -9.4369e-01 +2.3327e+00 +2.0120e+00
4269 +9.028056809e-07 +9.028056809e-07 -2.017199991e+02 -2.017199991e+02 -1.4205e+00 -2.9057e+00 -9.4475e-01 +2.3329e+00 +2.0117e+00
4309 +4.023819145e-07 +4.023819145e-07 -2.017199996e+02 -2.017199996e+02 -1.4204e+00 -2.9056e+00 -9.4559e-01 +2.3330e+00 +2.0116e+00
4669 +3.297588478e-07 +3.297588478e-07 -2.017199997e+02 -2.017199997e+02 -1.4204e+00 -2.9056e+00 -9.4571e-01 +2.3330e+00 +2.0117e+00
4794 +2.320191186e-07 +2.320191186e-07 -2.017199998e+02 -2.017199998e+02 -1.4204e+00 -2.9055e+00 -9.4558e-01 +2.3328e+00 +2.0118e+00
% function evaluation | noise-free fitness - Fopt (-1.000000000000e+03) | best noise-free fitness - Fopt | measured fitness | best measured fitness | x1 | x2...
1 +2.982928171e+01 +2.982928171e+01 -9.701707183e+02 -9.701707183e+02 -2.5413e+00 +1.7736e+00 -1.7738e-01 -1.8755e+00 -6.0989e-01
4 +1.457862346e+01 +1.457862346e+01 -9.854213765e+02 -9.854213765e+02 +2.1315e-01 +4.1996e-01 +8.3661e-01 -2.8089e+00 +1.2519e+00
20 +8.569466489e+00 +8.569466489e+00 -9.914305335e+02 -9.914305335e+02 +2.4655e+00 +6.7819e-01 -2.5229e-01 -1.0565e+00 +2.7528e+00
61 +1.579189977e+00 +1.579189977e+00 -9.984208100e+02 -9.984208100e+02 -3.9913e-01 +4.0782e-01 -1.1258e+00 -6.3106e-01 +3.5195e+00
304 +5.668718110e-01 +5.668718110e-01 -9.994331282e+02 -9.994331282e+02 -7.6179e-03 +7.6041e-01 +2.8102e-01 -3.2323e-01 +3.6063e+00
424 +2.662974798e-01 +2.662974798e-01 -9.997337025e+02 -9.997337025e+02 -3.5289e-02 +6.7526e-01 +1.0135e-01 -1.0400e-01 +3.5931e+00
633 +1.972023581e-01 +1.972023581e-01 -9.998027976e+02 -9.998027976e+02 -2.7755e-01 +2.5687e-01 +1.1260e-01 -2.4653e-01 +3.7815e+00
804 +1.465621935e-01 +1.465621935e-01 -9.998534378e+02 -9.998534378e+02 +1.4015e-01 +1.7094e-03 -1.7872e-02 -1.2970e-01 +3.4813e+00
944 +5.593888676e-02 +5.593888676e-02 -9.999440611e+02 -9.999440611e+02 -9.5853e-02 +1.5261e-01 -3.8890e-02 -1.5135e-01 +3.7237e+00
992 +3.840300242e-02 +3.840300242e-02 -9.999615970e+02 -9.999615970e+02 -1.3261e-01 +1.5771e-01 -1.9547e-01 +1.9102e-02 +3.7626e+00
1093 +2.257449820e-02 +2.257449820e-02 -9.999774255e+02 -9.999774255e+02 -1.2089e-01 +1.6048e-01 -9.4980e-02 +1.3189e-01 +3.6597e+00
1224 +9.469258590e-03 +9.469258590e-03 -9.999905307e+02 -9.999905307e+02 -1.2544e-01 +2.9664e-01 -9.0169e-02 +5.1140e-02 +3.5825e+00
1673 +3.267526451e-03 +3.267526451e-03 -9.999967325e+02 -9.999967325e+02 -8.2606e-02 +2.4833e-01 -8.9309e-02 +6.2177e-02 +3.5956e+00
2113 +2.438957395e-03 +2.438957395e-03 -9.999975610e+02 -9.999975610e+02 -7.9428e-02 +2.4315e-01 -9.8534e-02 +5.9304e-02 +3.5916e+00
2229 +8.197522809e-04 +8.197522809e-04 -9.999991802e+02 -9.999991802e+02 -5.7911e-02 +2.4073e-01 -1.0930e-01 +3.1186e-02 +3.5978e+00
2363 +5.024953090e-04 +5.024953090e-04 -9.999994975e+02 -9.999994975e+02 -7.6428e-02 +2.4055e-01 -1.2059e-01 +2.8565e-02 +3.5891e+00
2717 +3.068209835e-04 +3.068209835e-04 -9.999996932e+02 -9.999996932e+02 -7.0943e-02 +2.3104e-01 -1.1888e-01 +1.7768e-02 +3.6216e+00
3146 +2.421508540e-04 +2.421508540e-04 -9.999997578e+02 -9.999997578e+02 -7.8935e-02 +2.3334e-01 -1.0784e-01 +2.5588e-02 +3.6001e+00
3351 +1.551553066e-05 +1.551553066e-05 -9.999999845e+02 -9.999999845e+02 -7.6267e-02 +2.3162e-01 -1.1899e-01 +2.0029e-02 +3.6045e+00
3831 +2.052692594e-06 +2.052692594e-06 -9.999999979e+02 -9.999999979e+02 -7.6054e-02 +2.2770e-01 -1.2077e-01 +2.0882e-02 +3.6058e+00
4817 +1.057316922e-06 +1.057316922e-06 -9.999999989e+02 -9.999999989e+02 -7.6446e-02 +2.2851e-01 -1.1988e-01 +2.0783e-02 +3.6054e+00
4897 +8.931583579e-07 +8.931583579e-07 -9.999999991e+02 -9.999999991e+02 -7.6408e-02 +2.2813e-01 -1.2018e-01 +2.0788e-02 +3.6053e+00
% function evaluation | noise-free fitness - Fopt (-4.290000000000e+01) | best noise-free fitness - Fopt | measured fitness | best measured fitness | x1 | x2...
1 +5.431474908e+01 +5.431474908e+01 +1.141474908e+01 +1.141474908e+01 +2.4709e+00 +2.6342e+00 +4.6677e+00 -4.7586e+00 +3.5693e+00
2 +1.718344164e+01 +1.718344164e+01 -2.571655836e+01 -2.571655836e+01 +5.8477e-01 +3.9673e+00 +2.7006e+00 +1.7668e+00 -4.1519e+00
14 +8.730981092e+00 +8.730981092e+00 -3.416901891e+01 -3.416901891e+01 +1.0633e+00 +2.2155e+00 +2.3973e+00 -2.4932e+00 -3.8147e+00
76 +5.126662603e+00 +5.126662603e+00 -3.777333740e+01 -3.777333740e+01 +1.4138e+00 +2.6275e+00 +2.6899e+00 -2.3490e-01 -1.2909e+00
192 +3.949051040e+00 +3.949051040e+00 -3.895094896e+01 -3.895094896e+01 +1.6655e+00 +1.5320e+00 +4.6092e+00 -1.2451e+00 -1.3968e+00
315 +2.143749875e+00 +2.143749875e+00 -4.075625013e+01 -4.075625013e+01 +3.1981e+00 +3.1194e+00 +4.2842e+00 -1.6168e+00 -1.8497e+00
324 +1.038017434e+00 +1.038017434e+00 -4.186198257e+01 -4.186198257e+01 +3.2325e+00 +2.1266e+00 +4.2520e+00 -2.8056e-01 -2.3140e+00
370 +5.320819180e-01 +5.320819180e-01 -4.236791808e+01 -4.236791808e+01 +3.2224e+00 +2.5524e+00 +3.5751e+00 -9.6229e-01 -2.8984e+00
432 +1.994541482e-01 +1.994541482e-01 -4.270054585e+01 -4.270054585e+01 +2.9266e+00 +2.5522e+00 +3.9123e+00 -1.0315e+00 -2.8951e+00
466 +6.994151849e-02 +6.994151849e-02 -4.283005848e+01 -4.283005848e+01 +2.6383e+00 +2.4840e+00 +4.0509e+00 -6.7869e-01 -2.6283e+00
951 +5.054179988e-02 +5.054179988e-02 -4.284945820e+01 -4.284945820e+01 +2.7283e+00 +2.4920e+00 +4.0386e+00 -9.6563e-01 -2.6206e+00
991 +1.565890221e-02 +1.565890221e-02 -4.288434110e+01 -4.288434110e+01 +2.7049e+00 +2.4937e+00 +3.8967e+00 -9.3981e-01 -2.6222e+00
1707 +8.308847295e-03 +8.308847295e-03 -4.289169115e+01 -4.289169115e+01 +2.7003e+00 +2.4068e+00 +3.8544e+00 -9.1671e-01 -2.6118e+00
1770 +4.510760013e-03 +4.510760013e-03 -4.289548924e+01 -4.289548924e+01 +2.6167e+00 +2.4423e+00 +3.8150e+00 -8.8297e-01 -2.6149e+00
1970 +2.941769912e-03 +2.941769912e-03 -4.289705823e+01 -4.289705823e+01 +2.6566e+00 +2.4391e+00 +3.8355e+00 -8.9027e-01 -2.6181e+00
2191 +2.343727650e-03 +2.343727650e-03 -4.289765627e+01 -4.289765627e+01 +2.6171e+00 +2.3967e+00 +3.8506e+00 -8.7507e-01 -2.6091e+00
2311 +1.573506062e-03 +1.573506062e-03 -4.289842649e+01 -4.289842649e+01 +2.6406e+00 +2.3970e+00 +3.8681e+00 -8.5791e-01 -2.6551e+00
2391 +6.350828288e-04 +6.350828288e-04 -4.289936492e+01 -4.289936492e+01 +2.6227e+00 +2.4143e+00 +3.8670e+00 -8.5531e-01 -2.6469e+00
2471 +4.567585277e-04 +4.567585277e-04 -4.289954324e+01 -4.289954324e+01 +2.6249e+00 +2.4142e+00 +3.8684e+00 -8.5543e-01 -2.6240e+00
2511 +3.629954094e-04 +3.629954094e-04 -4.289963700e+01 -4.289963700e+01 +2.6375e+00 +2.4142e+00 +3.8666e+00 -8.5571e-01 -2.6298e+00
2626 +5.280930772e-05 +5.280930772e-05 -4.289994719e+01 -4.289994719e+01 +2.6324e+00 +2.4321e+00 +3.8740e+00 -8.6723e-01 -2.6380e+00
2969 +3.954431442e-06 +3.954431442e-06 -4.289999605e+01 -4.289999605e+01 +2.6321e+00 +2.4278e+00 +3.8753e+00 -8.6620e-01 -2.6331e+00
3919 +2.244386017e-06 +2.244386017e-06 -4.289999776e+01 -4.289999776e+01 +2.6330e+00 +2.4274e+00 +3.8750e+00 -8.6677e-01 -2.6330e+00
4679 +9.067903122e-07 +9.067903122e-07 -4.289999909e+01 -4.289999909e+01 +2.6331e+00 +2.4273e+00 +3.8729e+00 -8.6697e-01 -2.6330e+00
4769 +3.926813505e-07 +3.926813505e-07 -4.289999961e+01 -4.289999961e+01 +2.6332e+00 +2.4271e+00 +3.8736e+00 -8.6680e-01 -2.6330e+00
% function evaluation | noise-free fitness - Fopt (-1.013200000000e+02) | best noise-free fitness - Fopt | measured fitness | best measured fitness | x1 | x2...
1 +9.879922136e+01 +9.879922136e+01 -2.520778644e+00 -2.520778644e+00 +8.6141e-01 +4.3422e+00 -4.7333e+00 +2.1481e+00 +1.6593e+00
3 +1.477515920e+01 +1.477515920e+01 -8.654484080e+01 -8.654484080e+01 +3.8829e+00 -3.5096e-01 +2.2082e+00 -3.1257e+00 -2.6317e+00
11 +9.870284475e+00 +9.870284475e+00 -9.144971553e+01 -9.144971553e+01 +6.9758e-01 +2.3459e+00 -6.3823e-01 -3.2415e+00 -4.5323e+00
60 +5.914389085e+00 +5.914389085e+00 -9.540561091e+01 -9.540561091e+01 +8.3251e-01 +1.6347e+00 +2.4231e+00 -5.0000e+00 -3.2152e+00
83 +2.729633599e+00 +2.729633599e+00 -9.859036640e+01 -9.859036640e+01 +2.7804e+00 +2.6439e+00 +2.6930e+00 -3.8541e+00 -2.5242e+00
208 +1.627602788e+00 +1.627602788e+00 -9.969239721e+01 -9.969239721e+01 +2.4135e+00 +3.0676e+00 +1.8379e+00 -2.5714e+00 -2.3073e+00
223 +1.584552691e+00 +1.584552691e+00 -9.973544731e+01 -9.973544731e+01 +9.9474e-01 +3.1790e+00 +1.6813e+00 -3.5645e+00 -2.4047e+00
298 +5.871031903e-01 +5.871031903e-01 -1.007328968e+02 -1.007328968e+02 +1.6304e+00 +3.2179e+00 +2.2681e+00 -3.4573e+00 -3.5382e+00
396 +2.576623160e-01 +2.576623160e-01 -1.010623377e+02 -1.010623377e+02 +1.8964e+00 +2.5088e+00 +1.5952e+00 -3.0486e+00 -3.2854e+00
544 +1.115838550e-01 +1.115838550e-01 -1.012084161e+02 -1.012084161e+02 +1.8542e+00 +2.7594e+00 +2.0563e+00 -2.9838e+00 -3.4382e+00
564 +9.334565479e-02 +9.334565479e-02 -1.012266543e+02 -1.012266543e+02 +1.5670e+00 +2.9568e+00 +2.1518e+00 -3.0107e+00 -3.1624e+00
929 +4.835395233e-02 +4.835395233e-02 -1.012716460e+02 -1.012716460e+02 +1.7027e+00 +2.9114e+00 +2.1158e+00 -3.1245e+00 -3.1358e+00
1101 +1.806616363e-02 +1.806616363e-02 -1.013019338e+02 -1.013019338e+02 +1.6376e+00 +2.6910e+00 +1.9906e+00 -3.0737e+00 -3.0696e+00
1365 +1.382439767e-02 +1.382439767e-02 -1.013061756e+02 -1.013061756e+02 +1.7039e+00 +2.7931e+00 +1.9756e+00 -3.0603e+00 -3.0602e+00
1399 +6.247786238e-03 +6.247786238e-03 -1.013137522e+02 -1.013137522e+02 +1.7553e+00 +2.7242e+00 +1.9888e+00 -3.1015e+00 -3.1405e+00
1484 +3.826246880e-03 +3.826246880e-03 -1.013161738e+02 -1.013161738e+02 +1.7232e+00 +2.7216e+00 +1.9900e+00 -3.1016e+00 -3.2019e+00
1564 +2.502063160e-03 +2.502063160e-03 -1.013174979e+02 -1.013174979e+02 +1.7079e+00 +2.7462e+00 +1.9797e+00 -3.1194e+00 -3.1552e+00
1810 +4.712543544e-04 +4.712543544e-04 -1.013195287e+02 -1.013195287e+02 +1.6874e+00 +2.7406e+00 +1.9814e+00 -3.0739e+00 -3.1599e+00
2312 +3.075043226e-04 +3.075043226e-04 -1.013196925e+02 -1.013196925e+02 +1.6951e+00 +2.7478e+00 +1.9837e+00 -3.0800e+00 -3.1596e+00
2531 +1.262197543e-04 +1.262197543e-04 -1.013198738e+02 -1.013198738e+02 +1.6963e+00 +2.7650e+00 +1.9753e+00 -3.0760e+00 -3.1754e+00
2834 +8.436136241e-06 +8.436136241e-06 -1.013199916e+02 -1.013199916e+02 +1.6971e+00 +2.7574e+00 +1.9721e+00 -3.0746e+00 -3.1715e+00
3392 +3.569516750e-06 +3.569516750e-06 -1.013199964e+02 -1.013199964e+02 +1.6972e+00 +2.7538e+00 +1.9725e+00 -3.0745e+00 -3.1701e+00
4531 +2.095684621e-06 +2.095684621e-06 -1.013199979e+02 -1.013199979e+02 +1.6976e+00 +2.7550e+00 +1.9725e+00 -3.0744e+00 -3.1709e+00
4572 +1.584747878e-06 +1.584747878e-06 -1.013199984e+02 -1.013199984e+02 +1.6977e+00 +2.7554e+00 +1.9734e+00 -3.0747e+00 -3.1712e+00
% function evaluation | noise-free fitness - Fopt (3.650000000000e+00) | best noise-free fitness - Fopt | measured fitness | best measured fitness | x1 | x2...
1 +1.107904001e+02 +1.107904001e+02 +1.144404001e+02 +1.144404001e+02 +3.9987e+00 -2.5445e+00 +4.8701e+00 -4.1729e+00 +2.0270e+00
2 +6.199754984e+01 +6.199754984e+01 +6.564754984e+01 +6.564754984e+01 -4.3853e-01 -1.7601e+00 +1.2351e+00 -9.4156e-01 +4.0683e+00
3 +2.084744962e+01 +2.084744962e+01 +2.449744962e+01 +2.449744962e+01 +1.1218e+00 -2.6767e-01 +8.6314e-01 -4.6751e-01 -2.8062e+00
22 +1.571557070e+01 +1.571557070e+01 +1.936557070e+01 +1.936557070e+01 +4.1812e-02 -7.6028e-01 +1.0117e-01 -5.7005e-02 -2.1175e+00
26 +9.918743904e+00 +9.918743904e+00 +1.356874390e+01 +1.356874390e+01 +1.5972e+00 -4.0777e+00 +2.0701e+00 +4.9153e+00 -1.6256e+00
42 +5.602784554e+00 +5.602784554e+00 +9.252784554e+00 +9.252784554e+00 +1.5565e+00 -1.5043e+00 +2.1015e+00 +4.0584e+00 -9.3175e-01
136 +1.849192001e+00 +1.849192001e+00 +5.499192001e+00 +5.499192001e+00 -5.5392e-01 -2.0284e+00 +2.0360e-01 +4.3688e+00 -1.8259e+00
150 +1.537716584e+00 +1.537716584e+00 +5.187716584e+00 +5.187716584e+00 +4.5799e-01 -2.7449e+00 +7.7377e-01 +4.3303e+00 -1.5440e+00
182 +9.730633719e-01 +9.730633719e-01 +4.623063372e+00 +4.623063372e+00 +4.2973e-01 -2.6778e+00 +9.6787e-01 +4.0914e+00 -1.8923e+00
482 +5.012940099e-01 +5.012940099e-01 +4.151294010e+00 +4.151294010e+00 +9.6491e-01 -2.1269e+00 +7.5579e-01 +4.0801e+00 -2.3854e+00
517 +2.985014379e-01 +2.985014379e-01 +3.948501438e+00 +3.948501438e+00 +2.9951e-01 -1.5181e+00 +5.1211e-01 +3.8804e+00 -2.1344e+00
573 +1.437554719e-01 +1.437554719e-01 +3.793755472e+00 +3.793755472e+00 +3.1002e-01 -1.7942e+00 +5.7872e-01 +3.7345e+00 -2.4706e+00
597 +3.064088635e-02 +3.064088635e-02 +3.680640886e+00 +3.680640886e+00 +5.4028e-01 -1.9350e+00 +4.5564e-01 +3.7457e+00 -2.0841e+00
1498 +1.180957933e-02 +1.180957933e-02 +3.661809579e+00 +3.661809579e+00 +5.6774e-01 -1.9782e+00 +5.2062e-01 +3.7190e+00 -2.1487e+00
1887 +9.128495950e-03 +9.128495950e-03 +3.659128496e+00 +3.659128496e+00 +5.6274e-01 -1.9333e+00 +5.1823e-01 +3.7142e+00 -2.2179e+00
2051 +3.755371067e-03 +3.755371067e-03 +3.653755371e+00 +3.653755371e+00 +5.0264e-01 -1.9613e+00 +5.6644e-01 +3.7062e+00 -2.2244e+00
2584 +2.384080673e-03 +2.384080673e-03 +3.652384081e+00 +3.652384081e+00 +5.1479e-01 -1.9910e+00 +5.3681e-01 +3.7036e+00 -2.1986e+00
2988 +1.346485490e-03 +1.346485490e-03 +3.651346485e+00 +3.651346485e+00 +5.0258e-01 -1.9868e+00 +5.1913e-01 +3.6882e+00 -2.1852e+00
3040 +9.864342876e-04 +9.864342876e-04 +3.650986434e+00 +3.650986434e+00 +4.9011e-01 -1.9727e+00 +5.2625e-01 +3.6882e+00 -2.1871e+00
3125 +2.784552874e-04 +2.784552874e-04 +3.650278455e+00 +3.650278455e+00 +5.0021e-01 -1.9836e+00 +5.1738e-01 +3.6685e+00 -2.2094e+00
3164 +2.483014071e-04 +2.483014071e-04 +3.650248301e+00 +3.650248301e+00 +4.9463e-01 -1.9850e+00 +5.2356e-01 +3.6725e+00 -2.2004e+00
3364 +1.103424151e-04 +1.103424151e-04 +3.650110342e+00 +3.650110342e+00 +4.9916e-01 -1.9806e+00 +5.2573e-01 +3.6636e+00 -2.2127e+00
3615 +7.692987595e-05 +7.692987595e-05 +3.650076930e+00 +3.650076930e+00 +4.9770e-01 -1.9686e+00 +5.2943e-01 +3.6609e+00 -2.2111e+00
3672 +4.769876700e-05 +4.769876700e-05 +3.650047699e+00 +3.650047699e+00 +4.9854e-01 -1.9705e+00 +5.3083e-01 +3.6626e+00 -2.2094e+00
3684 +3.302448074e-05 +3.302448074e-05 +3.650033024e+00 +3.650033024e+00 +4.9447e-01 -1.9795e+00 +5.2664e-01 +3.6655e+00 -2.2068e+00
3766 +1.768737463e-05 +1.768737463e-05 +3.650017687e+00 +3.650017687e+00 +4.9411e-01 -1.9760e+00 +5.3212e-01 +3.6623e+00 -2.2054e+00
4272 +8.989548228e-06 +8.989548228e-06 +3.650008990e+00 +3.650008990e+00 +4.9400e-01 -1.9735e+00 +5.3033e-01 +3.6620e+00 -2.2051e+00
4312 +5.545891849e-06 +5.545891849e-06 +3.650005546e+00 +3.650005546e+00 +4.9411e-01 -1.9752e+00 +5.2866e-01 +3.6621e+00 -2.2053e+00
4552 +3.713611530e-06 +3.713611530e-06 +3.650003714e+00 +3.650003714e+00 +4.9338e-01 -1.9749e+00 +5.2912e-01 +3.6627e+00 -2.2056e+00
4792 +2.033454351e-06 +2.033454351e-06 +3.650002033e+00 +3.650002033e+00 +4.9345e-01 -1.9747e+00 +5.2918e-01 +3.6631e+00 -2.2060e+00
% function evaluation | noise-free fitness - Fopt (2.205300000000e+02) | best noise-free fitness - Fopt | measured fitness | best measured fitness | x1 | x2...
1 +7.753211982e+01 +7.753211982e+01 +2.980621198e+02 +2.980621198e+02 -5.6345e-01 -1.1249e+00 +3.7600e+00 +1.4842e+00 -3.3626e+00
2 +3.737567584e+01 +3.737567584e+01 +2.579056758e+02 +2.579056758e+02 +4.4559e+00 -2.1424e+00 +3.1216e+00 +4.3054e+00 +2.8116e-01
7 +1.477258514e+01 +1.477258514e+01 +2.353025851e+02 +2.353025851e+02 -2.8156e-01 -4.9151e+00 -1.5601e-02 +8.4694e-01 +2.3240e+00
46 +9.829901015e+00 +9.829901015e+00 +2.303599010e+02 +2.303599010e+02 +4.7764e+00 -2.3608e+00 -1.6239e-01 -8.6752e-01 +5.0000e+00
90 +3.817777557e+00 +3.817777557e+00 +2.243477776e+02 +2.243477776e+02 +2.0723e+00 -4.4344e+00 +1.3908e+00 +7.8616e-01 +5.0000e+00
132 +2.158713628e+00 +2.158713628e+00 +2.226887136e+02 +2.226887136e+02 +1.9010e+00 -3.8263e+00 +9.5557e-01 -4.3117e-01 +4.3101e+00
199 +7.688762575e-01 +7.688762575e-01 +2.212988763e+02 +2.212988763e+02 +3.4389e+00 -3.5210e+00 +1.2994e+00 +2.4896e-02 +4.1218e+00
320 +4.967780111e-01 +4.967780111e-01 +2.210267780e+02 +2.210267780e+02 +2.8092e+00 -3.6720e+00 +1.4088e+00 -1.6853e-01 +3.8590e+00
389 +1.879900977e-01 +1.879900977e-01 +2.207179901e+02 +2.207179901e+02 +3.0152e+00 -4.1789e+00 +1.2288e+00 +1.6367e-01 +3.5897e+00
669 +1.186408121e-01 +1.186408121e-01 +2.206486408e+02 +2.206486408e+02 +3.2030e+00 -3.6812e+00 +1.0542e+00 +3.0427e-02 +3.6627e+00
704 +6.624066991e-02 +6.624066991e-02 +2.205962407e+02 +2.205962407e+02 +3.0795e+00 -3.7081e+00 +1.1092e+00 +2.9735e-01 +3.6288e+00
984 +3.587477230e-02 +3.587477230e-02 +2.205658748e+02 +2.205658748e+02 +3.1497e+00 -3.9520e+00 +9.8095e-01 +1.9533e-01 +3.5883e+00
1144 +1.092646411e-02 +1.092646411e-02 +2.205409265e+02 +2.205409265e+02 +2.9496e+00 -3.9182e+00 +9.9874e-01 +2.0237e-01 +3.5984e+00
1424 +5.500301727e-03 +5.500301727e-03 +2.205355003e+02 +2.205355003e+02 +3.0012e+00 -3.8805e+00 +1.0013e+00 +2.0497e-01 +3.6028e+00
1637 +2.282229356e-03 +2.282229356e-03 +2.205322822e+02 +2.205322822e+02 +2.9827e+00 -3.8575e+00 +9.8974e-01 +1.9050e-01 +3.5831e+00
1970 +1.343213769e-03 +1.343213769e-03 +2.205313432e+02 +2.205313432e+02 +3.0110e+00 -3.8203e+00 +9.5591e-01 +1.9384e-01 +3.5774e+00
2016 +9.104823974e-04 +9.104823974e-04 +2.205309105e+02 +2.205309105e+02 +2.9735e+00 -3.8454e+00 +9.5402e-01 +2.0109e-01 +3.5764e+00
2090 +2.703181383e-04 +2.703181383e-04 +2.205302703e+02 +2.205302703e+02 +2.9937e+00 -3.8467e+00 +9.4788e-01 +2.0596e-01 +3.5693e+00
2661 +1.807048810e-04 +1.807048810e-04 +2.205301807e+02 +2.205301807e+02 +2.9945e+00 -3.8490e+00 +9.4733e-01 +1.8747e-01 +3.5676e+00
2701 +1.370682390e-04 +1.370682390e-04 +2.205301371e+02 +2.205301371e+02 +2.9942e+00 -3.8493e+00 +9.4734e-01 +2.0365e-01 +3.5636e+00
2769 +4.944691008e-05 +4.944691008e-05 +2.205300494e+02 +2.205300494e+02 +2.9941e+00 -3.8511e+00 +9.4737e-01 +1.9374e-01 +3.5595e+00
3205 +2.995411901e-05 +2.995411901e-05 +2.205300300e+02 +2.205300300e+02 +2.9985e+00 -3.8485e+00 +9.5354e-01 +2.0021e-01 +3.5573e+00
3426 +1.752758979e-05 +1.752758979e-05 +2.205300175e+02 +2.205300175e+02 +2.9960e+00 -3.8467e+00 +9.5254e-01 +1.9825e-01 +3.5560e+00
3546 +9.852955316e-06 +9.852955316e-06 +2.205300099e+02 +2.205300099e+02 +2.9942e+00 -3.8471e+00 +9.5158e-01 +1.9532e-01 +3.5574e+00
3772 +4.495788914e-06 +4.495788914e-06 +2.205300045e+02 +2.205300045e+02 +2.9959e+00 -3.8476e+00 +9.5439e-01 +1.9606e-01 +3.5579e+00
3864 +3.424713952e-06 +3.424713952e-06 +2.205300034e+02 +2.205300034e+02 +2.9955e+00 -3.8490e+00 +9.5274e-01 +1.9443e-01 +3.5580e+00
4171 +2.203362897e-06 +2.203362897e-06 +2.205300022e+02 +2.205300022e+02 +2.9957e+00 -3.8486e+00 +9.5301e-01 +1.9470e-01 +3.5578e+00
4426 +1.130724741e-06 +1.130724741e-06 +2.205300011e+02 +2.205300011e+02 +2.9961e+00 -3.8485e+00 +9.5284e-01 +1.9557e-01 +3.5579e+00
4525 +7.131228585e-07 +7.131228585e-07 +2.205300007e+02 +2.205300007e+02 +2.9965e+00 -3.8485e+00 +9.5288e-01 +1.9522e-01 +3.5578e+00
4851 +1.412483073e-07 +1.412483073e-07 +2.205300001e+02 +2.205300001e+02 +2.9967e+00 -3.8483e+00 +9.5284e-01 +1.9513e-01 +3.5582e+00
4996 +8.576921573e-08 +8.576921573e-08 +2.205300001e+02 +2.205300001e+02 +2.9968e+00 -3.8480e+00 +9.5279e-01 +1.9506e-01 +3.5581e+00
% function evaluation | noise-free fitness - Fopt (4.212900000000e+02) | best noise-free fitness - Fopt | measured fitness | best measured fitness | x1 | x2...
1 +1.037372014e+02 +1.037372014e+02 +5.250272014e+02 +5.250272014e+02 +4.2096e+00 +2.9650e+00 -5.8991e-01 +2.8494e+00 -1.5150e+00
2 +5.614379106e+01 +5.614379106e+01 +4.774337911e+02 +4.774337911e+02 +8.5836e-01 -1.2727e+00 -3.4860e-01 -3.9220e+00 -3.5212e+00
3 +3.317421299e+01 +3.317421299e+01 +4.544642130e+02 +4.544642130e+02 -3.9005e+00 +2.5358e+00 +4.2221e+00 +1.4557e+00 -2.3800e+00
14 +2.014192514e+01 +2.014192514e+01 +4.414319251e+02 +4.414319251e+02 -2.1554e+00 +3.3956e+00 -6.7279e-01 +5.8610e-01 -1.7879e+00
32 +7.517497145e+00 +7.517497145e+00 +4.288074971e+02 +4.288074971e+02 -2.5031e+00 +4.2043e+00 +3.5048e-01 -8.9339e-01 -4.6132e-01
111 +3.526201072e+00 +3.526201072e+00 +4.248162011e+02 +4.248162011e+02 -4.3087e+00 +4.6276e+00 +2.1309e+00 -2.8489e+00 -1.2304e+00
133 +1.308522987e+00 +1.308522987e+00 +4.225985230e+02 +4.225985230e+02 -4.4161e+00 +3.9982e+00 +4.5117e-01 -3.2876e+00 -1.9264e-01
331 +7.349240200e-01 +7.349240200e-01 +4.220249240e+02 +4.220249240e+02 -4.5042e+00 +3.8477e+00 +7.3832e-01 -3.0478e+00 -6.4723e-01
332 +4.184056473e-01 +4.184056473e-01 +4.217084056e+02 +4.217084056e+02 -3.5669e+00 +3.6793e+00 +9.0923e-01 -3.2323e+00 -4.3253e-01
416 +1.067004489e-01 +1.067004489e-01 +4.213967004e+02 +4.213967004e+02 -3.9520e+00 +3.3310e+00 +1.2370e+00 -3.0051e+00 -7.7828e-01
669 +3.296827002e-02 +3.296827002e-02 +4.213229683e+02 +4.213229683e+02 -3.8973e+00 +3.3097e+00 +1.2270e+00 -2.8830e+00 -4.7896e-01
814 +2.221134210e-02 +2.221134210e-02 +4.213122113e+02 +4.213122113e+02 -3.9130e+00 +3.2419e+00 +1.1546e+00 -2.8287e+00 -5.1742e-01
1333 +1.411011172e-02 +1.411011172e-02 +4.213041101e+02 +4.213041101e+02 -3.8899e+00 +3.3945e+00 +1.0975e+00 -2.9405e+00 -5.4073e-01
1452 +4.384537745e-03 +4.384537745e-03 +4.212943845e+02 +4.212943845e+02 -3.8947e+00 +3.2901e+00 +1.0794e+00 -2.9367e+00 -5.1875e-01
1608 +2.741189009e-03 +2.741189009e-03 +4.212927412e+02 +4.212927412e+02 -3.9173e+00 +3.3225e+00 +1.0365e+00 -2.9147e+00 -4.9555e-01
1708 +2.058630784e-03 +2.058630784e-03 +4.212920586e+02 +4.212920586e+02 -3.9348e+00 +3.3035e+00 +1.0230e+00 -2.9220e+00 -5.2892e-01
2140 +1.217919540e-03 +1.217919540e-03 +4.212912179e+02 +4.212912179e+02 -3.9310e+00 +3.3072e+00 +1.0431e+00 -2.9090e+00 -5.3365e-01
2159 +7.429245592e-04 +7.429245592e-04 +4.212907429e+02 +4.212907429e+02 -3.9580e+00 +3.2914e+00 +1.0687e+00 -2.9350e+00 -5.0509e-01
2528 +3.733784752e-04 +3.733784752e-04 +4.212903734e+02 +4.212903734e+02 -3.9647e+00 +3.3107e+00 +1.0530e+00 -2.9281e+00 -5.1182e-01
2728 +1.666263648e-04 +1.666263648e-04 +4.212901666e+02 +4.212901666e+02 -3.9511e+00 +3.3060e+00 +1.0627e+00 -2.9301e+00 -5.1954e-01
3010 +1.188677060e-04 +1.188677060e-04 +4.212901189e+02 +4.212901189e+02 -3.9550e+00 +3.3089e+00 +1.0553e+00 -2.9253e+00 -5.1854e-01
3088 +9.818168513e-05 +9.818168513e-05 +4.212900982e+02 +4.212900982e+02 -3.9577e+00 +3.3087e+00 +1.0594e+00 -2.9248e+00 -5.2152e-01
3128 +4.415217199e-05 +4.415217199e-05 +4.212900442e+02 +4.212900442e+02 -3.9536e+00 +3.3073e+00 +1.0594e+00 -2.9218e+00 -5.2164e-01
3223 +3.947364542e-05 +3.947364542e-05 +4.212900395e+02 +4.212900395e+02 -3.9510e+00 +3.3046e+00 +1.0645e+00 -2.9224e+00 -5.1618e-01
3528 +1.594355768e-05 +1.594355768e-05 +4.212900159e+02 +4.212900159e+02 -3.9517e+00 +3.3080e+00 +1.0619e+00 -2.9207e+00 -5.1740e-01
3728 +1.393136517e-05 +1.393136517e-05 +4.212900139e+02 +4.212900139e+02 -3.9518e+00 +3.3079e+00 +1.0632e+00 -2.9204e+00 -5.1788e-01
4093 +7.333156816e-06 +7.333156816e-06 +4.212900073e+02 +4.212900073e+02 -3.9518e+00 +3.3080e+00 +1.0636e+00 -2.9180e+00 -5.1736e-01
4249 +1.299288726e-06 +1.299288726e-06 +4.212900013e+02 +4.212900013e+02 -3.9541e+00 +3.3073e+00 +1.0624e+00 -2.9181e+00 -5.1736e-01
4568 +7.066070680e-07 +7.066070680e-07 +4.212900007e+02 +4.212900007e+02 -3.9536e+00 +3.3067e+00 +1.0621e+00 -2.9169e+00 -5.1730e-01
% function evaluation | noise-free fitness - Fopt (-7.900000000000e+01) | best noise-free fitness - Fopt | measured fitness | best measured fitness | x1 | x2...
1 +1.276026767e+02 +1.276026767e+02 +4.860267674e+01 +4.860267674e+01 +1.2659e+00 +3.8256e+00 -4.0459e+00 +2.5994e+00 +4.8633e+00
2 +6.772694266e+01 +6.772694266e+01 -1.127305734e+01 -1.127305734e+01 -3.1843e+00 +1.3137e+00 +2.4134e+00 -2.5697e+00 +3.5074e+00
7 +6.144430716e+01 +6.144430716e+01 -1.755569284e+01 -1.755569284e+01 +1.1023e+00 -3.1937e-01 -3.5252e+00 -2.2413e+00 +4.5650e-01
9 +2.438923945e+01 +2.438923945e+01 -5.461076055e+01 -5.461076055e+01 -3.0008e-01 +7.9794e-01 -1.0806e+00 -1.0261e+00 -4.0778e-01
30 +7.434324730e+00 +7.434324730e+00 -7.156567527e+01 -7.156567527e+01 -7.6859e-01 +2.0951e+00 +9.5870e-01 -4.0172e-01 -3.2246e+00
56 +4.912077738e+00 +4.912077738e+00 -7.408792226e+01 -7.408792226e+01 -3.2320e+00 +1.6595e+00 +9.4427e-01 -1.6599e+00 -3.6206e+00
97 +2.165928800e+00 +2.165928800e+00 -7.683407120e+01 -7.683407120e+01 -3.3468e+00 +3.0641e-01 +1.5753e-01 +6.1202e-01 -5.0000e+00
230 +1.397784527e+00 +1.397784527e+00 -7.760221547e+01 -7.760221547e+01 -2.4973e+00 +2.0004e+00 +6.0708e-01 -1.0750e-01 -3.5767e+00
244 +9.204889087e-01 +9.204889087e-01 -7.807951109e+01 -7.807951109e+01 -3.2891e+00 +1.7251e+00 +5.9131e-01 +1.1422e+00 -4.0357e+00
359 +5.730509701e-01 +5.730509701e-01 -7.842694903e+01 -7.842694903e+01 -3.0296e+00 +1.6631e+00 +4.3556e-01 +3.8107e-01 -4.4780e+00
391 +3.758831953e-01 +3.758831953e-01 -7.862411680e+01 -7.862411680e+01 -2.9054e+00 +1.5153e+00 +2.3244e-01 +0.0000e+00 -3.9955e+00
422 +2.430166877e-01 +2.430166877e-01 -7.875698331e+01 -7.875698331e+01 -2.8410e+00 +1.4046e+00 +9.3150e-02 +5.1815e-01 -3.8878e+00
502 +1.436916190e-01 +1.436916190e-01 -7.885630838e+01 -7.885630838e+01 -3.0132e+00 +1.0038e+00 +2.2714e-01 +6.5023e-01 -3.9853e+00
890 +3.043661153e-02 +3.043661153e-02 -7.896956339e+01 -7.896956339e+01 -2.9555e+00 +1.1942e+00 +5.5607e-01 +5.2957e-01 -3.9251e+00
1090 +2.442962581e-02 +2.442962581e-02 -7.897557037e+01 -7.897557037e+01 -3.0966e+00 +1.1792e+00 +3.9217e-01 +5.2972e-01 -3.8331e+00
1282 +9.055862254e-03 +9.055862254e-03 -7.899094414e+01 -7.899094414e+01 -3.0223e+00 +1.1686e+00 +5.2705e-01 +3.8859e-01 -3.9606e+00
1549 +1.436248808e-03 +1.436248808e-03 -7.899856375e+01 -7.899856375e+01 -3.0328e+00 +1.1671e+00 +4.8316e-01 +4.0978e-01 -3.8799e+00
1719 +7.469489054e-04 +7.469489054e-04 -7.899925305e+01 -7.899925305e+01 -3.0413e+00 +1.1507e+00 +4.5107e-01 +4.2823e-01 -3.8946e+00
1829 +4.322216110e-04 +4.322216110e-04 -7.899956778e+01 -7.899956778e+01 -3.0596e+00 +1.1546e+00 +4.6040e-01 +4.1545e-01 -3.9036e+00
2183 +2.404327717e-04 +2.404327717e-04 -7.899975957e+01 -7.899975957e+01 -3.0588e+00 +1.1610e+00 +4.6127e-01 +4.2418e-01 -3.9065e+00
2485 +8.439801714e-05 +8.439801714e-05 -7.899991560e+01 -7.899991560e+01 -3.0532e+00 +1.1675e+00 +4.6690e-01 +4.2342e-01 -3.9029e+00
2565 +5.112138696e-05 +5.112138696e-05 -7.899994888e+01 -7.899994888e+01 -3.0502e+00 +1.1727e+00 +4.6659e-01 +4.2347e-01 -3.9021e+00
2703 +1.667508884e-05 +1.667508884e-05 -7.899998332e+01 -7.899998332e+01 -3.0486e+00 +1.1725e+00 +4.6404e-01 +4.2121e-01 -3.9021e+00
2805 +1.039761962e-05 +1.039761962e-05 -7.899998960e+01 -7.899998960e+01 -3.0479e+00 +1.1726e+00 +4.6074e-01 +4.1880e-01 -3.9023e+00
2965 +9.865858289e-06 +9.865858289e-06 -7.899999013e+01 -7.899999013e+01 -3.0484e+00 +1.1710e+00 +4.6016e-01 +4.1908e-01 -3.9022e+00
3085 +3.130253049e-06 +3.130253049e-06 -7.899999687e+01 -7.899999687e+01 -3.0478e+00 +1.1723e+00 +4.6206e-01 +4.1873e-01 -3.9048e+00
3901 +1.311760244e-06 +1.311760244e-06 -7.899999869e+01 -7.899999869e+01 -3.0485e+00 +1.1720e+00 +4.6107e-01 +4.2033e-01 -3.9046e+00
4341 +6.982414078e-07 +6.982414078e-07 -7.899999930e+01 -7.899999930e+01 -3.0481e+00 +1.1711e+00 +4.6102e-01 +4.2055e-01 -3.9046e+00
4509 +4.708916634e-07 +4.708916634e-07 -7.899999953e+01 -7.899999953e+01 -3.0480e+00 +1.1709e+00 +4.6160e-01 +4.2061e-01 -3.9049e+00
4741 +3.428261550e-07 +3.428261550e-07 -7.899999966e+01 -7.899999966e+01 -3.0480e+00 +1.1710e+00 +4.6165e-01 +4.2054e-01 -3.9049e+00
4949 +1.399402265e-07 +1.399402265e-07 -7.899999986e+01 -7.899999986e+01 -3.0480e+00 +1.1713e+00 +4.6192e-01 +4.2008e-01 -3.9049e+00
% function evaluation | noise-free fitness - Fopt (-4.133000000000e+01) | best noise-free fitness - Fopt | measured fitness | best measured fitness | x1 | x2...
1 +7.232892258e+01 +7.232892258e+01 +3.099892258e+01 +3.099892258e+01 +2.5565e+00 -4.6676e+00 +2.9182e+00 +4.8033e+00 +4.2405e+00
2 +4.955485681e+01 +4.955485681e+01 +8.224856806e+00 +8.224856806e+00 +4.8746e+00 -4.0300e+00 -4.3783e+00 -4.4795e+00 +9.6038e-01
4 +1.615390239e+01 +1.615390239e+01 -2.517609761e+01 -2.517609761e+01 +1.1438e+00 +5.5462e-01 -7.5813e-01 +1.7828e+00 +1.8036e+00
30 +7.326098290e+00 +7.326098290e+00 -3.400390171e+01 -3.400390171e+01 +3.0466e-01 -3.3729e+00 -1.0474e+00 -3.0769e+00 +1.5178e+00
47 +2.304879789e+00 +2.304879789e+00 -3.902512021e+01 -3.902512021e+01 +4.2968e-01 -1.4105e+00 -5.5643e-02 -2.3741e+00 +3.5269e+00
366 +1.500074182e+00 +1.500074182e+00 -3.982992582e+01 -3.982992582e+01 +8.4639e-01 -1.4249e+00 -9.0970e-02 -1.3594e+00 +3.3997e+00
473 +2.065081975e-01 +2.065081975e-01 -4.112349180e+01 -4.112349180e+01 +7.5333e-01 -1.5650e+00 -9.8259e-01 -1.8202e+00 +2.7397e+00
920 +1.354461385e-01 +1.354461385e-01 -4.119455386e+01 -4.119455386e+01 +3.4037e-01 -1.3924e+00 -5.8214e-01 -1.4862e+00 +2.6140e+00
966 +6.144995842e-02 +6.144995842e-02 -4.126855004e+01 -4.126855004e+01 +3.4483e-01 -1.4567e+00 -9.5445e-01 -1.5469e+00 +2.3919e+00
1200 +2.903792202e-02 +2.903792202e-02 -4.130096208e+01 -4.130096208e+01 +3.2810e-01 -1.4980e+00 -1.0287e+00 -1.5295e+00 +2.6035e+00
1259 +1.616182732e-02 +1.616182732e-02 -4.131383817e+01 -4.131383817e+01 +3.6191e-01 -1.5037e+00 -9.1544e-01 -1.5498e+00 +2.6776e+00
1339 +1.160219491e-02 +1.160219491e-02 -4.131839781e+01 -4.131839781e+01 +4.6716e-01 -1.4610e+00 -9.1966e-01 -1.6364e+00 +2.5984e+00
1499 +9.913034823e-03 +9.913034823e-03 -4.132008697e+01 -4.132008697e+01 +4.7764e-01 -1.4612e+00 -9.2151e-01 -1.6222e+00 +2.6419e+00
1699 +3.957322946e-03 +3.957322946e-03 -4.132604268e+01 -4.132604268e+01 +4.8658e-01 -1.4597e+00 -9.1647e-01 -1.5750e+00 +2.6397e+00
1939 +1.911381858e-03 +1.911381858e-03 -4.132808862e+01 -4.132808862e+01 +4.6792e-01 -1.4503e+00 -9.3559e-01 -1.5697e+00 +2.6018e+00
2419 +1.423962676e-03 +1.423962676e-03 -4.132857604e+01 -4.132857604e+01 +4.6736e-01 -1.4459e+00 -9.3919e-01 -1.5627e+00 +2.6065e+00
2490 +5.577828034e-04 +5.577828034e-04 -4.132944222e+01 -4.132944222e+01 +4.5991e-01 -1.4394e+00 -9.4213e-01 -1.5261e+00 +2.6019e+00
2819 +2.565276898e-04 +2.565276898e-04 -4.132974347e+01 -4.132974347e+01 +4.3957e-01 -1.4478e+00 -9.3176e-01 -1.5327e+00 +2.6148e+00
3418 +3.880899527e-05 +3.880899527e-05 -4.132996119e+01 -4.132996119e+01 +4.5908e-01 -1.4476e+00 -9.2450e-01 -1.5306e+00 +2.6146e+00
3755 +1.429026459e-05 +1.429026459e-05 -4.132998571e+01 -4.132998571e+01 +4.5527e-01 -1.4503e+00 -9.2290e-01 -1.5294e+00 +2.6136e+00
3910 +6.249293065e-06 +6.249293065e-06 -4.132999375e+01 -4.132999375e+01 +4.5486e-01 -1.4488e+00 -9.2499e-01 -1.5325e+00 +2.6137e+00
4490 +1.962208067e-06 +1.962208067e-06 -4.132999804e+01 -4.132999804e+01 +4.5346e-01 -1.4496e+00 -9.2574e-01 -1.5305e+00 +2.6121e+00
4770 +1.393943855e-06 +1.393943855e-06 -4.132999861e+01 -4.132999861e+01 +4.5446e-01 -1.4492e+00 -9.2411e-01 -1.5313e+00 +2.6119e+00
% function evaluation | noise-free fitness - Fopt (2.127500000000e+02) | best noise-free fitness - Fopt | measured fitness | best measured fitness | x1 | x2...
1 +9.551695857e+01 +9.551695857e+01 +3.082669586e+02 +3.082669586e+02 +3.7344e+00 +2.0482e+00 -1.6572e+00 -3.0509e+00 +1.4775e+00
3 +6.294167427e+01 +6.294167427e+01 +2.756916743e+02 +2.756916743e+02 -4.2391e+00 +1.5809e+00 -2.0469e+00 +4.9170e+00 +1.9243e-01
5 +3.776980441e+01 +3.776980441e+01 +2.505198044e+02 +2.505198044e+02 -2.7549e+00 +2.6102e+00 -3.0595e+00 -1.0527e+00 +1.2328e+00
19 +1.567451069e+01 +1.567451069e+01 +2.284245107e+02 +2.284245107e+02 -4.1668e+00 -1.5629e+00 -9.5958e-01 -2.9705e+00 +7.7132e-01
52 +8.238648311e+00 +8.238648311e+00 +2.209886483e+02 +2.209886483e+02 -1.8580e+00 -1.5501e+00 -2.1740e+00 -2.2098e+00 -2.6185e+00
60 +4.534312318e+00 +4.534312318e+00 +2.172843123e+02 +2.172843123e+02 -4.8296e+00 -3.5311e+00 -5.0000e+00 -1.0577e+00 -1.9219e+00
141 +1.812007135e+00 +1.812007135e+00 +2.145620071e+02 +2.145620071e+02 -4.8551e+00 -3.1038e+00 -3.2477e+00 -2.0114e+00 -1.2455e+00
169 +1.232251266e+00 +1.232251266e+00 +2.139822513e+02 +2.139822513e+02 -4.7629e+00 -2.8883e+00 -2.8410e+00 -1.3526e+00 -1.9639e+00
202 +8.399640127e-01 +8.399640127e-01 +2.135899640e+02 +2.135899640e+02 -4.7403e+00 -2.6753e+00 -3.4690e+00 -1.3955e+00 -1.8662e+00
473 +4.026997848e-01 +4.026997848e-01 +2.131526998e+02 +2.131526998e+02 -4.2461e+00 -2.6897e+00 -3.3135e+00 -1.2063e+00 -1.2106e+00
506 +3.648565233e-01 +3.648565233e-01 +2.131148565e+02 +2.131148565e+02 -4.0541e+00 -2.6209e+00 -3.5896e+00 -1.8826e+00 -1.7150e+00
515 +2.328987762e-01 +2.328987762e-01 +2.129828988e+02 +2.129828988e+02 -3.6957e+00 -2.2968e+00 -3.3715e+00 -1.1940e+00 -1.4826e+00
808 +1.362509550e-01 +1.362509550e-01 +2.128862510e+02 +2.128862510e+02 -3.9000e+00 -2.7072e+00 -3.5293e+00 -1.3777e+00 -2.0006e+00
813 +9.480422369e-02 +9.480422369e-02 +2.128448042e+02 +2.128448042e+02 -3.7666e+00 -2.4873e+00 -3.5110e+00 -1.4894e+00 -1.5522e+00
1013 +5.272510428e-02 +5.272510428e-02 +2.128027251e+02 +2.128027251e+02 -3.7896e+00 -2.5495e+00 -3.2195e+00 -1.3107e+00 -1.5745e+00
1093 +2.326116731e-02 +2.326116731e-02 +2.127732612e+02 +2.127732612e+02 -3.7412e+00 -2.6361e+00 -3.3511e+00 -1.3135e+00 -1.5929e+00
1131 +1.399708009e-02 +1.399708009e-02 +2.127639971e+02 +2.127639971e+02 -3.8246e+00 -2.7177e+00 -3.4261e+00 -1.2823e+00 -1.6630e+00
1470 +9.182482828e-03 +9.182482828e-03 +2.127591825e+02 +2.127591825e+02 -3.8055e+00 -2.7570e+00 -3.3582e+00 -1.3583e+00 -1.6738e+00
1638 +3.939995937e-03 +3.939995937e-03 +2.127539400e+02 +2.127539400e+02 -3.8958e+00 -2.7115e+00 -3.3731e+00 -1.3740e+00 -1.6640e+00
2053 +2.272072937e-03 +2.272072937e-03 +2.127522721e+02 +2.127522721e+02 -3.8653e+00 -2.7064e+00 -3.3827e+00 -1.3679e+00 -1.6559e+00
2057 +1.552364467e-03 +1.552364467e-03 +2.127515524e+02 +2.127515524e+02 -3.8549e+00 -2.7019e+00 -3.3672e+00 -1.3458e+00 -1.6615e+00
2272 +5.211269452e-04 +5.211269452e-04 +2.127505211e+02 +2.127505211e+02 -3.8414e+00 -2.6773e+00 -3.3585e+00 -1.3569e+00 -1.6593e+00
2333 +3.439414203e-04 +3.439414203e-04 +2.127503439e+02 +2.127503439e+02 -3.8479e+00 -2.6673e+00 -3.3550e+00 -1.3690e+00 -1.6617e+00
2687 +2.150576571e-04 +2.150576571e-04 +2.127502151e+02 +2.127502151e+02 -3.8563e+00 -2.6709e+00 -3.3521e+00 -1.3713e+00 -1.6703e+00
2865 +7.902328230e-05 +7.902328230e-05 +2.127500790e+02 +2.127500790e+02 -3.8564e+00 -2.6726e+00 -3.3618e+00 -1.3717e+00 -1.6799e+00
3047 +4.597704557e-05 +4.597704557e-05 +2.127500460e+02 +2.127500460e+02 -3.8541e+00 -2.6750e+00 -3.3569e+00 -1.3648e+00 -1.6798e+00
3293 +3.139537566e-05 +3.139537566e-05 +2.127500314e+02 +2.127500314e+02 -3.8537e+00 -2.6750e+00 -3.3578e+00 -1.3646e+00 -1.6774e+00
3465 +1.634777681e-05 +1.634777681e-05 +2.127500163e+02 +2.127500163e+02 -3.8541e+00 -2.6737e+00 -3.3607e+00 -1.3649e+00 -1.6770e+00
3540 +1.357828350e-05 +1.357828350e-05 +2.127500136e+02 +2.127500136e+02 -3.8495e+00 -2.6718e+00 -3.3615e+00 -1.3639e+00 -1.6806e+00
3697 +9.839253664e-06 +9.839253664e-06 +2.127500098e+02 +2.127500098e+02 -3.8513e+00 -2.6737e+00 -3.3609e+00 -1.3645e+00 -1.6801e+00
3740 +4.561751666e-06 +4.561751666e-06 +2.127500046e+02 +2.127500046e+02 -3.8518e+00 -2.6718e+00 -3.3618e+00 -1.3653e+00 -1.6764e+00
3860 +1.372536190e-06 +1.372536190e-06 +2.127500014e+02 +2.127500014e+02 -3.8494e+00 -2.6725e+00 -3.3615e+00 -1.3651e+00 -1.6773e+00
4020 +8.569357419e-07 +8.569357419e-07 +2.127500009e+02 +2.127500009e+02 -3.8499e+00 -2.6725e+00 -3.3618e+00 -1.3662e+00 -1.6776e+00
4278 +2.663131795e-07 +2.663131795e-07 +2.127500003e+02 +2.127500003e+02 -3.8502e+00 -2.6726e+00 -3.3615e+00 -1.3653e+00 -1.6778e+00
4380 +1.250020887e-07 +1.250020887e-07 +2.127500001e+02 +2.127500001e+02 -3.8504e+00 -2.6727e+00 -3.3614e+00 -1.3654e+00 -1.6777e+00
4825 +5.033533057e-08 +5.033533057e-08 +2.127500001e+02 +2.127500001e+02 -3.8503e+00 -2.6727e+00 -3.3615e+00 -1.3656e+00 -1.6775e+00
