% function evaluation | noise-free fitness - Fopt (1.238300000000e+02) | best noise-free fitness - Fopt | measured fitness | best measured fitness | x1 | x2...
1 +2.627861555e+05 +2.627861555e+05 +2.629099855e+05 +2.629099855e+05 -4.0554e+00 +4.8336e+00 +4.4748e+00 -4.6906e+00 -2.0644e+00
2 +7.008667064e+04 +7.008667064e+04 +7.021050064e+04 +7.021050064e+04 -3.8268e+00 -3.7221e+00 -2.5245e-01 -3.1664e+00 -2.2429e+00
3 +2.388114412e+04 +2.388114412e+04 +2.400497412e+04 +2.400497412e+04 -3.4430e+00 -3.1414e+00 +1.3563e+00 +1.5355e+00 -1.0224e+00
8 +5.122826344e+03 +5.122826344e+03 +5.246656344e+03 +5.246656344e+03 +1.1501e+00 -2.1422e+00 -3.4962e+00 -3.5097e+00 +8.1748e-01
14 +2.430883776e+03 +2.430883776e+03 +2.554713776e+03 +2.554713776e+03 +1.3459e+00 +6.2787e-01 -2.4376e-01 -2.9787e+00 +4.0750e+00
87 +7.586963951e+02 +7.586963951e+02 +8.825263951e+02 +8.825263951e+02 -2.2958e+00 +8.8329e-01 -5.1612e-01 -7.5165e-01 +0.0000e+00
98 +4.466812771e+02 +4.466812771e+02 +5.705112771e+02 +5.705112771e+02 -8.1043e-02 +1.2561e-01 -6.0849e-01 -6.3710e-01 +1.4640e+00
99 +1.454094452e+02 +1.454094452e+02 +2.692394452e+02 +2.692394452e+02 +5.0074e-01 +8.7091e-01 -2.5496e-01 +6.1190e-01 -1.9489e-02
202 +6.933844904e+01 +6.933844904e+01 +1.931684490e+02 +1.931684490e+02 -3.3495e-01 +6.6954e-01 -1.2820e+00 +5.8865e-01 -4.1454e-01
324 +5.241951942e+01 +5.241951942e+01 +1.762495194e+02 +1.762495194e+02 -2.5568e-01 +5.5914e-01 -3.3166e-01 -5.0618e-01 -1.8039e-01
404 +1.674060447e+01 +1.674060447e+01 +1.405706045e+02 +1.405706045e+02 -3.4771e-01 +4.4941e-01 -2.1792e-01 +2.8554e-01 -4.1983e-01
818 +1.281692900e+01 +1.281692900e+01 +1.366469290e+02 +1.366469290e+02 +1.5342e-01 +6.4437e-01 -1.1577e-01 +1.0962e-01 -1.4762e-01
978 +9.197936290e+00 +9.197936290e+00 +1.330279363e+02 +1.330279363e+02 +7.4747e-02 +6.3238e-01 -2.4768e-01 +1.1809e-01 -1.4280e-01
1028 +6.175891856e+00 +6.175891856e+00 +1.300058919e+02 +1.300058919e+02 -5.2373e-02 +5.3440e-01 -2.5387e-01 +1.7213e-01 -3.1185e-01
1188 +3.458405962e+00 +3.458405962e+00 +1.272884060e+02 +1.272884060e+02 -1.1345e-01 +5.9960e-01 -2.3944e-01 +1.4521e-01 -2.7487e-01
1578 +2.435142538e+00 +2.435142538e+00 +1.262651425e+02 +1.262651425e+02 -1.2570e-01 +6.7626e-01 -2.3330e-01 +2.0169e-01 -2.7720e-01
3245 +1.508214503e+00 +1.508214503e+00 +1.253382145e+02 +1.253382145e+02 -7.8454e-02 +5.6638e-01 +1.0238e-01 +3.4700e-01 -1.8981e-01
4243 +9.903987679e-01 +9.903987679e-01 +1.248203988e+02 +1.248203988e+02 -2.1916e-02 +4.3556e-01 +2.9297e-01 +3.6780e-01 -1.5715e-01
% function evaluation | noise-free fitness - Fopt (4.751000000000e+01) | best noise-free fitness - Fopt | measured fitness | best measured fitness | x1 | x2...
1 +1.846596169e+05 +1.846596169e+05 +1.847071269e+05 +1.847071269e+05 +4.7572e+00 +3.8381e-01 +4.7372e+00 -6.9596e-01 +4.8427e+00
2 +6.595797846e+04 +6.595797846e+04 +6.600548846e+04 +6.600548846e+04 -4.8015e+00 +9.2553e-01 -1.3850e+00 +2.6379e+00 -2.6969e+00
3 +2.112155750e+04 +2.112155750e+04 +2.116906750e+04 +2.116906750e+04 -3.7906e+00 +1.4681e+00 -2.5775e+00 +1.0125e+00 +2.5095e+00
7 +2.915959013e+03 +2.915959013e+03 +2.963469013e+03 +2.963469013e+03 +1.8994e-01 -7.3081e-01 +3.4161e-01 -1.0600e+00 -2.4646e+00
77 +1.724896207e+03 +1.724896207e+03 +1.772406207e+03 +1.772406207e+03 -2.2391e-01 +3.1620e-01 +2.5238e+00 +1.7252e+00 +9.9491e-02
96 +8.424852741e+02 +8.424852741e+02 +8.899952741e+02 +8.899952741e+02 +2.1680e+00 +6.5320e-01 +1.4469e+00 +1.3091e+00 +3.8748e-01
118 +2.344592196e+02 +2.344592196e+02 +2.819692196e+02 +2.819692196e+02 +7.0668e-01 +4.3527e-01 +1.1187e+00 +7.5966e-01 -3.6397e-01
262 +9.927159566e+01 +9.927159566e+01 +1.467815957e+02 +1.467815957e+02 +5.0167e-01 +6.7194e-01 -2.3722e-01 -5.0460e-01 -2.7158e-01
342 +2.713523040e+01 +2.713523040e+01 +7.464523040e+01 +7.464523040e+01 +3.5654e-02 +3.5777e-01 -2.1304e-01 -1.4531e-01 -4.7421e-02
842 +1.874956643e+01 +1.874956643e+01 +6.625956643e+01 +6.625956643e+01 -4.1075e-01 -2.1420e-01 +2.4952e-01 +3.8571e-01 +8.3570e-02
899 +7.858811396e+00 +7.858811396e+00 +5.536881140e+01 +5.536881140e+01 -7.2082e-01 -7.2316e-03 +3.4661e-01 +5.7172e-02 -6.1375e-03
930 +5.961395761e+00 +5.961395761e+00 +5.347139576e+01 +5.347139576e+01 -7.4451e-01 -1.2101e-01 +4.4191e-01 +2.6935e-01 -5.5756e-02
1623 +3.540856711e+00 +3.540856711e+00 +5.105085671e+01 +5.105085671e+01 -5.8373e-01 -2.0101e-02 +5.3026e-01 +2.1509e-01 -3.5798e-02
2593 +2.481793250e+00 +2.481793250e+00 +4.999179325e+01 +4.999179325e+01 -5.9452e-01 +8.2047e-03 +4.3437e-01 +2.7595e-01 -3.3248e-02
3983 +1.576695786e+00 +1.576695786e+00 +4.908669579e+01 +4.908669579e+01 -6.7686e-01 +1.2398e-01 +1.3658e-01 +1.6915e-01 +8.0728e-02
% function evaluation | noise-free fitness - Fopt (5.534000000000e+01) | best noise-free fitness - Fopt | measured fitness | best measured fitness | x1 | x2...
1 +4.501459283e+04 +4.501459283e+04 +4.506993283e+04 +4.506993283e+04 +2.8805e+00 -4.6957e+00 -1.0150e+00 +1.0420e+00 +4.8910e+00
4 +9.121961442e+03 +9.121961442e+03 +9.177301442e+03 +9.177301442e+03 -6.6268e-01 +3.7219e+00 -2.4533e-01 +2.3685e-01 -1.7610e+00
7 +1.213847619e+03 +1.213847619e+03 +1.269187619e+03 +1.269187619e+03 +1.1445e+00 +8.2517e-02 +1.1634e+00 -1.6430e+00 -4.5411e-01
54 +8.028394305e+02 +8.028394305e+02 +8.581794305e+02 +8.581794305e+02 -2.4094e-01 -1.1056e-03 +2.1674e+00 +1.7948e-01 +3.3244e-01
87 +2.660704331e+02 +2.660704331e+02 +3.214104331e+02 +3.214104331e+02 -5.1936e-01 -9.6175e-01 +1.5846e+00 -3.1021e-01 +4.7028e-01
142 +2.123380879e+02 +2.123380879e+02 +2.676780879e+02 +2.676780879e+02 +1.8103e-02 -5.0897e-01 +0.0000e+00 -7.1203e-01 +6.0140e-01
143 +4.440399753e+01 +4.440399753e+01 +9.974399753e+01 +9.974399753e+01 +0.0000e+00 -5.6232e-01 +0.0000e+00 +2.7029e-01 -8.4237e-02
369 +2.149354279e+01 +2.149354279e+01 +7.683354279e+01 +7.683354279e+01 -4.9903e-01 -8.9477e-01 +4.4021e-01 +2.7362e-01 +8.9662e-03
886 +1.364002937e+01 +1.364002937e+01 +6.898002937e+01 +6.898002937e+01 -3.8342e-01 -5.2904e-01 +5.6526e-01 +4.6543e-01 +6.4201e-01
1065 +9.229446345e+00 +9.229446345e+00 +6.456944635e+01 +6.456944635e+01 -2.0457e-01 -7.0787e-01 +5.5695e-01 +3.4232e-01 +1.1323e-01
1300 +5.019000764e+00 +5.019000764e+00 +6.035900076e+01 +6.035900076e+01 -1.8450e-01 -8.4729e-01 +7.2883e-01 +2.9827e-01 +8.9350e-02
3575 +3.979229538e+00 +3.979229538e+00 +5.931922954e+01 +5.931922954e+01 -1.0074e-01 -7.7303e-01 +7.4285e-01 +2.5461e-01 -1.1696e-01
4089 +2.499833950e+00 +2.499833950e+00 +5.783983395e+01 +5.783983395e+01 +1.1465e-01 -2.2434e-01 +6.4969e-01 +1.3846e-01 -3.5840e-01
4503 +1.493055436e+00 +1.493055436e+00 +5.683305544e+01 +5.683305544e+01 +4.7662e-02 +2.6265e-01 +5.3046e-01 +1.0662e-01 -3.8765e-01
4835 +9.734133114e-01 +9.734133114e-01 +5.631341331e+01 +5.631341331e+01 +4.1281e-02 +3.7542e-01 +3.5383e-01 +9.4256e-02 -3.6462e-01
% function evaluation | noise-free fitness - Fopt (-9.033000000000e+01) | best noise-free fitness - Fopt | measured fitness | best measured fitness | x1 | x2...
1 +3.085924814e+05 +3.085924814e+05 +3.085021514e+05 +3.085021514e+05 -4.7480e+00 +8.5635e-01 -4.6198e+00 -4.7443e+00 +2.1965e+00
2 +1.046004106e+05 +1.046004106e+05 +1.045100806e+05 +1.045100806e+05 -1.9545e+00 -3.9292e+00 +3.9522e+00 -2.9899e+00 +1.8027e+00
3 +5.356694927e+04 +5.356694927e+04 +5.347661927e+04 +5.347661927e+04 +1.7851e+00 -3.4726e-01 +2.0421e+00 -3.3139e+00 +2.2773e+00
8 +3.453314004e+04 +3.453314004e+04 +3.444281004e+04 +3.444281004e+04 -2.7322e-01 -3.7678e+00 +1.0633e+00 -3.3767e+00 +1.2913e+00
12 +2.118326429e+04 +2.118326429e+04 +2.109293429e+04 +2.109293429e+04 +3.3089e+00 +1.2415e-01 -4.0724e+00 +1.9540e+00 +1.1640e+00
13 +7.838479231e+03 +7.838479231e+03 +7.748149231e+03 +7.748149231e+03 -7.2323e-01 +4.9227e-01 +2.8779e+00 +1.4498e+00 -1.4181e+00
14 +3.627873585e+03 +3.627873585e+03 +3.537543585e+03 +3.537543585e+03 +1.1787e+00 +3.7716e+00 +3.0962e-01 -3.7444e+00 -1.0717e+00
18 +2.119654082e+03 +2.119654082e+03 +2.029324082e+03 +2.029324082e+03 -7.7891e-01 -2.5793e+00 -1.1329e+00 +3.7279e+00 +1.8317e+00
56 +3.088291737e+02 +3.088291737e+02 +2.184991737e+02 +2.184991737e+02 +4.0566e-02 -3.0530e-03 -1.8827e+00 +6.3690e-01 -1.7801e-01
122 +2.442538418e+02 +2.442538418e+02 +1.539238418e+02 +1.539238418e+02 -1.2222e+00 +8.6156e-01 +0.0000e+00 +9.0139e-01 -1.0125e+00
184 +5.693934821e+01 +5.693934821e+01 -3.339065179e+01 -3.339065179e+01 -5.4203e-01 +1.6899e+00 +9.1056e-01 +0.0000e+00 -8.0386e-01
425 +2.779273815e+01 +2.779273815e+01 -6.253726185e+01 -6.253726185e+01 -2.4605e-01 -3.4510e-01 -7.0528e-01 -1.4172e-01 +2.1492e-01
511 +1.531674478e+01 +1.531674478e+01 -7.501325522e+01 -7.501325522e+01 -4.2780e-01 -8.1614e-01 -7.3169e-01 +4.3175e-01 -3.6685e-02
785 +8.127187156e+00 +8.127187156e+00 -8.220281284e+01 -8.220281284e+01 -5.8935e-02 -7.9878e-01 -5.7012e-01 +1.5953e-01 +1.6731e-01
1165 +4.140634351e+00 +4.140634351e+00 -8.618936565e+01 -8.618936565e+01 -2.3829e-02 -6.2765e-01 -5.2150e-01 +2.2868e-01 +9.7343e-02
1587 +3.768290764e+00 +3.768290764e+00 -8.656170924e+01 -8.656170924e+01 -2.2172e-01 -6.1248e-01 -6.3901e-01 +9.1599e-02 +4.0190e-02
2119 +2.397142816e+00 +2.397142816e+00 -8.793285718e+01 -8.793285718e+01 +6.1301e-02 -6.3638e-01 -4.0212e-01 +1.0585e-01 +2.9147e-02
2459 +1.522678822e+00 +1.522678822e+00 -8.880732118e+01 -8.880732118e+01 +2.7200e-01 -5.4236e-01 -9.8731e-02 +1.7293e-01 +1.3832e-01
3931 +8.923685488e-01 +8.923685488e-01 -8.943763145e+01 -8.943763145e+01 +4.2809e-01 -3.6707e-01 +1.3596e-01 +1.1331e-01 +1.6896e-01
4454 +6.137118441e-01 +6.137118441e-01 -8.971628816e+01 -8.971628816e+01 +4.3744e-01 -3.3235e-01 +1.8559e-01 +1.3854e-01 +1.6905e-01
% function evaluation | noise-free fitness - Fopt (6.561000000000e+01) | best noise-free fitness - Fopt | measured fitness | best measured fitness | x1 | x2...
1 +9.032147813e+04 +9.032147813e+04 +9.038708813e+04 +9.038708813e+04 -4.9572e+00 +5.1024e-01 -3.1110e+00 -9.7881e-01 +1.3667e+00
3 +1.759882356e+04 +1.759882356e+04 +1.766443356e+04 +1.766443356e+04 +1.6978e+00 -3.4330e+00 +1.9547e-01 -2.2960e+00 +4.0680e+00
9 +9.714609027e+03 +9.714609027e+03 +9.780219027e+03 +9.780219027e+03 +3.4718e+00 -1.3037e+00 -4.9871e+00 +3.5781e+00 +3.8978e+00
21 +3.560378728e+03 +3.560378728e+03 +3.625988728e+03 +3.625988728e+03 -1.4661e+00 -1.6423e+00 -1.8140e+00 -1.6409e+00 +2.0320e-01
45 +2.286191446e+03 +2.286191446e+03 +2.351801446e+03 +2.351801446e+03 -4.4607e-01 +9.5891e-01 +4.6742e-01 +2.3054e+00 +8.1488e-01
79 +1.028216037e+03 +1.028216037e+03 +1.093826037e+03 +1.093826037e+03 +1.0865e+00 -7.4992e-01 +1.3020e+00 +1.6500e+00 -7.4963e-01
94 +3.922576088e+02 +3.922576088e+02 +4.578676088e+02 +4.578676088e+02 -4.8930e-01 +0.0000e+00 +1.3064e+00 +1.4320e+00 -9.3262e-01
127 +7.743545657e+01 +7.743545657e+01 +1.430454566e+02 +1.430454566e+02 +7.4810e-01 +2.1085e-01 +0.0000e+00 +1.2853e+00 -6.2050e-02
412 +6.156089846e+01 +6.156089846e+01 +1.271708985e+02 +1.271708985e+02 +7.1836e-01 +1.9458e-01 +9.1649e-02 +1.0969e+00 +6.0627e-02
697 +3.923221838e+01 +3.923221838e+01 +1.048422184e+02 +1.048422184e+02 +6.7107e-01 +3.2285e-01 +9.8677e-02 +7.2849e-01 -5.3124e-02
886 +1.166361614e+01 +1.166361614e+01 +7.727361614e+01 +7.727361614e+01 +5.9743e-01 -6.3960e-03 +6.6986e-01 +6.1009e-01 -2.4271e-02
1017 +8.038882964e+00 +8.038882964e+00 +7.364888296e+01 +7.364888296e+01 +8.6369e-02 -2.9323e-03 +6.5972e-01 +5.6677e-01 -9.5614e-03
1314 +5.160141123e+00 +5.160141123e+00 +7.077014112e+01 +7.077014112e+01 +1.2594e-01 +3.9439e-02 +7.0960e-01 +4.1686e-01 -1.3490e-01
1557 +3.358004702e+00 +3.358004702e+00 +6.896800470e+01 +6.896800470e+01 +5.1840e-02 +9.6309e-03 +8.3779e-01 +4.2236e-01 -1.0541e-01
3088 +2.484338817e+00 +2.484338817e+00 +6.809433882e+01 +6.809433882e+01 -5.8166e-02 -7.8366e-02 +7.5697e-01 +1.7252e-01 -9.1317e-02
4075 +1.524775644e+00 +1.524775644e+00 +6.713477564e+01 +6.713477564e+01 -2.4603e-01 -6.5238e-02 +5.3613e-01 -2.0046e-01 -1.8631e-01
4886 +9.693387782e-01 +9.693387782e-01 +6.657933878e+01 +6.657933878e+01 -3.0450e-01 -7.8264e-02 +4.4702e-01 -2.7029e-01 -1.9133e-01
% function evaluation | noise-free fitness - Fopt (-2.900800000000e+02) | best noise-free fitness - Fopt | measured fitness | best measured fitness | x1 | x2...
1 +1.589398865e+05 +1.589398865e+05 +1.586498065e+05 +1.586498065e+05 -3.9971e+00 -3.4840e+00 +3.5459e+00 -6.7606e-01 -3.5319e+00
2 +1.255888828e+04 +1.255888828e+04 +1.226880828e+04 +1.226880828e+04 +2.1049e+00 +1.5667e+00 -1.5513e+00 +3.7936e+00 +2.7323e+00
6 +7.128553485e+03 +7.128553485e+03 +6.838473485e+03 +6.838473485e+03 -3.9211e-02 -3.9746e-01 +4.9817e-01 -1.9826e-01 -2.9453e+00
10 +1.281298669e+03 +1.281298669e+03 +9.912186687e+02 +9.912186687e+02 -1.2298e+00 +2.1490e-01 +2.1421e+00 +4.9126e-01 -1.4464e+00
74 +8.709558818e+02 +8.709558818e+02 +5.808758818e+02 +5.808758818e+02 +2.9835e+00 +2.5417e+00 -4.3425e-01 +1.1968e+00 -9.1646e-01
100 +1.701655726e+02 +1.701655726e+02 -1.199144274e+02 -1.199144274e+02 +7.4083e-01 +6.5989e-01 -6.0800e-01 +1.2587e+00 +0.0000e+00
216 +8.232818357e+01 +8.232818357e+01 -2.077518164e+02 -2.077518164e+02 +3.7210e-01 +1.2115e+00 -8.1476e-01 +1.9091e+00 -1.0400e+00
527 +6.081393306e+01 +6.081393306e+01 -2.292660669e+02 -2.292660669e+02 +5.9722e-01 +1.4588e+00 -9.4250e-01 +1.7765e+00 -8.8165e-01
1105 +2.822090146e+01 +2.822090146e+01 -2.618590985e+02 -2.618590985e+02 -2.8791e-04 +1.1764e+00 -7.9327e-01 +1.2583e+00 -9.4987e-01
1295 +9.616257787e+00 +9.616257787e+00 -2.804637422e+02 -2.804637422e+02 +5.8198e-02 +1.1989e+00 -7.1813e-01 +1.1542e+00 -1.1011e+00
1825 +6.240762878e+00 +6.240762878e+00 -2.838392371e+02 -2.838392371e+02 +4.0590e-02 +1.1522e+00 -7.0726e-01 +1.0712e+00 -9.9708e-01
% function evaluation | noise-free fitness - Fopt (2.510000000000e+01) | best noise-free fitness - Fopt | measured fitness | best measured fitness | x1 | x2...
1 +1.552738720e+04 +1.552738720e+04 +1.555248720e+04 +1.555248720e+04 +7.5041e-01 -3.0747e+00 +3.3899e+00 +9.1121e-01 +8.4520e-01
6 +1.303665115e+03 +1.303665115e+03 +1.328765115e+03 +1.328765115e+03 -1.1883e+00 +9.6072e-01 +1.2332e+00 -1.9700e+00 +3.0200e+00
16 +4.944406119e+02 +4.944406119e+02 +5.195406119e+02 +5.195406119e+02 -1.0101e+00 -8.9518e-01 +2.3034e-01 +4.2597e-01 +2.1320e-01
55 +2.124206561e+02 +2.124206561e+02 +2.375206561e+02 +2.375206561e+02 -1.2555e+00 +7.4173e-01 +6.2825e-03 +6.3497e-01 -6.4909e-01
147 +4.222511778e+01 +4.222511778e+01 +6.732511778e+01 +6.732511778e+01 -3.3073e-01 +2.6845e-01 +5.4693e-02 +1.7538e-01 -4.2118e-01
388 +1.743956966e+01 +1.743956966e+01 +4.253956966e+01 +4.253956966e+01 +7.6924e-02 -2.3454e-01 -1.1630e-01 +6.8516e-02 +1.6138e-01
468 +6.109062475e+00 +6.109062475e+00 +3.120906248e+01 +3.120906248e+01 +3.0776e-01 -5.4850e-01 +1.8831e-01 +3.3173e-01 -3.2711e-02
1149 +2.932991685e+00 +2.932991685e+00 +2.803299168e+01 +2.803299168e+01 +1.7879e-01 -5.4234e-01 +2.1044e-01 +3.9144e-01 -5.5752e-02
1309 +1.330112028e+00 +1.330112028e+00 +2.643011203e+01 +2.643011203e+01 +1.8240e-01 -5.3262e-01 +1.7602e-01 +3.3462e-01 -5.6075e-02
2265 +5.726046736e-01 +5.726046736e-01 +2.567260467e+01 +2.567260467e+01 +4.2293e-01 -4.1464e-01 -3.3231e-02 +2.9410e-01 +1.9084e-01
2480 +3.461101146e-01 +3.461101146e-01 +2.544611011e+01 +2.544611011e+01 +3.9353e-01 -3.9887e-01 -2.6413e-02 +3.0971e-01 +1.7086e-01
2608 +2.409708014e-01 +2.409708014e-01 +2.534097080e+01 +2.534097080e+01 +4.1599e-01 -4.1060e-01 -3.5172e-02 +3.2570e-01 +1.5777e-01
% function evaluation | noise-free fitness - Fopt (-8.756000000000e+01) | best noise-free fitness - Fopt | measured fitness | best measured fitness | x1 | x2...
1 +2.571645333e+04 +2.571645333e+04 +2.562889333e+04 +2.562889333e+04 +9.2854e-01 +2.7093e+00 -7.2212e-01 +1.0012e+00 -3.9018e+00
5 +8.332795674e+03 +8.332795674e+03 +8.245235674e+03 +8.245235674e+03 +2.9586e+00 -7.2730e-02 -1.9932e+00 +4.7463e+00 -5.6900e-01
50 +2.579399688e+03 +2.579399688e+03 +2.491839688e+03 +2.491839688e+03 +7.3680e-01 +2.4432e-01 -1.4024e+00 -6.8879e-01 -2.1246e+00
56 +1.827880395e+03 +1.827880395e+03 +1.740320395e+03 +1.740320395e+03 +2.3234e+00 -7.3105e-01 -3.0104e+00 -1.2119e-01 +1.2909e-01
95 +9.575799455e+02 +9.575799455e+02 +8.700199455e+02 +8.700199455e+02 +2.1121e+00 -8.7691e-01 -1.6267e+00 -1.3483e-01 +3.3450e-01
130 +3.155428555e+02 +3.155428555e+02 +2.279828555e+02 +2.279828555e+02 +9.5243e-01 -1.2981e+00 +0.0000e+00 +8.3023e-01 +0.0000e+00
150 +1.830112624e+02 +1.830112624e+02 +9.545126237e+01 +9.545126237e+01 +1.8589e-01 +5.2868e-01 -4.2122e-01 -3.0493e-01 -1.3523e+00
163 +1.584197835e+02 +1.584197835e+02 +7.085978348e+01 +7.085978348e+01 +3.4874e-01 +2.5957e-01 -6.3308e-01 +7.6279e-01 -1.5998e-01
358 +6.758328686e+01 +6.758328686e+01 -1.997671314e+01 -1.997671314e+01 -4.0846e-01 +1.0854e-01 -1.1611e+00 -9.6286e-01 -9.4286e-03
441 +5.104342261e+01 +5.104342261e+01 -3.651657739e+01 -3.651657739e+01 +5.7062e-02 -4.9619e-02 +2.1762e-01 -2.7523e-01 +1.7562e-01
672 +3.615862757e+01 +3.615862757e+01 -5.140137243e+01 -5.140137243e+01 -7.1718e-02 -2.6538e-02 -4.3763e-01 -2.9301e-01 +7.7328e-02
766 +1.666999340e+01 +1.666999340e+01 -7.089000660e+01 -7.089000660e+01 -2.4619e-01 +6.3197e-02 -2.8623e-01 -9.1859e-02 -1.7760e-01
886 +1.373026803e+01 +1.373026803e+01 -7.382973197e+01 -7.382973197e+01 -2.4860e-01 +5.2439e-02 -6.5405e-01 -3.5266e-01 -1.6378e-01
966 +9.326988369e+00 +9.326988369e+00 -7.823301163e+01 -7.823301163e+01 -2.8934e-01 +3.8445e-01 -4.9009e-01 -2.2577e-01 -2.4846e-01
1108 +6.225828757e+00 +6.225828757e+00 -8.133417124e+01 -8.133417124e+01 -3.2868e-01 +2.5924e-01 -3.4050e-02 -6.2597e-02 -1.6638e-01
1246 +3.136573093e+00 +3.136573093e+00 -8.442342691e+01 -8.442342691e+01 -3.2723e-01 +3.7709e-01 -9.9636e-02 +4.8637e-02 -2.2966e-01
1272 +1.963740641e+00 +1.963740641e+00 -8.559625936e+01 -8.559625936e+01 -3.6037e-01 +4.3128e-01 -1.5804e-01 -4.1403e-02 -2.5507e-01
1893 +1.550192177e+00 +1.550192177e+00 -8.600980782e+01 -8.600980782e+01 -4.5410e-01 +4.6126e-01 -1.0610e-01 -4.5639e-02 -2.4362e-01
% function evaluation | noise-free fitness - Fopt (6.007000000000e+01) | best noise-free fitness - Fopt | measured fitness | best measured fitness | x1 | x2...
1 +2.194208495e+05 +2.194208495e+05 +2.194809195e+05 +2.194809195e+05 +2.8288e+00 -2.5072e-01 -4.3161e+00 -4.0850e+00 -4.7001e+00
2 +2.943757074e+04 +2.943757074e+04 +2.949764074e+04 +2.949764074e+04 +1.5848e+00 -1.0061e+00 -3.0984e+00 -2.0614e+00 -1.1009e+00
4 +1.351307728e+04 +1.351307728e+04 +1.357314728e+04 +1.357314728e+04 +2.4671e+00 -5.3683e-01 -5.1392e-01 +2.4645e+00 -3.7445e+00
12 +1.697463232e+03 +1.697463232e+03 +1.757533232e+03 +1.757533232e+03 +2.5265e+00 -1.2377e+00 +7.6858e-01 -1.8359e-01 +2.3696e+00
69 +9.819094537e+02 +9.819094537e+02 +1.041979454e+03 +1.041979454e+03 +1.6984e-01 +5.8956e-01 +9.3328e-01 +7.1832e-01 +1.6849e+00
112 +1.973093225e+02 +1.973093225e+02 +2.573793225e+02 +2.573793225e+02 -7.8672e-01 +4.3906e-01 +1.1338e+00 -3.0813e-01 +1.2463e+00
168 +5.181852285e+01 +5.181852285e+01 +1.118885229e+02 +1.118885229e+02 +2.6623e-02 +2.3460e-01 +2.4327e-01 +0.0000e+00 +4.7799e-01
320 +3.962848034e+01 +3.962848034e+01 +9.969848034e+01 +9.969848034e+01 -9.6593e-01 -4.0513e-01 -4.0980e-01 -6.3143e-01 -2.1030e-01
511 +1.971279225e+01 +1.971279225e+01 +7.978279225e+01 +7.978279225e+01 -8.2775e-01 -5.2606e-01 +2.1219e-01 -3.6562e-01 -2.6074e-01
609 +1.533985671e+01 +1.533985671e+01 +7.540985671e+01 +7.540985671e+01 -3.1728e-01 -6.4610e-01 -7.5029e-03 -2.5710e-01 -5.1768e-01
866 +6.818947543e+00 +6.818947543e+00 +6.688894754e+01 +6.688894754e+01 -7.6563e-01 -7.8441e-01 -8.9308e-02 -4.3817e-01 -5.9698e-01
1049 +5.328094158e+00 +5.328094158e+00 +6.539809416e+01 +6.539809416e+01 -7.8490e-01 -6.9841e-01 -5.1107e-02 -3.0361e-01 -5.4147e-01
1581 +3.708712083e+00 +3.708712083e+00 +6.377871208e+01 +6.377871208e+01 -6.2458e-01 -7.0489e-01 -6.3147e-02 -7.0836e-02 -4.5305e-01
3461 +2.472041764e+00 +2.472041764e+00 +6.254204176e+01 +6.254204176e+01 -2.2000e-01 -5.8621e-01 -2.3350e-01 +2.5295e-01 -3.5689e-01
3856 +1.467601547e+00 +1.467601547e+00 +6.153760155e+01 +6.153760155e+01 +6.2146e-02 -3.3049e-01 -3.0760e-01 +4.0797e-01 -3.7100e-01
4740 +9.986551010e-01 +9.986551010e-01 +6.106865510e+01 +6.106865510e+01 +1.6204e-01 -1.4767e-01 -2.7550e-01 +4.1115e-01 -3.3262e-01
% function evaluation | noise-free fitness - Fopt (-1.366300000000e+02) | best noise-free fitness - Fopt | measured fitness | best measured fitness | x1 | x2...
1 +3.166320119e+04 +3.166320119e+04 +3.152657119e+04 +3.152657119e+04 +2.9820e+00 -3.1684e+00 -2.5351e+00 -1.7923e+00 +4.1849e+00
6 +7.148866907e+03 +7.148866907e+03 +7.012236907e+03 +7.012236907e+03 +4.0164e-01 -1.0372e+00 +1.5359e+00 -2.1559e+00 -1.4320e+00
12 +3.760027474e+03 +3.760027474e+03 +3.623397474e+03 +3.623397474e+03 -3.0804e+00 -2.1080e+00 -1.1030e+00 -6.4340e-01 -3.4271e+00
41 +4.904208432e+02 +4.904208432e+02 +3.537908432e+02 +3.537908432e+02 -1.7092e+00 -2.0970e+00 +9.1779e-01 -5.9607e-01 -8.1510e-01
131 +3.660329424e+02 +3.660329424e+02 +2.294029424e+02 +2.294029424e+02 -6.5409e-01 +0.0000e+00 +0.0000e+00 -2.4924e-01 -1.1636e+00
239 +2.030949256e+02 +2.030949256e+02 +6.646492560e+01 +6.646492560e+01 -7.4530e-01 -1.0395e+00 -4.4399e-01 -6.7919e-01 -5.2926e-01
249 +1.322960065e+02 +1.322960065e+02 -4.333993546e+00 -4.333993546e+00 -4.5947e-01 -2.6827e-01 +2.1281e-01 -7.0316e-01 -2.4505e-01
286 +8.555842831e+01 +8.555842831e+01 -5.107157169e+01 -5.107157169e+01 -5.9287e-01 -5.0557e-01 +5.4560e-01 -5.6387e-02 -1.3749e-01
324 +3.308492873e+01 +3.308492873e+01 -1.035450713e+02 -1.035450713e+02 +7.0437e-02 -8.9932e-02 +3.0737e-01 -8.2104e-02 -5.6596e-02
462 +1.220227439e+01 +1.220227439e+01 -1.244277256e+02 -1.244277256e+02 +1.7784e-01 +6.8455e-02 +5.1727e-01 +4.1763e-01 +3.8262e-02
1071 +9.136952412e+00 +9.136952412e+00 -1.274930476e+02 -1.274930476e+02 +2.5439e-01 +1.5529e-01 +7.0758e-01 +2.5737e-01 +2.4868e-02
1339 +1.431802604e+00 +1.431802604e+00 -1.351981974e+02 -1.351981974e+02 +2.8623e-01 +1.6694e-01 +4.9362e-01 +2.8929e-01 +2.1626e-02
1724 +8.222769798e-01 +8.222769798e-01 -1.358077230e+02 -1.358077230e+02 +2.5270e-01 +1.3429e-01 +5.1009e-01 +2.4199e-01 +2.4222e-02
1991 +4.045091803e-01 +4.045091803e-01 -1.362254908e+02 -1.362254908e+02 +2.5682e-01 +1.3271e-01 +5.2649e-01 +2.7423e-01 +2.5692e-02
2327 +2.602423036e-01 +2.602423036e-01 -1.363697577e+02 -1.363697577e+02 +2.5317e-01 +1.2180e-01 +5.9384e-01 +3.2738e-01 +7.7384e-03
2685 +2.405269630e-01 +2.405269630e-01 -1.363894730e+02 -1.363894730e+02 +2.3724e-01 +1.0165e-01 +5.9708e-01 +3.2753e-01 +9.0080e-03
3284 +1.397419050e-01 +1.397419050e-01 -1.364902581e+02 -1.364902581e+02 +2.4819e-01 +1.1916e-01 +5.9158e-01 +3.0973e-01 +1.2842e-02
% function evaluation | noise-free fitness - Fopt (1.639300000000e+02) | best noise-free fitness - Fopt | measured fitness | best measured fitness | x1 | x2...
1 +5.899870789e+04 +5.899870789e+04 +5.916263789e+04 +5.916263789e+04 -4.3247e+00 -1.5811e+00 +3.9573e+00 -2.6097e-01 -1.9638e+00
4 +1.451886083e+04 +1.451886083e+04 +1.468279083e+04 +1.468279083e+04 +2.5312e+00 +2.0387e+00 -2.9864e+00 +2.9271e+00 +8.8163e-01
16 +1.084523509e+03 +1.084523509e+03 +1.248453509e+03 +1.248453509e+03 +2.3964e+00 -3.9704e+00 -4.3397e+00 -1.5131e+00 +5.2674e-01
23 +5.434425696e+02 +5.434425696e+02 +7.073725696e+02 +7.073725696e+02 +1.2149e+00 +6.4355e-01 -5.1764e-01 -7.6115e-01 +3.1892e-01
85 +3.293990872e+02 +3.293990872e+02 +4.933290872e+02 +4.933290872e+02 +1.0515e+00 -1.0665e+00 -5.7592e-01 -4.4969e-01 -6.3102e-01
163 +1.834500826e+02 +1.834500826e+02 +3.473800826e+02 +3.473800826e+02 +3.2470e-01 +5.6013e-01 -7.7594e-01 -9.4363e-01 -2.6601e-01
189 +1.550970422e+02 +1.550970422e+02 +3.190270422e+02 +3.190270422e+02 +9.4872e-01 -1.6069e-01 -2.5142e-01 +5.9660e-01 +9.1015e-01
355 +5.835902075e+01 +5.835902075e+01 +2.222890207e+02 +2.222890207e+02 +9.5758e-01 +1.0829e+00 -4.6558e-02 +8.5372e-01 +7.3836e-02
426 +3.771517309e+01 +3.771517309e+01 +2.016451731e+02 +2.016451731e+02 +9.9614e-01 +3.2507e-01 +1.9355e-01 +6.7673e-01 -7.2770e-01
654 +2.325135478e+01 +2.325135478e+01 +1.871813548e+02 +1.871813548e+02 +4.9842e-01 +9.6885e-01 -1.4860e-02 +4.3280e-01 -5.2953e-01
804 +1.523805916e+01 +1.523805916e+01 +1.791680592e+02 +1.791680592e+02 +8.4846e-01 +8.6929e-01 +6.3517e-02 +8.1327e-01 -9.8400e-02
1299 +7.461439139e+00 +7.461439139e+00 +1.713914391e+02 +1.713914391e+02 +6.6847e-01 +8.6218e-01 -2.4925e-02 +5.9668e-01 -3.9802e-01
1693 +5.176571318e+00 +5.176571318e+00 +1.691065713e+02 +1.691065713e+02 +7.3239e-01 +9.7920e-01 +3.4415e-02 +5.4274e-01 -4.3311e-01
% function evaluation | noise-free fitness - Fopt (-5.002000000000e+01) | best noise-free fitness - Fopt | measured fitness | best measured fitness | x1 | x2...
1 +1.183486422e+05 +1.183486422e+05 +1.182986222e+05 +1.182986222e+05 +8.9610e-01 -4.5590e+00 +4.1879e+00 -2.6195e+00 +4.5763e+00
2 +5.697559330e+04 +5.697559330e+04 +5.692557330e+04 +5.692557330e+04 +3.6174e+00 +4.1518e-01 -2.7520e+00 -4.2597e+00 -4.8231e+00
3 +1.246144193e+03 +1.246144193e+03 +1.196124193e+03 +1.196124193e+03 +1.6800e-01 -7.5388e-01 +2.7368e+00 +3.6529e-01 +1.2915e+00
69 +6.846929420e+02 +6.846929420e+02 +6.346729420e+02 +6.346729420e+02 +1.1201e+00 -8.0186e-01 +6.3387e-01 -5.1031e-02 +1.0361e-01
134 +1.050658314e+02 +1.050658314e+02 +5.504583140e+01 +5.504583140e+01 -1.5558e-02 +3.1748e-01 +1.0601e-01 +6.3117e-01 +0.0000e+00
247 +7.751416535e+01 +7.751416535e+01 +2.749416535e+01 +2.749416535e+01 -1.1002e+00 +4.0743e-01 +1.2136e-01 -8.2331e-01 +3.0584e-01
388 +3.869256911e+01 +3.869256911e+01 -1.132743089e+01 -1.132743089e+01 -8.9907e-01 +2.9744e-01 +5.5078e-01 +8.5815e-02 +8.4543e-02
552 +1.269219348e+01 +1.269219348e+01 -3.732780652e+01 -3.732780652e+01 -9.3511e-01 +0.0000e+00 +4.3807e-01 -2.6939e-02 +1.8041e-01
837 +8.206524441e+00 +8.206524441e+00 -4.181347556e+01 -4.181347556e+01 -6.4536e-01 +1.8381e-01 +3.5966e-01 +1.5842e-01 +2.8599e-01
1357 +5.570740818e+00 +5.570740818e+00 -4.444925918e+01 -4.444925918e+01 -9.1118e-01 -8.2454e-02 +2.5646e-01 +2.9005e-02 +6.1282e-01
2337 +3.801746604e+00 +3.801746604e+00 -4.621825340e+01 -4.621825340e+01 -7.9753e-01 +2.6619e-03 +2.6276e-01 -1.2487e-02 +5.6340e-01
3054 +2.431293477e+00 +2.431293477e+00 -4.758870652e+01 -4.758870652e+01 -7.4073e-01 +3.6890e-02 +2.9275e-01 +1.9378e-01 +7.5795e-02
4363 +1.465450063e+00 +1.465450063e+00 -4.855454994e+01 -4.855454994e+01 -5.0235e-01 -6.3723e-02 +2.9416e-01 +2.5805e-01 -2.2645e-01
4642 +9.792137403e-01 +9.792137403e-01 -4.904078626e+01 -4.904078626e+01 -2.9957e-01 -1.1303e-01 +2.9914e-01 +3.0912e-01 -3.9403e-01
4725 +5.522871928e-01 +5.522871928e-01 -4.946771281e+01 -4.946771281e+01 +7.9566e-02 -1.1785e-01 +1.8905e-01 +3.0940e-01 -5.0305e-01
% function evaluation | noise-free fitness - Fopt (5.888600000000e+02) | best noise-free fitness - Fopt | measured fitness | best measured fitness | x1 | x2...
1 +3.209682793e+04 +3.209682793e+04 +3.268568793e+04 +3.268568793e+04 +5.8145e-01 -4.6210e+00 +4.2343e-03 +1.7512e-01 -3.0020e+00
11 +1.585977744e+04 +1.585977744e+04 +1.644863744e+04 +1.644863744e+04 -9.2349e-01 +4.4310e+00 +3.1564e+00 -1.8837e+00 +2.7550e+00
14 +3.929949892e+03 +3.929949892e+03 +4.518809892e+03 +4.518809892e+03 -9.9480e-01 +1.2804e+00 -3.8049e+00 -1.0959e+00 -3.9697e-01
37 +1.385522183e+03 +1.385522183e+03 +1.974382183e+03 +1.974382183e+03 +8.8383e-01 +1.4272e+00 +1.9803e+00 -9.5744e-01 +2.1548e-01
145 +7.431652058e+02 +7.431652058e+02 +1.332025206e+03 +1.332025206e+03 +0.0000e+00 -6.9733e-01 +1.0808e+00 -4.9831e-01 +1.5077e+00
146 +1.620669859e+02 +1.620669859e+02 +7.509269859e+02 +7.509269859e+02 +1.2946e+00 +0.0000e+00 +4.0782e-01 -2.6039e-01 +1.0965e+00
160 +1.307215079e+02 +1.307215079e+02 +7.195815079e+02 +7.195815079e+02 -8.7028e-01 +5.6638e-01 +0.0000e+00 -6.3277e-01 +6.3664e-01
217 +8.593640434e+01 +8.593640434e+01 +6.747964043e+02 +6.747964043e+02 -3.6017e-01 +1.1702e+00 -4.7027e-01 -7.4730e-01 +3.4912e-01
520 +4.794725341e+01 +4.794725341e+01 +6.368072534e+02 +6.368072534e+02 -1.3969e-01 +8.5068e-01 -6.3155e-01 -5.8820e-01 +1.0457e+00
548 +1.820031882e+01 +1.820031882e+01 +6.070603188e+02 +6.070603188e+02 -2.9501e-01 +6.8761e-01 -1.1230e-01 -5.9091e-01 +8.9516e-01
825 +1.236894511e+01 +1.236894511e+01 +6.012289451e+02 +6.012289451e+02 +1.8002e-01 +6.5077e-01 -1.2792e-02 -4.3496e-01 +8.3776e-01
1052 +6.907998438e+00 +6.907998438e+00 +5.957679984e+02 +5.957679984e+02 +2.4268e-02 +7.3441e-01 -1.1794e-01 -3.4909e-01 +8.1414e-01
1375 +4.517783872e+00 +4.517783872e+00 +5.933777839e+02 +5.933777839e+02 -5.2046e-02 +6.9205e-01 -1.9494e-01 -3.8867e-01 +7.8076e-01
2328 +3.978239988e+00 +3.978239988e+00 +5.928382400e+02 +5.928382400e+02 -1.9479e-02 +6.6519e-01 -2.2209e-01 -4.1789e-01 +7.2026e-01
4229 +2.398843936e+00 +2.398843936e+00 +5.912588439e+02 +5.912588439e+02 -1.0106e-01 +6.3684e-01 +2.6562e-01 -2.3013e-01 +2.4562e-01
% function evaluation | noise-free fitness - Fopt (-3.294000000000e+01) | best noise-free fitness - Fopt | measured fitness | best measured fitness | x1 | x2...
1 +7.501083485e+04 +7.501083485e+04 +7.497789485e+04 +7.497789485e+04 +9.7862e-01 -2.9449e+00 -2.5068e+00 +4.0339e+00 -1.8875e+00
2 +4.398360749e+04 +4.398360749e+04 +4.395066749e+04 +4.395066749e+04 +3.3876e+00 +2.5821e+00 +2.9399e+00 +2.7125e+00 +1.9910e+00
4 +3.822707481e+04 +3.822707481e+04 +3.819413481e+04 +3.819413481e+04 -3.0402e+00 -1.0973e+00 +2.7618e+00 -3.4478e+00 +3.8348e-01
8 +1.553577203e+04 +1.553577203e+04 +1.550283203e+04 +1.550283203e+04 +1.9415e+00 -7.3639e-01 -3.8183e+00 +3.1343e+00 +1.9195e+00
9 +8.063038919e+03 +8.063038919e+03 +8.030098919e+03 +8.030098919e+03 +1.0297e+00 +2.9302e+00 +1.1923e+00 -4.7692e-01 +1.8363e+00
17 +1.097248277e+03 +1.097248277e+03 +1.064308277e+03 +1.064308277e+03 -4.6228e-01 +1.9920e+00 +2.4796e+00 -2.0741e+00 +1.4304e-01
45 +2.067112728e+02 +2.067112728e+02 +1.737712728e+02 +1.737712728e+02 -7.6040e-01 -9.5828e-03 +1.1424e+00 -1.4596e+00 -1.8868e+00
175 +1.096388401e+02 +1.096388401e+02 +7.669884007e+01 +7.669884007e+01 -2.7214e-01 +2.7295e-01 +4.4755e-01 +1.8864e-01 -2.9317e-01
252 +9.467996581e+01 +9.467996581e+01 +6.173996581e+01 +6.173996581e+01 -3.8372e-01 +2.3153e-01 +1.3549e+00 +7.8186e-01 -2.0574e-01
597 +5.141013035e+01 +5.141013035e+01 +1.847013035e+01 +1.847013035e+01 -1.4347e+00 -8.8803e-01 +8.5011e-01 -7.1989e-01 -1.1453e+00
807 +3.925530151e+01 +3.925530151e+01 +6.315301514e+00 +6.315301514e+00 -6.1708e-01 -8.8803e-01 +8.9559e-01 +6.3747e-01 -1.1582e-01
910 +2.088693305e+01 +2.088693305e+01 -1.205306695e+01 -1.205306695e+01 -7.6994e-01 -8.9047e-01 +8.6354e-01 +2.0710e-01 -2.9611e-01
953 +1.210701115e+01 +1.210701115e+01 -2.083298885e+01 -2.083298885e+01 -4.6106e-01 -6.7661e-01 +8.5932e-01 +8.7204e-01 +2.2856e-01
1440 +8.781425997e+00 +8.781425997e+00 -2.415857400e+01 -2.415857400e+01 -3.9215e-01 -4.0844e-01 +7.2619e-01 +8.8775e-01 +1.8920e-01
1560 +6.255988758e+00 +6.255988758e+00 -2.668401124e+01 -2.668401124e+01 -4.0371e-01 -5.5580e-01 +7.5390e-01 +7.2964e-01 +3.1279e-01
% function evaluation | noise-free fitness - Fopt (-1.116200000000e+02) | best noise-free fitness - Fopt | measured fitness | best measured fitness | x1 | x2...
1 +1.595454429e+04 +1.595454429e+04 +1.584292429e+04 +1.584292429e+04 -6.0686e-01 +9.5780e-01 -3.9667e+00 +4.6148e+00 +8.0557e-01
8 +1.374713877e+03 +1.374713877e+03 +1.263093877e+03 +1.263093877e+03 -7.7419e-01 +1.5647e+00 -1.8340e+00 +1.2489e+00 +3.2196e-01
26 +7.051319160e+02 +7.051319160e+02 +5.935119160e+02 +5.935119160e+02 -5.2865e-01 -2.9932e+00 +2.3761e+00 -8.8114e-01 -3.8066e-01
112 +5.306572299e+02 +5.306572299e+02 +4.190372299e+02 +4.190372299e+02 -3.2074e-01 -1.2870e+00 +1.1465e+00 +8.7672e-02 -1.1203e+00
147 +2.057384799e+02 +2.057384799e+02 +9.411847990e+01 +9.411847990e+01 +1.7587e-01 +8.2097e-02 +9.9673e-01 +8.3525e-01 -6.8379e-01
159 +1.356531759e+02 +1.356531759e+02 +2.403317587e+01 +2.403317587e+01 -5.1111e-02 +0.0000e+00 +6.4502e-01 +6.0992e-01 -6.1167e-01
443 +9.247794228e+01 +9.247794228e+01 -1.914205772e+01 -1.914205772e+01 -7.9254e-01 -3.2408e-01 -1.6113e-01 +1.4139e+00 +2.1684e-01
561 +4.428231511e+01 +4.428231511e+01 -6.733768489e+01 -6.733768489e+01 +1.9760e-01 -1.6389e-01 +9.8157e-02 +2.5301e-01 -1.1369e-02
730 +2.671923690e+01 +2.671923690e+01 -8.490076310e+01 -8.490076310e+01 +1.8034e-01 +3.5780e-01 -1.7971e-01 -8.2838e-02 +1.7295e-01
1021 +1.530646849e+01 +1.530646849e+01 -9.631353151e+01 -9.631353151e+01 -8.0273e-01 -1.8980e-01 -1.2462e-01 +3.8311e-01 +7.1472e-02
1068 +7.146980968e+00 +7.146980968e+00 -1.044730190e+02 -1.044730190e+02 -5.5135e-01 -3.1429e-01 -5.0153e-01 -2.1893e-02 -4.0938e-02
1391 +6.265149900e+00 +6.265149900e+00 -1.053548501e+02 -1.053548501e+02 -6.9994e-01 -1.1912e-01 -5.3290e-01 +2.5913e-01 +9.3077e-02
1523 +3.732932501e+00 +3.732932501e+00 -1.078870675e+02 -1.078870675e+02 -6.4015e-01 -2.4873e-01 -5.0909e-01 +1.9669e-01 +1.2227e-01
2489 +2.488241560e+00 +2.488241560e+00 -1.091317584e+02 -1.091317584e+02 -5.8061e-01 -1.5307e-01 -5.4578e-01 +1.7932e-02 +4.9589e-03
3869 +1.566132543e+00 +1.566132543e+00 -1.100538675e+02 -1.100538675e+02 -3.3318e-01 +1.5062e-01 -5.4566e-01 -2.5788e-01 +9.3506e-02
