% function evaluation | noise-free fitness - Fopt (-1.694000000000e+01) | best noise-free fitness - Fopt | measured fitness | best measured fitness | x1 | x2...
1 +3.362022900e+01 +3.362022900e+01 +1.668022900e+01 +1.668022900e+01 +1.6013e+00 +1.5491e-01
8 +1.272947363e+01 +1.272947363e+01 -4.210526374e+00 -4.210526374e+00 +4.5402e+00 +3.7696e+00
10 +9.668764855e+00 +9.668764855e+00 -7.271235145e+00 -7.271235145e+00 +4.2154e+00 +4.4296e+00
19 +6.114978121e+00 +6.114978121e+00 -1.082502188e+01 -1.082502188e+01 +2.9958e+00 +2.9792e+00
40 +3.573123458e+00 +3.573123458e+00 -1.336687654e+01 -1.336687654e+01 +4.8287e+00 +1.1843e+00
41 +1.802953987e+00 +1.802953987e+00 -1.513704601e+01 -1.513704601e+01 +3.2855e+00 +2.2606e+00
129 +1.198499522e+00 +1.198499522e+00 -1.574150048e+01 -1.574150048e+01 +3.5450e+00 +3.5141e+00
370 +7.908603378e-01 +7.908603378e-01 -1.614913966e+01 -1.614913966e+01 +3.4457e+00 +2.8406e+00
744 +5.453417003e-01 +5.453417003e-01 -1.639465830e+01 -1.639465830e+01 +3.7885e+00 +2.2639e+00
1003 +1.820082499e-01 +1.820082499e-01 -1.675799175e+01 -1.675799175e+01 +3.5918e+00 +2.6942e+00
% function evaluation | noise-free fitness - Fopt (1.881000000000e+01) | best noise-free fitness - Fopt | measured fitness | best measured fitness | x1 | x2...
1 +1.119776729e+01 +1.119776729e+01 +3.000776729e+01 +3.000776729e+01 -3.3242e+00 +4.8258e+00
4 +9.378132153e+00 +9.378132153e+00 +2.818813215e+01 +2.818813215e+01 +3.5523e+00 +2.7734e+00
5 +4.175929155e+00 +4.175929155e+00 +2.298592915e+01 +2.298592915e+01 -3.7761e-01 +3.0369e+00
11 +3.438703985e+00 +3.438703985e+00 +2.224870399e+01 +2.224870399e+01 +1.7779e+00 +2.0809e+00
47 +1.855558097e+00 +1.855558097e+00 +2.066555810e+01 +2.066555810e+01 -8.5508e-01 +1.7774e+00
122 +9.806640236e-01 +9.806640236e-01 +1.979066402e+01 +1.979066402e+01 -2.5765e-02 +1.4974e+00
800 +2.646867374e-01 +2.646867374e-01 +1.907468674e+01 +1.907468674e+01 +1.1392e-01 +1.7006e+00
1444 +1.000001523e-01 +1.000001523e-01 +1.891000015e+01 +1.891000015e+01 -1.3080e-01 +1.7989e+00
3558 +5.399882098e-02 +5.399882098e-02 +1.886399882e+01 +1.886399882e+01 -1.4468e-01 +1.7731e+00
% function evaluation | noise-free fitness - Fopt (2.731500000000e+02) | best noise-free fitness - Fopt | measured fitness | best measured fitness | x1 | x2...
1 +5.141668502e+01 +5.141668502e+01 +3.245666850e+02 +3.245666850e+02 +3.8327e+00 -4.1411e+00
4 +2.535367404e+01 +2.535367404e+01 +2.985036740e+02 +2.985036740e+02 +2.3924e+00 +1.8733e+00
5 +1.255219984e+01 +1.255219984e+01 +2.857021998e+02 +2.857021998e+02 -2.1587e+00 +3.2741e+00
9 +7.796136450e+00 +7.796136450e+00 +2.809461364e+02 +2.809461364e+02 -7.3528e-01 +4.1786e+00
13 +1.400717482e+00 +1.400717482e+00 +2.745507175e+02 +2.745507175e+02 -3.7917e+00 +2.6512e+00
694 +3.731805739e-01 +3.731805739e-01 +2.735231806e+02 +2.735231806e+02 -3.7584e+00 +3.4529e+00
3878 +1.841131897e-01 +1.841131897e-01 +2.733341132e+02 +2.733341132e+02 -3.5159e+00 +3.7838e+00
% function evaluation | noise-free fitness - Fopt (3.718000000000e+01) | best noise-free fitness - Fopt | measured fitness | best measured fitness | x1 | x2...
1 +4.623102354e+01 +4.623102354e+01 +8.341102354e+01 +8.341102354e+01 +2.5455e+00 +4.0669e+00
2 +7.259981414e+00 +7.259981414e+00 +4.443998141e+01 +4.443998141e+01 -3.6783e+00 +1.3912e+00
17 +2.619945931e+00 +2.619945931e+00 +3.979994593e+01 +3.979994593e+01 -4.9995e+00 +1.7151e+00
57 +2.449828187e+00 +2.449828187e+00 +3.962982819e+01 +3.962982819e+01 -2.2559e+00 +2.5455e+00
108 +1.413729042e+00 +1.413729042e+00 +3.859372904e+01 +3.859372904e+01 -3.6765e+00 +2.5811e+00
144 +7.968374386e-01 +7.968374386e-01 +3.797683744e+01 +3.797683744e+01 -3.7129e+00 +2.2881e+00
1073 +3.673655349e-01 +3.673655349e-01 +3.754736553e+01 +3.754736553e+01 -4.2425e+00 +2.0582e+00
4113 +1.606279239e-01 +1.606279239e-01 +3.734062792e+01 +3.734062792e+01 -3.8256e+00 +2.0088e+00
% function evaluation | noise-free fitness - Fopt (-1.479000000000e+02) | best noise-free fitness - Fopt | measured fitness | best measured fitness | x1 | x2...
1 +1.983688461e+01 +1.983688461e+01 -1.280631154e+02 -1.280631154e+02 -4.9047e+00 -1.7475e-01
5 +1.311102494e+01 +1.311102494e+01 -1.347889751e+02 -1.347889751e+02 -1.5973e+00 +1.6844e+00
7 +6.310658387e+00 +6.310658387e+00 -1.415893416e+02 -1.415893416e+02 +3.0933e-01 -3.8833e+00
9 +4.797308509e+00 +4.797308509e+00 -1.431026915e+02 -1.431026915e+02 -2.8790e+00 +2.6569e+00
31 +2.475321870e+00 +2.475321870e+00 -1.454246781e+02 -1.454246781e+02 -1.8067e+00 -6.9594e-03
60 +1.566890374e+00 +1.566890374e+00 -1.463331096e+02 -1.463331096e+02 -1.1634e+00 -2.2145e-01
256 +4.060565976e-01 +4.060565976e-01 -1.474939434e+02 -1.474939434e+02 -1.7922e+00 +1.0307e-01
2502 +2.821109872e-01 +2.821109872e-01 -1.476178890e+02 -1.476178890e+02 -1.8216e+00 +3.0840e-01
% function evaluation | noise-free fitness - Fopt (-2.218900000000e+02) | best noise-free fitness - Fopt | measured fitness | best measured fitness | x1 | x2...
1 +3.092228697e+02 +3.092228697e+02 +8.733286971e+01 +8.733286971e+01 +4.0041e+00 -4.8159e+00
2 +2.174242360e+02 +2.174242360e+02 -4.465764038e+00 -4.465764038e+00 +4.8159e+00 +4.4356e+00
3 +6.871339364e+01 +6.871339364e+01 -1.531766064e+02 -1.531766064e+02 +1.3975e+00 +2.8899e+00
5 +3.379508768e+01 +3.379508768e+01 -1.880949123e+02 -1.880949123e+02 -3.8457e+00 +3.2018e+00
7 +2.075688897e+01 +2.075688897e+01 -2.011331110e+02 -2.011331110e+02 -1.4582e+00 -1.6100e+00
10 +9.640808792e+00 +9.640808792e+00 -2.122491912e+02 -2.122491912e+02 -3.6040e+00 -2.0168e+00
22 +4.000942402e+00 +4.000942402e+00 -2.178890576e+02 -2.178890576e+02 -4.1158e+00 -1.0625e+00
23 +2.091655749e+00 +2.091655749e+00 -2.197983443e+02 -2.197983443e+02 -3.8016e+00 +4.1670e-01
132 +1.228823567e+00 +1.228823567e+00 -2.206611764e+02 -2.206611764e+02 -3.0417e+00 -8.1558e-02
186 +5.436757556e-01 +5.436757556e-01 -2.213463242e+02 -2.213463242e+02 -3.7672e+00 +3.5001e-01
1198 +3.678243001e-01 +3.678243001e-01 -2.215221757e+02 -2.215221757e+02 -3.7548e+00 +2.8604e-01
% function evaluation | noise-free fitness - Fopt (1.195400000000e+02) | best noise-free fitness - Fopt | measured fitness | best measured fitness | x1 | x2...
1 +6.560728239e+01 +6.560728239e+01 +1.851472824e+02 +1.851472824e+02 +4.1125e+00 +4.1146e+00
2 +1.961388806e+01 +1.961388806e+01 +1.391538881e+02 +1.391538881e+02 -2.1986e+00 -3.7083e-01
3 +1.341189076e+01 +1.341189076e+01 +1.329518908e+02 +1.329518908e+02 +3.3636e+00 -3.6797e-01
11 +4.304745787e+00 +4.304745787e+00 +1.238447458e+02 +1.238447458e+02 -2.5099e+00 +1.7200e+00
15 +2.313382303e+00 +2.313382303e+00 +1.218533823e+02 +1.218533823e+02 +1.8480e+00 +2.3913e-01
63 +1.484528745e+00 +1.484528745e+00 +1.210245287e+02 +1.210245287e+02 +1.5132e+00 +1.1784e+00
120 +6.491605167e-01 +6.491605167e-01 +1.201891605e+02 +1.201891605e+02 +1.3043e+00 +9.8848e-01
131 +1.925196038e-01 +1.925196038e-01 +1.197325196e+02 +1.197325196e+02 +1.2311e+00 +9.4221e-01
4955 +7.246888050e-02 +7.246888050e-02 +1.196124689e+02 +1.196124689e+02 +1.3463e+00 +9.0832e-01
% function evaluation | noise-free fitness - Fopt (6.983000000000e+01) | best noise-free fitness - Fopt | measured fitness | best measured fitness | x1 | x2...
1 +1.417803693e+01 +1.417803693e+01 +8.400803693e+01 +8.400803693e+01 +1.5649e+00 -1.2004e+00
3 +8.427239377e+00 +8.427239377e+00 +7.825723938e+01 +7.825723938e+01 -1.8202e+00 -3.6480e-01
7 +4.047846365e+00 +4.047846365e+00 +7.387784637e+01 +7.387784637e+01 -5.0745e-01 -3.0238e+00
19 +3.049894631e+00 +3.049894631e+00 +7.287989463e+01 +7.287989463e+01 -1.8437e+00 -1.8160e+00
37 +1.948695011e+00 +1.948695011e+00 +7.177869501e+01 +7.177869501e+01 -1.2165e+00 -2.0839e+00
89 +7.526349504e-01 +7.526349504e-01 +7.058263495e+01 +7.058263495e+01 -3.6733e+00 -1.2875e+00
107 +2.065728792e-01 +2.065728792e-01 +7.003657288e+01 +7.003657288e+01 -2.9127e+00 -1.4980e+00
% function evaluation | noise-free fitness - Fopt (7.000000000000e-02) | best noise-free fitness - Fopt | measured fitness | best measured fitness | x1 | x2...
1 +1.419481582e+01 +1.419481582e+01 +1.426481582e+01 +1.426481582e+01 +3.2636e+00 -3.6109e+00
13 +1.029822310e+00 +1.029822310e+00 +1.099822310e+00 +1.099822310e+00 +3.2395e+00 -1.3552e+00
421 +5.403843726e-01 +5.403843726e-01 +6.103843726e-01 +6.103843726e-01 +3.5498e+00 -1.3965e+00
% function evaluation | noise-free fitness - Fopt (4.960000000000e+00) | best noise-free fitness - Fopt | measured fitness | best measured fitness | x1 | x2...
1 +7.145557706e+01 +7.145557706e+01 +7.641557706e+01 +7.641557706e+01 -5.1981e-01 -2.6268e+00
2 +5.837775957e+01 +5.837775957e+01 +6.333775957e+01 +6.333775957e+01 -2.4350e+00 +9.8406e-01
4 +1.643190157e+01 +1.643190157e+01 +2.139190157e+01 +2.139190157e+01 +4.4776e+00 +2.5737e+00
8 +1.045034369e+01 +1.045034369e+01 +1.541034369e+01 +1.541034369e+01 -1.2564e+00 +2.8476e+00
10 +6.044089184e+00 +6.044089184e+00 +1.100408918e+01 +1.100408918e+01 +1.8409e+00 +1.9409e+00
31 +2.444347300e+00 +2.444347300e+00 +7.404347300e+00 +7.404347300e+00 +3.3173e+00 +7.1716e-01
124 +1.546295272e+00 +1.546295272e+00 +6.506295272e+00 +6.506295272e+00 +2.9009e+00 +1.5774e+00
125 +8.492182107e-01 +8.492182107e-01 +5.809218211e+00 +5.809218211e+00 +2.9448e+00 +2.0177e+00
449 +2.584394440e-01 +2.584394440e-01 +5.218439444e+00 +5.218439444e+00 +3.2637e+00 +1.9267e+00
3851 +1.517626879e-01 +1.517626879e-01 +5.111762688e+00 +5.111762688e+00 +3.3670e+00 +1.7514e+00
% function evaluation | noise-free fitness - Fopt (1.923000000000e+02) | best noise-free fitness - Fopt | measured fitness | best measured fitness | x1 | x2...
1 +1.221537850e+01 +1.221537850e+01 +2.045153785e+02 +2.045153785e+02 -3.1986e+00 -3.0425e+00
7 +6.369964383e+00 +6.369964383e+00 +1.986699644e+02 +1.986699644e+02 -4.9311e+00 +3.0658e+00
41 +3.271904265e+00 +3.271904265e+00 +1.955719043e+02 +1.955719043e+02 -3.1251e+00 +2.1359e+00
56 +2.199061309e+00 +2.199061309e+00 +1.944990613e+02 +1.944990613e+02 -3.0732e+00 +2.5217e+00
136 +1.249604467e+00 +1.249604467e+00 +1.935496045e+02 +1.935496045e+02 -2.9595e+00 +4.3677e+00
150 +7.746136201e-01 +7.746136201e-01 +1.930746136e+02 +1.930746136e+02 -2.7390e+00 +4.0691e+00
1015 +5.929391507e-01 +5.929391507e-01 +1.928929392e+02 +1.928929392e+02 -3.2921e+00 +3.6590e+00
1488 +1.683384106e-01 +1.683384106e-01 +1.924683384e+02 +1.924683384e+02 -3.0345e+00 +3.9738e+00
% function evaluation | noise-free fitness - Fopt (4.971000000000e+01) | best noise-free fitness - Fopt | measured fitness | best measured fitness | x1 | x2...
1 +7.971289791e+01 +7.971289791e+01 +1.294228979e+02 +1.294228979e+02 -4.6143e+00 +1.7022e+00
2 +1.297805893e+01 +1.297805893e+01 +6.268805893e+01 +6.268805893e+01 +1.4745e+00 -8.1760e-01
7 +1.284999663e+00 +1.284999663e+00 +5.099499966e+01 +5.099499966e+01 +2.9112e+00 -4.2201e+00
55 +5.709826299e-01 +5.709826299e-01 +5.028098263e+01 +5.028098263e+01 +3.1754e+00 -4.0001e+00
299 +1.687029147e-01 +1.687029147e-01 +4.987870291e+01 +4.987870291e+01 +3.6870e+00 -3.7586e+00
% function evaluation | noise-free fitness - Fopt (2.051200000000e+02) | best noise-free fitness - Fopt | measured fitness | best measured fitness | x1 | x2...
1 +8.123338901e+00 +8.123338901e+00 +2.132433389e+02 +2.132433389e+02 +1.0392e+00 +4.4462e-01
22 +5.140089526e+00 +5.140089526e+00 +2.102600895e+02 +2.102600895e+02 -5.4582e-01 +2.5510e+00
44 +3.847997764e+00 +3.847997764e+00 +2.089679978e+02 +2.089679978e+02 -1.4382e+00 +3.1273e+00
109 +2.364802222e+00 +2.364802222e+00 +2.074848022e+02 +2.074848022e+02 -1.6729e+00 +3.5828e+00
360 +1.406593332e+00 +1.406593332e+00 +2.065265933e+02 +2.065265933e+02 -7.3374e-01 +2.5921e+00
1022 +8.106968304e-01 +8.106968304e-01 +2.059306968e+02 +2.059306968e+02 -1.3895e+00 +4.3158e+00
1091 +4.990874012e-01 +4.990874012e-01 +2.056190874e+02 +2.056190874e+02 -1.1844e+00 +3.8073e+00
1853 +2.708768910e-01 +2.708768910e-01 +2.053908769e+02 +2.053908769e+02 -1.2417e+00 +4.0604e+00
% function evaluation | noise-free fitness - Fopt (-1.729000000000e+02) | best noise-free fitness - Fopt | measured fitness | best measured fitness | x1 | x2...
1 +1.558476659e+02 +1.558476659e+02 -1.705233410e+01 -1.705233410e+01 -4.2046e+00 +4.5349e+00
2 +2.948934584e+00 +2.948934584e+00 -1.699510654e+02 -1.699510654e+02 -3.2478e+00 -2.2736e+00
92 +1.602997128e+00 +1.602997128e+00 -1.712970029e+02 -1.712970029e+02 -3.7207e+00 -1.7443e+00
150 +1.420595950e+00 +1.420595950e+00 -1.714794040e+02 -1.714794040e+02 -2.4502e+00 -6.1739e-01
884 +7.428292796e-01 +7.428292796e-01 -1.721571707e+02 -1.721571707e+02 -2.6108e+00 -1.0225e+00
2207 +4.261747023e-01 +4.261747023e-01 -1.724738253e+02 -1.724738253e+02 -3.1423e+00 -1.3042e+00
3424 +3.708040668e-01 +3.708040668e-01 -1.725291959e+02 -1.725291959e+02 -2.6773e+00 -8.3409e-01
% function evaluation | noise-free fitness - Fopt (-3.506200000000e+02) | best noise-free fitness - Fopt | measured fitness | best measured fitness | x1 | x2...
1 +3.810401214e+02 +3.810401214e+02 +3.042012136e+01 +3.042012136e+01 +3.6235e+00 -1.3614e+00
3 +2.406521530e+02 +2.406521530e+02 -1.099678470e+02 -1.099678470e+02 +1.1635e+00 -3.0937e+00
7 +4.620370838e+01 +4.620370838e+01 -3.044162916e+02 -3.044162916e+02 -7.9834e-01 -1.1961e+00
9 +2.141039094e+01 +2.141039094e+01 -3.292096091e+02 -3.292096091e+02 -3.0190e+00 -4.6489e-01
10 +1.180177902e+01 +1.180177902e+01 -3.388182210e+02 -3.388182210e+02 -2.8969e+00 -1.8208e+00
37 +7.008137348e+00 +7.008137348e+00 -3.436118627e+02 -3.436118627e+02 -4.6779e+00 -9.3212e-01
48 +2.754749556e+00 +2.754749556e+00 -3.478652504e+02 -3.478652504e+02 -3.7569e+00 -2.8711e+00
94 +2.304060243e+00 +2.304060243e+00 -3.483159398e+02 -3.483159398e+02 -4.1918e+00 -3.9554e+00
101 +4.226861409e-01 +4.226861409e-01 -3.501973139e+02 -3.501973139e+02 -4.0178e+00 -3.9750e+00
2933 +3.069414092e-01 +3.069414092e-01 -3.503130586e+02 -3.503130586e+02 -3.8124e+00 -3.6625e+00
3316 +1.564448770e-01 +1.564448770e-01 -3.504635551e+02 -3.504635551e+02 -3.9541e+00 -3.8338e+00
