% function evaluation | noise-free fitness - Fopt (-1.694000000000e+01) | best noise-free fitness - Fopt | measured fitness | best measured fitness | x1 | x2...
1 +4.076107721e+02 +4.076107721e+02 +3.906707721e+02 +3.906707721e+02 -4.5157e+00 +4.7858e+00 -3.4499e+00 +4.4692e+00 +2.8503e+00
2 +1.530648208e+01 +1.530648208e+01 -1.633517924e+00 -1.633517924e+00 +1.9760e+00 +1.0532e-01 +6.2219e-01 +3.4369e+00 -1.4319e+00
14 +8.871052123e+00 +8.871052123e+00 -8.068947877e+00 -8.068947877e+00 +2.1427e+00 -3.4899e-01 -8.2472e-01 +2.9920e+00 +4.1316e-01
128 +5.689171916e+00 +5.689171916e+00 -1.125082808e+01 -1.125082808e+01 +4.5652e+00 +9.2318e-01 +9.2378e-01 +2.5829e+00 +6.1268e-01
754 +3.364598935e+00 +3.364598935e+00 -1.357540107e+01 -1.357540107e+01 +2.6672e+00 +1.0232e+00 -2.2658e+00 +2.5159e+00 +6.1164e-01
4295 +1.764957268e+00 +1.764957268e+00 -1.517504273e+01 -1.517504273e+01 +3.9059e+00 +2.6210e+00 -1.2360e+00 +1.7624e+00 +9.4442e-01
% function evaluation | noise-free fitness - Fopt (1.881000000000e+01) | best noise-free fitness - Fopt | measured fitness | best measured fitness | x1 | x2...
1 +1.148122235e+01 +1.148122235e+01 +3.029122235e+01 +3.029122235e+01 +1.1910e+00 +3.3939e+00 +1.2313e+00 +3.9520e+00 -3.3199e+00
18 +9.028453710e+00 +9.028453710e+00 +2.783845371e+01 +2.783845371e+01 -2.3140e+00 +4.2365e+00 -2.6865e+00 +3.7098e+00 +2.5046e+00
62 +3.563737193e+00 +3.563737193e+00 +2.237373719e+01 +2.237373719e+01 -8.2640e-01 +1.2452e+00 -1.7405e+00 -7.3136e-01 +2.0389e+00
3078 +2.201304173e+00 +2.201304173e+00 +2.101130417e+01 +2.101130417e+01 +2.8742e-01 +1.3448e+00 -1.4226e+00 +3.3124e-01 +2.4366e+00
% function evaluation | noise-free fitness - Fopt (2.731500000000e+02) | best noise-free fitness - Fopt | measured fitness | best measured fitness | x1 | x2...
1 +1.138043889e+01 +1.138043889e+01 +2.845304389e+02 +2.845304389e+02 +4.1455e+00 +1.6870e+00 +2.4346e-02 -1.8927e-01 -1.7734e+00
23 +6.637180059e+00 +6.637180059e+00 +2.797871801e+02 +2.797871801e+02 +8.9629e-01 +2.6171e+00 +4.6964e-02 +1.9425e+00 +2.8033e+00
247 +5.781932654e+00 +5.781932654e+00 +2.789319327e+02 +2.789319327e+02 -1.9755e+00 +1.8842e+00 +1.6462e+00 +3.9824e+00 +1.8723e+00
932 +3.325213372e+00 +3.325213372e+00 +2.764752134e+02 +2.764752134e+02 -2.9948e+00 +3.3223e+00 -1.3437e+00 +1.7993e+00 +1.6896e+00
2753 +1.967371948e+00 +1.967371948e+00 +2.751173719e+02 +2.751173719e+02 -3.4760e+00 +3.1621e+00 -7.2802e-01 +2.1669e+00 +1.0567e+00
% function evaluation | noise-free fitness - Fopt (3.718000000000e+01) | best noise-free fitness - Fopt | measured fitness | best measured fitness | x1 | x2...
1 +1.945816752e+02 +1.945816752e+02 +2.317616752e+02 +2.317616752e+02 +3.2922e+00 -1.8380e+00 -3.9287e+00 -4.4553e+00 +2.3393e+00
2 +3.680387344e+01 +3.680387344e+01 +7.398387344e+01 +7.398387344e+01 -4.5520e+00 -2.4299e+00 +4.4798e+00 +1.3108e+00 +2.4921e+00
3 +1.797119077e+01 +1.797119077e+01 +5.515119077e+01 +5.515119077e+01 -3.5303e+00 -7.5217e-01 +6.8521e-01 -7.4483e-01 -4.4436e+00
4 +8.406787485e+00 +8.406787485e+00 +4.558678748e+01 +4.558678748e+01 -3.2801e+00 +4.8741e+00 +4.9453e+00 +1.1239e+00 -3.5134e+00
75 +3.676802072e+00 +3.676802072e+00 +4.085680207e+01 +4.085680207e+01 -3.9051e+00 +2.0037e+00 +2.5877e+00 +3.6957e+00 -3.9921e+00
2172 +2.486129858e+00 +2.486129858e+00 +3.966612986e+01 +3.966612986e+01 -4.8025e+00 +2.4786e+00 +7.2906e-01 +1.6904e+00 -2.3159e+00
% function evaluation | noise-free fitness - Fopt (-1.479000000000e+02) | best noise-free fitness - Fopt | measured fitness | best measured fitness | x1 | x2...
1 +1.605166222e+01 +1.605166222e+01 -1.318483378e+02 -1.318483378e+02 +2.5539e+00 +3.5823e-01 -2.3454e+00 -4.3132e+00 -1.7945e+00
2 +5.659326441e+00 +5.659326441e+00 -1.422406736e+02 -1.422406736e+02 -2.1363e+00 +1.6025e+00 +2.6596e+00 +1.0691e+00 -3.7381e+00
779 +3.285718339e+00 +3.285718339e+00 -1.446142817e+02 -1.446142817e+02 -1.7108e+00 +1.6086e+00 +4.8514e-01 -1.2570e+00 -3.2948e+00
857 +2.497840002e+00 +2.497840002e+00 -1.454021600e+02 -1.454021600e+02 -2.8949e+00 +9.5582e-01 +1.6060e+00 -2.6692e+00 -3.8167e+00
% function evaluation | noise-free fitness - Fopt (-2.218900000000e+02) | best noise-free fitness - Fopt | measured fitness | best measured fitness | x1 | x2...
1 +3.326906598e+01 +3.326906598e+01 -1.886209340e+02 -1.886209340e+02 +1.1748e+00 -6.1218e-01 -2.7396e+00 -3.7313e+00 +2.9951e+00
2 +1.014770098e+01 +1.014770098e+01 -2.117422990e+02 -2.117422990e+02 -2.7473e+00 +3.0285e+00 -5.5944e-01 -3.3931e+00 -1.7405e+00
13 +6.441076491e+00 +6.441076491e+00 -2.154489235e+02 -2.154489235e+02 -4.9060e+00 -1.1759e+00 +3.1066e+00 +1.3372e-01 -3.9952e+00
125 +5.648995427e+00 +5.648995427e+00 -2.162410046e+02 -2.162410046e+02 -9.4271e-01 -2.2275e-01 -8.4988e-01 +6.3714e-01 -2.8199e+00
660 +3.306333951e+00 +3.306333951e+00 -2.185836660e+02 -2.185836660e+02 -4.1680e+00 +1.1615e+00 +1.2180e+00 +1.0327e+00 -1.8890e+00
2128 +1.920980912e+00 +1.920980912e+00 -2.199690191e+02 -2.199690191e+02 -4.2879e+00 -2.9572e-01 +8.0017e-01 +1.6061e+00 -8.4390e-01
% function evaluation | noise-free fitness - Fopt (1.195400000000e+02) | best noise-free fitness - Fopt | measured fitness | best measured fitness | x1 | x2...
1 +6.089543650e+01 +6.089543650e+01 +1.804354365e+02 +1.804354365e+02 -2.6477e+00 -8.3910e-01 +3.9858e+00 +2.1496e+00 -3.8926e+00
2 +3.921057952e+01 +3.921057952e+01 +1.587505795e+02 +1.587505795e+02 +3.1139e+00 -7.3280e-01 +2.0243e+00 +7.6881e-01 +9.8819e-01
3 +1.887117380e+01 +1.887117380e+01 +1.384111738e+02 +1.384111738e+02 -2.7808e+00 -5.8608e-01 +2.2488e+00 +4.7304e+00 +2.8497e+00
4 +1.081671821e+01 +1.081671821e+01 +1.303567182e+02 +1.303567182e+02 +1.4025e-01 -3.4346e-01 -2.6902e+00 +1.6492e+00 +1.9146e+00
19 +6.711818342e+00 +6.711818342e+00 +1.262518183e+02 +1.262518183e+02 +4.7380e-02 +3.0534e+00 -8.7738e-01 +2.7700e+00 +4.7111e+00
33 +4.797237576e+00 +4.797237576e+00 +1.243372376e+02 +1.243372376e+02 +1.1901e+00 +4.0930e-01 -4.3038e+00 -4.5186e+00 +4.0882e+00
686 +2.714896999e+00 +2.714896999e+00 +1.222548970e+02 +1.222548970e+02 +1.1544e+00 +8.0572e-01 -3.5798e+00 -8.8567e-01 +3.0581e+00
2599 +2.051886045e+00 +2.051886045e+00 +1.215918860e+02 +1.215918860e+02 +1.9089e-01 +1.2579e+00 -2.9629e+00 -1.5129e+00 +4.1278e+00
% function evaluation | noise-free fitness - Fopt (6.983000000000e+01) | best noise-free fitness - Fopt | measured fitness | best measured fitness | x1 | x2...
1 +3.686709657e+01 +3.686709657e+01 +1.066970966e+02 +1.066970966e+02 +2.7739e+00 +1.6759e+00 -3.5502e+00 +1.2669e+00 -1.7975e+00
2 +2.400140506e+01 +2.400140506e+01 +9.383140506e+01 +9.383140506e+01 +4.0949e+00 -3.0748e+00 -4.5657e+00 +6.5902e-01 -1.8254e+00
5 +1.507325415e+01 +1.507325415e+01 +8.490325415e+01 +8.490325415e+01 -4.4692e+00 -4.5048e+00 +2.6904e-01 +4.3435e-01 +3.2639e+00
52 +6.469684024e+00 +6.469684024e+00 +7.629968402e+01 +7.629968402e+01 -3.6480e+00 -1.0698e+00 -4.6418e+00 -1.9596e+00 +1.7793e+00
175 +4.175795798e+00 +4.175795798e+00 +7.400579580e+01 +7.400579580e+01 -3.1781e+00 -3.1662e+00 -6.2570e-01 -1.8089e+00 +1.2647e+00
1055 +3.364627402e+00 +3.364627402e+00 +7.319462740e+01 +7.319462740e+01 -1.3986e+00 -3.7227e+00 -4.5720e+00 -1.0819e+00 +4.2146e+00
% function evaluation | noise-free fitness - Fopt (7.000000000000e-02) | best noise-free fitness - Fopt | measured fitness | best measured fitness | x1 | x2...
1 +8.238411049e+01 +8.238411049e+01 +8.245411049e+01 +8.245411049e+01 -1.4613e+00 +3.9678e+00 +3.4819e+00 +2.4541e+00 -1.7776e+00
2 +1.991511615e+01 +1.991511615e+01 +1.998511615e+01 +1.998511615e+01 +4.9382e+00 +2.6584e+00 +4.8974e+00 +1.2036e-01 -2.4243e-02
6 +6.035425567e+00 +6.035425567e+00 +6.105425567e+00 +6.105425567e+00 +1.8621e+00 -1.1252e+00 +2.2485e+00 -4.0623e+00 -4.0693e-03
392 +3.890343826e+00 +3.890343826e+00 +3.960343826e+00 +3.960343826e+00 +2.2801e+00 -1.4902e-01 +4.7007e+00 -2.9493e+00 +3.5654e+00
% function evaluation | noise-free fitness - Fopt (4.960000000000e+00) | best noise-free fitness - Fopt | measured fitness | best measured fitness | x1 | x2...
1 +2.569478592e+01 +2.569478592e+01 +3.065478592e+01 +3.065478592e+01 -4.6110e+00 +1.3756e+00 +8.7848e-01 -2.4617e+00 -2.8409e+00
2 +1.226510419e+01 +1.226510419e+01 +1.722510419e+01 +1.722510419e+01 -2.9359e+00 +2.5950e+00 -3.6689e+00 -3.0418e+00 +2.2763e+00
3 +9.427138879e+00 +9.427138879e+00 +1.438713888e+01 +1.438713888e+01 +4.8202e+00 +3.8858e+00 -3.3474e+00 -4.0389e+00 +3.3368e-01
7 +4.536420076e+00 +4.536420076e+00 +9.496420076e+00 +9.496420076e+00 +3.7331e+00 +2.9824e+00 -2.4998e+00 -2.3777e+00 -3.7002e+00
38 +3.685142848e+00 +3.685142848e+00 +8.645142848e+00 +8.645142848e+00 +4.5722e+00 +6.6077e-01 -2.0139e+00 -4.0385e+00 -2.4069e+00
% function evaluation | noise-free fitness - Fopt (1.923000000000e+02) | best noise-free fitness - Fopt | measured fitness | best measured fitness | x1 | x2...
1 +4.637861826e+02 +4.637861826e+02 +6.560861826e+02 +6.560861826e+02 +4.8211e+00 +7.1766e-01 -6.8606e-01 +4.6950e+00 -7.9080e-01
3 +3.019564504e+01 +3.019564504e+01 +2.224956450e+02 +2.224956450e+02 +3.3664e+00 +4.5128e+00 +4.6420e+00 -1.4625e+00 -2.0712e+00
5 +2.413679697e+01 +2.413679697e+01 +2.164367970e+02 +2.164367970e+02 +9.3510e-01 +4.7201e+00 -3.2699e+00 +1.3053e+00 +4.9732e+00
12 +9.782475762e+00 +9.782475762e+00 +2.020824758e+02 +2.020824758e+02 -1.1255e+00 +1.0409e+00 -3.2736e+00 -3.1101e-01 +6.4999e-01
197 +2.192741434e+00 +2.192741434e+00 +1.944927414e+02 +1.944927414e+02 -4.0281e+00 +3.4626e+00 -3.3798e+00 -1.6384e+00 -4.7780e+00
% function evaluation | noise-free fitness - Fopt (4.971000000000e+01) | best noise-free fitness - Fopt | measured fitness | best measured fitness | x1 | x2...
1 +9.114439958e+00 +9.114439958e+00 +5.882443996e+01 +5.882443996e+01 +2.6519e+00 -4.2704e+00 -3.5250e+00 +1.6254e+00 +3.8088e+00
435 +6.081976623e+00 +6.081976623e+00 +5.579197662e+01 +5.579197662e+01 +1.1127e+00 -3.7516e+00 -3.3841e+00 +3.9949e+00 +1.3334e-01
1277 +3.786212927e+00 +3.786212927e+00 +5.349621293e+01 +5.349621293e+01 +2.2017e+00 -4.2767e+00 -2.1266e+00 +2.8657e+00 -1.1084e+00
2064 +2.249166919e+00 +2.249166919e+00 +5.195916692e+01 +5.195916692e+01 +4.0081e+00 -2.9870e+00 -1.3485e+00 +1.2392e+00 -3.2386e+00
% function evaluation | noise-free fitness - Fopt (2.051200000000e+02) | best noise-free fitness - Fopt | measured fitness | best measured fitness | x1 | x2...
1 +4.922167719e+01 +4.922167719e+01 +2.543416772e+02 +2.543416772e+02 +2.8908e+00 -4.0525e+00 +3.5372e+00 -4.3562e+00 +2.1319e-01
3 +2.294951046e+01 +2.294951046e+01 +2.280695105e+02 +2.280695105e+02 +3.8210e+00 -4.6515e+00 -3.2099e+00 -8.7171e-01 +3.3920e+00
33 +1.523581754e+01 +1.523581754e+01 +2.203558175e+02 +2.203558175e+02 -4.1901e+00 +2.8131e+00 -7.3575e-01 -2.4730e+00 +1.1029e+00
37 +8.525777164e+00 +8.525777164e+00 +2.136457772e+02 +2.136457772e+02 -2.4764e+00 -1.0251e+00 -7.4812e-01 -4.4487e+00 -2.5628e+00
128 +5.996545497e+00 +5.996545497e+00 +2.111165455e+02 +2.111165455e+02 -1.0834e+00 +4.5214e+00 -2.2586e+00 -7.4257e-01 -1.6077e+00
782 +2.820938189e+00 +2.820938189e+00 +2.079409382e+02 +2.079409382e+02 -2.1987e+00 +4.3923e+00 -3.8827e+00 -2.3690e+00 -4.3121e+00
4955 +1.445134501e+00 +1.445134501e+00 +2.065651345e+02 +2.065651345e+02 -1.5349e+00 +3.8282e+00 -2.4779e+00 -2.6298e+00 -1.9728e+00
% function evaluation | noise-free fitness - Fopt (-1.729000000000e+02) | best noise-free fitness - Fopt | measured fitness | best measured fitness | x1 | x2...
1 +4.113622021e+01 +4.113622021e+01 -1.317637798e+02 -1.317637798e+02 +2.0279e+00 +1.7433e+00 -3.0710e+00 +4.2132e+00 +2.0317e+00
2 +3.389831698e+01 +3.389831698e+01 -1.390016830e+02 -1.390016830e+02 -2.4959e-01 +2.0859e-01 -3.0845e+00 -4.1670e+00 +5.3863e-01
4 +1.010590887e+01 +1.010590887e+01 -1.627940911e+02 -1.627940911e+02 -4.4283e+00 -4.1837e+00 +3.5790e+00 -5.1387e-01 -1.2383e+00
62 +9.965976680e+00 +9.965976680e+00 -1.629340233e+02 -1.629340233e+02 -9.7413e-01 +2.2899e+00 +1.1845e+00 -4.9779e-01 -6.5479e-01
145 +4.571753071e+00 +4.571753071e+00 -1.683282469e+02 -1.683282469e+02 -3.3416e+00 +1.4503e+00 +4.3764e+00 -3.7186e+00 -4.6702e+00
386 +3.297805744e+00 +3.297805744e+00 -1.696021943e+02 -1.696021943e+02 +8.1262e-01 -1.6077e-01 +3.7621e+00 -4.0295e+00 -1.8267e+00
4081 +1.970596813e+00 +1.970596813e+00 -1.709294032e+02 -1.709294032e+02 -3.8216e+00 -2.6770e+00 +2.8610e+00 -3.5606e+00 -3.4983e+00
% function evaluation | noise-free fitness - Fopt (-3.506200000000e+02) | best noise-free fitness - Fopt | measured fitness | best measured fitness | x1 | x2...
1 +7.307205576e+00 +7.307205576e+00 -3.433127944e+02 -3.433127944e+02 -4.0801e+00 -4.9613e+00 -2.2780e+00 -1.2645e+00 +3.2500e+00
36 +5.584753200e+00 +5.584753200e+00 -3.450352468e+02 -3.450352468e+02 -7.9283e-01 -4.1004e+00 +1.0730e-01 -1.9301e+00 +7.6245e-01
106 +2.847020550e+00 +2.847020550e+00 -3.477729795e+02 -3.477729795e+02 -3.5959e+00 -2.5516e+00 +4.7927e-01 -8.8154e-01 +4.7418e-01
