% function evaluation | noise-free fitness - Fopt (6.870000000000e+00) | best noise-free fitness - Fopt | measured fitness | best measured fitness | x1 | x2...
1 +1.149338620e+01 +1.149338620e+01 +1.836338620e+01 +1.836338620e+01 +4.4917e+00 +3.5340e+00 -3.5648e+00 +1.3356e+00 +4.8432e+00
4 +4.703862717e+00 +4.703862717e+00 +1.157386272e+01 +1.157386272e+01 -1.1959e-01 -1.0133e-01 +2.7873e+00 +1.4789e-01 -4.4348e+00
40 +3.079599729e+00 +3.079599729e+00 +9.949599729e+00 +9.949599729e+00 -3.8646e+00 +2.1628e+00 +2.6051e+00 +4.0815e+00 -1.9013e+00
241 +2.231845391e+00 +2.231845391e+00 +9.101845391e+00 +9.101845391e+00 -4.2781e+00 +4.3926e+00 +3.8316e+00 -3.5493e+00 -5.2290e-01
% function evaluation | noise-free fitness - Fopt (1.000000000000e-02) | best noise-free fitness - Fopt | measured fitness | best measured fitness | x1 | x2...
1 +3.792556821e+01 +3.792556821e+01 +3.793556821e+01 +3.793556821e+01 +4.3087e+00 +3.2163e+00 +3.5052e+00 -3.7052e+00 -4.9379e+00
5 +8.118247191e+00 +8.118247191e+00 +8.128247191e+00 +8.128247191e+00 +4.9149e+00 -6.5752e-01 -3.1443e+00 +6.8366e-01 -2.2316e+00
6 +4.574773909e+00 +4.574773909e+00 +4.584773909e+00 +4.584773909e+00 +7.1182e-01 -3.8016e+00 +4.4462e+00 -2.3823e+00 +1.0599e+00
41 +3.074921998e+00 +3.074921998e+00 +3.084921998e+00 +3.084921998e+00 -6.1402e-01 -6.8367e-01 -3.6973e+00 -4.9180e+00 -2.4788e-01
2389 +1.921932213e+00 +1.921932213e+00 +1.931932213e+00 +1.931932213e+00 +3.8892e+00 +2.2570e+00 +3.2102e+00 -4.4213e+00 +2.0520e+00
% function evaluation | noise-free fitness - Fopt (-1.306100000000e+02) | best noise-free fitness - Fopt | measured fitness | best measured fitness | x1 | x2...
1 +4.338270163e+00 +4.338270163e+00 -1.262717298e+02 -1.262717298e+02 -1.2983e+00 -2.7407e-01 -3.9284e+00 +4.3246e+00 -4.4188e+00
26 +3.940331080e+00 +3.940331080e+00 -1.266696689e+02 -1.266696689e+02 -5.6573e-01 +4.7380e+00 -7.4449e-01 -1.0937e+00 -2.1119e+00
1137 +1.745351768e+00 +1.745351768e+00 -1.288646482e+02 -1.288646482e+02 -4.0897e+00 +1.4518e+00 -1.1526e-01 +1.7241e+00 +4.7390e+00
% function evaluation | noise-free fitness - Fopt (-2.231200000000e+02) | best noise-free fitness - Fopt | measured fitness | best measured fitness | x1 | x2...
1 +2.007008936e+01 +2.007008936e+01 -2.030499106e+02 -2.030499106e+02 -1.5760e-01 -2.9998e-01 +4.0887e+00 -2.3621e+00 -2.1701e+00
4 +1.471245586e+01 +1.471245586e+01 -2.084075441e+02 -2.084075441e+02 +2.7612e+00 -5.5017e-01 -4.4093e+00 -6.4710e-01 -8.7787e-01
9 +4.926381890e+00 +4.926381890e+00 -2.181936181e+02 -2.181936181e+02 +3.0330e+00 -2.0144e-01 -2.9204e+00 +2.9810e+00 -1.6302e+00
93 +3.281976041e+00 +3.281976041e+00 -2.198380240e+02 -2.198380240e+02 +4.4127e+00 +2.9375e+00 +2.8545e-01 -1.8863e-01 -3.1691e+00
707 +1.842993384e+00 +1.842993384e+00 -2.212770066e+02 -2.212770066e+02 -4.2204e+00 +3.9508e+00 +9.6237e-01 +4.9481e+00 -1.4411e+00
2410 +1.480168405e+00 +1.480168405e+00 -2.216398316e+02 -2.216398316e+02 +1.0821e+00 +9.9364e-01 -4.9934e+00 -3.9916e+00 +1.3976e+00
% function evaluation | noise-free fitness - Fopt (-4.443000000000e+01) | best noise-free fitness - Fopt | measured fitness | best measured fitness | x1 | x2...
1 +2.920783454e+01 +2.920783454e+01 -1.522216546e+01 -1.522216546e+01 -4.1068e+00 +1.3040e+00 +2.7782e+00 +1.2332e+00 +4.8302e+00
3 +1.689147256e+01 +1.689147256e+01 -2.753852744e+01 -2.753852744e+01 +9.1897e-01 -4.6313e+00 +3.2906e+00 +2.3556e-01 -4.3814e+00
6 +9.018339117e+00 +9.018339117e+00 -3.541166088e+01 -3.541166088e+01 -3.7308e-01 -4.8860e+00 -2.3288e-01 +4.5824e+00 +2.2218e+00
71 +3.809540396e+00 +3.809540396e+00 -4.062045960e+01 -4.062045960e+01 -3.5581e+00 +1.6356e+00 -2.8531e+00 +3.8462e+00 -1.7532e+00
360 +2.251802514e+00 +2.251802514e+00 -4.217819749e+01 -4.217819749e+01 +1.3642e+00 -2.1796e+00 -1.0454e+00 +1.5610e-01 -6.9491e-01
% function evaluation | noise-free fitness - Fopt (8.539000000000e+01) | best noise-free fitness - Fopt | measured fitness | best measured fitness | x1 | x2...
1 +2.842081391e+00 +2.842081391e+00 +8.823208139e+01 +8.823208139e+01 +4.6148e+00 +5.6171e-01 +6.4012e-01 -3.9390e+00 +3.7422e-01
148 +1.917167559e+00 +1.917167559e+00 +8.730716756e+01 +8.730716756e+01 +1.9460e+00 -4.2608e+00 -1.2608e+00 -1.6827e+00 -1.7509e+00
2941 +1.491682697e+00 +1.491682697e+00 +8.688168270e+01 +8.688168270e+01 +8.5191e-02 +2.8527e-01 -5.4063e-01 -2.6007e+00 -3.7320e-01
% function evaluation | noise-free fitness - Fopt (-9.872900000000e+02) | best noise-free fitness - Fopt | measured fitness | best measured fitness | x1 | x2...
1 +2.549330506e+01 +2.549330506e+01 -9.617966949e+02 -9.617966949e+02 -3.6591e+00 +3.0616e+00 +3.4900e+00 -2.5913e-02 -2.0267e+00
2 +7.011567087e+00 +7.011567087e+00 -9.802784329e+02 -9.802784329e+02 +3.5760e+00 +1.2175e+00 -2.0585e+00 +3.0931e-01 +2.2190e+00
4 +4.944103460e+00 +4.944103460e+00 -9.823458965e+02 -9.823458965e+02 +2.6778e+00 -2.0977e+00 -2.0638e+00 +2.8336e+00 -1.2950e+00
12 +3.014374013e+00 +3.014374013e+00 -9.842756260e+02 -9.842756260e+02 -4.8894e-01 -1.4485e+00 -1.7761e-01 -2.3177e+00 -4.0110e+00
41 +2.130788821e+00 +2.130788821e+00 -9.851592112e+02 -9.851592112e+02 +3.2935e-01 +4.2602e+00 +4.2204e+00 +4.9119e+00 -2.4521e+00
1938 +1.358278695e+00 +1.358278695e+00 -9.859317213e+02 -9.859317213e+02 -1.5971e+00 +4.7682e+00 +1.4311e+00 -3.2786e+00 +1.8987e+00
3846 +8.626473308e-01 +8.626473308e-01 -9.864273527e+02 -9.864273527e+02 +1.9077e+00 +4.4440e+00 +4.0691e+00 +1.9090e+00 -1.4716e+00
% function evaluation | noise-free fitness - Fopt (-1.517600000000e+02) | best noise-free fitness - Fopt | measured fitness | best measured fitness | x1 | x2...
1 +3.841452923e+01 +3.841452923e+01 -1.133454708e+02 -1.133454708e+02 -1.2295e+00 -2.9097e-01 -6.9508e-01 +3.2925e+00 -3.6829e-01
2 +1.101762549e+01 +1.101762549e+01 -1.407423745e+02 -1.407423745e+02 -1.1095e+00 -2.8589e+00 -1.5407e+00 +4.4337e+00 +1.2891e+00
13 +7.797259278e+00 +7.797259278e+00 -1.439627407e+02 -1.439627407e+02 +2.3031e+00 +7.2603e-01 +5.5787e-01 -2.7639e+00 -4.5863e+00
30 +5.222881025e+00 +5.222881025e+00 -1.465371190e+02 -1.465371190e+02 +1.0412e+00 -3.0190e+00 -1.1088e+00 +3.6796e+00 +4.9911e+00
256 +1.234060520e+00 +1.234060520e+00 -1.505259395e+02 -1.505259395e+02 -3.9894e+00 +5.8514e-01 -4.6056e-01 +9.6393e-01 -2.7177e+00
% function evaluation | noise-free fitness - Fopt (6.680000000000e+01) | best noise-free fitness - Fopt | measured fitness | best measured fitness | x1 | x2...
1 +1.804057930e+01 +1.804057930e+01 +8.484057930e+01 +8.484057930e+01 +4.2849e+00 -4.5706e+00 -2.1905e+00 +1.7802e+00 -6.6464e-01
3 +3.141656767e+00 +3.141656767e+00 +6.994165677e+01 +6.994165677e+01 +3.3745e+00 -4.1795e+00 -2.0589e+00 +4.2908e+00 -1.7137e+00
513 +2.113935917e+00 +2.113935917e+00 +6.891393592e+01 +6.891393592e+01 -4.9192e+00 +4.3367e+00 +4.2424e+00 -1.3690e+00 -3.3299e+00
720 +1.536053567e+00 +1.536053567e+00 +6.833605357e+01 +6.833605357e+01 -4.7228e-01 -4.9878e+00 +1.0531e+00 +9.0254e-01 +1.1354e+00
% function evaluation | noise-free fitness - Fopt (9.625000000000e+01) | best noise-free fitness - Fopt | measured fitness | best measured fitness | x1 | x2...
1 +8.636320985e+00 +8.636320985e+00 +1.048863210e+02 +1.048863210e+02 +2.1139e+00 -7.0419e-01 -2.8044e-01 -3.7503e-01 -2.3250e+00
16 +5.214422464e+00 +5.214422464e+00 +1.014644225e+02 +1.014644225e+02 +2.7355e+00 -2.8655e+00 -3.1883e+00 +1.3236e+00 +4.2177e+00
42 +3.954057730e+00 +3.954057730e+00 +1.002040577e+02 +1.002040577e+02 -2.1593e+00 +1.4363e+00 -1.3185e-01 +2.1455e+00 +3.0491e+00
88 +2.120915176e+00 +2.120915176e+00 +9.837091518e+01 +9.837091518e+01 +2.0264e+00 +3.7895e+00 +4.1242e+00 -5.0643e-01 -9.6276e-01
% function evaluation | noise-free fitness - Fopt (1.467200000000e+02) | best noise-free fitness - Fopt | measured fitness | best measured fitness | x1 | x2...
1 +1.273577109e+01 +1.273577109e+01 +1.594557711e+02 +1.594557711e+02 -4.8947e+00 -2.6761e-01 -2.6210e+00 -2.1282e+00 -9.5362e-01
16 +7.169764550e+00 +7.169764550e+00 +1.538897645e+02 +1.538897645e+02 -2.4615e+00 -2.4255e+00 +4.7645e+00 -1.7516e+00 -4.7116e+00
81 +5.994972625e+00 +5.994972625e+00 +1.527149726e+02 +1.527149726e+02 +5.7107e-01 +4.2494e+00 +3.0393e+00 -1.9098e+00 -8.5783e-01
105 +3.823949917e+00 +3.823949917e+00 +1.505439499e+02 +1.505439499e+02 +2.2862e+00 -4.1398e+00 +2.5836e+00 +4.8111e+00 +1.3600e+00
1807 +2.495233732e+00 +2.495233732e+00 +1.492152337e+02 +1.492152337e+02 -4.7842e+00 +1.3706e+00 -1.1812e+00 +2.5389e+00 +4.3863e+00
% function evaluation | noise-free fitness - Fopt (-5.919800000000e+02) | best noise-free fitness - Fopt | measured fitness | best measured fitness | x1 | x2...
1 +2.496190175e+01 +2.496190175e+01 -5.670180982e+02 -5.670180982e+02 -4.4485e+00 -2.4122e+00 +4.2669e+00 -4.2027e-01 -3.6993e+00
3 +1.498116959e+01 +1.498116959e+01 -5.769988304e+02 -5.769988304e+02 -1.0158e+00 -4.0262e+00 +4.4799e+00 -4.5481e+00 +3.7446e-01
9 +6.109744121e+00 +6.109744121e+00 -5.858702559e+02 -5.858702559e+02 +6.4593e-01 +4.7462e+00 -3.5876e+00 +3.7768e+00 -4.4536e+00
94 +3.542404065e+00 +3.542404065e+00 -5.884375959e+02 -5.884375959e+02 +1.5805e+00 +2.3089e+00 +2.0785e+00 +2.1983e+00 +4.3685e+00
579 +2.379615632e+00 +2.379615632e+00 -5.896003844e+02 -5.896003844e+02 +2.6837e+00 -1.0822e+00 +5.2805e-01 -2.4404e+00 -4.9404e+00
4148 +1.484186299e+00 +1.484186299e+00 -5.904958137e+02 -5.904958137e+02 -4.6533e+00 -2.6442e+00 +3.2502e+00 -2.5643e+00 +2.5461e+00
% function evaluation | noise-free fitness - Fopt (7.429000000000e+01) | best noise-free fitness - Fopt | measured fitness | best measured fitness | x1 | x2...
1 +4.113168342e+01 +4.113168342e+01 +1.154216834e+02 +1.154216834e+02 -3.2184e+00 +3.9221e-01 -2.0036e+00 -3.2625e+00 +4.7945e+00
2 +1.021653730e+01 +1.021653730e+01 +8.450653730e+01 +8.450653730e+01 -2.4628e+00 +3.6454e+00 +2.0128e+00 -2.1117e+00 -1.1301e+00
3 +5.876881044e+00 +5.876881044e+00 +8.016688104e+01 +8.016688104e+01 -4.5733e+00 +4.9189e+00 -7.9125e-01 +3.7278e+00 -4.9482e+00
238 +3.423875253e+00 +3.423875253e+00 +7.771387525e+01 +7.771387525e+01 +4.5690e+00 -4.4776e+00 +4.9942e+00 +2.0178e+00 -3.8111e+00
271 +2.267627185e+00 +2.267627185e+00 +7.655762719e+01 +7.655762719e+01 +4.4139e+00 -2.8039e+00 -3.4227e+00 +2.2168e+00 +3.9605e-01
% function evaluation | noise-free fitness - Fopt (-3.490000000000e+00) | best noise-free fitness - Fopt | measured fitness | best measured fitness | x1 | x2...
1 +1.380950590e+01 +1.380950590e+01 +1.031950590e+01 +1.031950590e+01 +2.6101e+00 +5.7821e-01 +1.2344e+00 +3.2192e+00 +7.8210e-01
9 +8.833646324e+00 +8.833646324e+00 +5.343646324e+00 +5.343646324e+00 +2.5667e+00 +1.2651e-01 -3.2027e+00 +3.5902e+00 +2.3298e+00
47 +3.076197488e+00 +3.076197488e+00 -4.138025117e-01 -4.138025117e-01 +3.1260e+00 -1.2123e+00 +5.3997e-02 +7.3368e-01 -1.2563e+00
835 +1.689921330e+00 +1.689921330e+00 -1.800078670e+00 -1.800078670e+00 -3.2200e+00 -3.4379e+00 -1.3731e+00 -3.3524e+00 +2.7708e+00
3044 +1.484614228e+00 +1.484614228e+00 -2.005385772e+00 -2.005385772e+00 -2.3613e-01 +3.5836e+00 -8.7901e-01 +3.3104e+00 +1.5402e+00
% function evaluation | noise-free fitness - Fopt (-1.283000000000e+01) | best noise-free fitness - Fopt | measured fitness | best measured fitness | x1 | x2...
1 +3.765362841e+01 +3.765362841e+01 +2.482362841e+01 +2.482362841e+01 -4.7432e+00 -2.0504e+00 +4.7601e+00 +2.7176e+00 -4.4337e+00
2 +1.716597510e+01 +1.716597510e+01 +4.335975099e+00 +4.335975099e+00 +2.2265e+00 -1.8613e+00 +3.0214e-01 +1.1369e+00 +2.3489e+00
7 +1.313871951e+01 +1.313871951e+01 +3.087195097e-01 +3.087195097e-01 +4.3028e+00 -4.5536e+00 +4.7502e+00 +4.7550e+00 +2.3795e+00
16 +2.770477254e+00 +2.770477254e+00 -1.005952275e+01 -1.005952275e+01 +3.3967e+00 -1.3731e+00 -2.1560e+00 +9.3216e-01 -2.7368e+00
435 +1.687876397e+00 +1.687876397e+00 -1.114212360e+01 -1.114212360e+01 +2.8395e+00 +2.6372e+00 +4.9323e+00 -4.4411e+00 +2.9707e+00
