% function evaluation | noise-free fitness - Fopt (6.870000000000e+00) | best noise-free fitness - Fopt | measured fitness | best measured fitness | x1 | x2...
1 +1.303494723e+01 +1.303494723e+01 +1.990494723e+01 +1.990494723e+01 -6.5449e-01 -4.7689e+00 +4.0734e+00 +2.7063e+00 -2.4005e+00 -4.8294e+00 -6.4554e-02 -3.8056e+00 -4.1857e+00 +2.8887e+00
4 +7.180286964e+00 +7.180286964e+00 +1.405028696e+01 +1.405028696e+01 -1.7822e+00 +2.2569e+00 -4.5326e+00 +4.6289e+00 -2.4105e+00 +3.3730e+00 +9.0290e-01 -1.7742e+00 -1.3828e+00 +2.8058e+00
31 +3.477047886e+00 +3.477047886e+00 +1.034704789e+01 +1.034704789e+01 +2.4477e+00 -2.5495e-02 -3.3730e+00 -9.2274e-01 +2.9718e-01 -4.3953e+00 -1.7657e+00 +4.1788e+00 +1.1395e+00 -1.0659e+00
66 +2.195112212e+00 +2.195112212e+00 +9.065112212e+00 +9.065112212e+00 -2.0040e+00 +2.8765e+00 +2.3019e+00 -1.2587e+00 +2.4048e+00 -6.5884e-01 +4.5875e+00 -8.6498e-01 +2.3304e+00 -3.1692e+00
% function evaluation | noise-free fitness - Fopt (1.000000000000e-02) | best noise-free fitness - Fopt | measured fitness | best measured fitness | x1 | x2...
1 +1.341572900e+01 +1.341572900e+01 +1.342572900e+01 +1.342572900e+01 -1.9794e+00 +6.2778e-01 +3.3953e+00 +1.9804e+00 +6.7946e-01 +2.5360e+00 -2.9172e+00 +4.9952e+00 -3.9869e+00 +7.8146e-01
9 +7.457539678e+00 +7.457539678e+00 +7.467539678e+00 +7.467539678e+00 -2.7167e+00 +3.4558e+00 +3.5147e+00 -1.5031e+00 +1.3588e+00 +3.5603e-01 -3.9956e+00 -4.3479e+00 -3.0015e+00 +1.3801e+00
21 +5.674731955e+00 +5.674731955e+00 +5.684731955e+00 +5.684731955e+00 -4.0539e+00 -1.0437e+00 +8.0500e-01 -2.9884e+00 -2.8505e+00 -8.6853e-01 +2.0605e+00 +1.2612e-01 +1.8341e-02 +4.0126e+00
91 +3.914586316e+00 +3.914586316e+00 +3.924586316e+00 +3.924586316e+00 -2.7977e+00 -3.5903e+00 -1.7845e+00 +2.8169e+00 -3.5212e+00 -4.6265e+00 +1.5995e+00 -3.6308e+00 -4.7421e+00 -4.3286e+00
1546 +2.486588986e+00 +2.486588986e+00 +2.496588986e+00 +2.496588986e+00 -1.4250e+00 +5.7530e-01 +1.2000e+00 +1.2060e+00 -4.5329e+00 +1.2387e+00 -1.7709e+00 +2.2031e+00 -2.8943e+00 +3.3370e+00
% function evaluation | noise-free fitness - Fopt (-1.306100000000e+02) | best noise-free fitness - Fopt | measured fitness | best measured fitness | x1 | x2...
1 +2.115751189e+01 +2.115751189e+01 -1.094524881e+02 -1.094524881e+02 +2.7686e+00 -5.9830e-01 -2.6908e-01 -2.0032e+00 +2.1068e+00 -4.7187e+00 -1.0253e+00 -3.1952e+00 -1.4608e+00 -3.4893e+00
3 +7.515534796e+00 +7.515534796e+00 -1.230944652e+02 -1.230944652e+02 -2.4842e+00 +4.4250e+00 -4.1079e+00 -3.4795e+00 +1.1051e+00 -1.4164e+00 -1.7368e+00 +4.9885e-01 +1.3738e+00 +3.6286e+00
6 +4.451689150e+00 +4.451689150e+00 -1.261583109e+02 -1.261583109e+02 -1.2299e+00 +1.7813e+00 -4.9939e+00 -1.1602e+00 +9.6271e-01 -1.3621e+00 -1.0979e-01 +1.1260e+00 +3.4319e+00 -4.5429e+00
7 +3.864781048e+00 +3.864781048e+00 -1.267452190e+02 -1.267452190e+02 +1.0718e+00 +3.7511e+00 +8.5594e-01 -3.9178e+00 -1.2439e-01 +3.7631e+00 +1.1825e+00 +4.6554e+00 +3.9885e+00 -3.5678e+00
261 +2.364807455e+00 +2.364807455e+00 -1.282451925e+02 -1.282451925e+02 -2.9452e-01 -1.7275e+00 -3.9692e+00 +3.6921e+00 -4.5107e-01 -7.6639e-01 +4.0706e+00 +2.8517e+00 -2.7389e+00 +2.9935e+00
% function evaluation | noise-free fitness - Fopt (-2.231200000000e+02) | best noise-free fitness - Fopt | measured fitness | best measured fitness | x1 | x2...
1 +1.745548103e+01 +1.745548103e+01 -2.056645190e+02 -2.056645190e+02 -4.8206e+00 -4.5666e+00 -3.4685e+00 -1.3871e+00 -2.4016e+00 +4.8090e+00 +4.2055e+00 -2.7966e+00 +7.2807e-01 -9.5792e-01
2 +9.570886589e+00 +9.570886589e+00 -2.135491134e+02 -2.135491134e+02 -3.2048e+00 -1.8340e+00 +3.2216e+00 +4.9821e+00 +4.1689e+00 -1.1727e+00 +2.3286e+00 +4.1945e+00 +2.8487e+00 +2.9947e+00
7 +4.095870622e+00 +4.095870622e+00 -2.190241294e+02 -2.190241294e+02 -2.0299e+00 +1.7775e+00 -4.9145e+00 +1.9024e+00 -5.9124e-01 -1.1479e+00 +4.6833e+00 -1.4913e+00 -2.6287e+00 -5.5186e-01
211 +3.860750544e+00 +3.860750544e+00 -2.192592495e+02 -2.192592495e+02 -2.7709e+00 +3.8136e+00 -1.6368e+00 -3.0732e+00 +3.5521e+00 -3.9586e+00 +3.8885e+00 +4.8266e+00 -2.2059e+00 +3.8863e+00
3543 +1.960276934e+00 +1.960276934e+00 -2.211597231e+02 -2.211597231e+02 -2.5563e-01 +1.7383e+00 -1.9882e+00 -1.4280e+00 +4.2871e+00 -1.0086e+00 +2.1771e+00 -9.0321e-01 -3.4288e+00 +1.4696e+00
% function evaluation | noise-free fitness - Fopt (-4.443000000000e+01) | best noise-free fitness - Fopt | measured fitness | best measured fitness | x1 | x2...
1 +9.492557140e+00 +9.492557140e+00 -3.493744286e+01 -3.493744286e+01 -2.8515e+00 +4.5192e+00 -2.1908e+00 -1.1692e+00 -1.6485e+00 -7.2675e-01 -6.6032e-01 -4.4541e+00 +3.5770e+00 -4.8255e+00
14 +6.140180954e+00 +6.140180954e+00 -3.828981905e+01 -3.828981905e+01 -4.7605e+00 +2.6099e+00 +2.1637e+00 +1.5976e+00 +2.2222e+00 -2.7094e+00 -1.8350e+00 +1.6587e+00 -4.8215e-01 +3.2883e+00
72 +3.237720963e+00 +3.237720963e+00 -4.119227904e+01 -4.119227904e+01 +1.9550e+00 -2.1692e+00 +3.5939e+00 -2.4670e+00 +3.2058e+00 +1.4262e+00 +2.1698e+00 -2.1392e+00 +1.6209e+00 +1.0375e+00
4358 +2.400273576e+00 +2.400273576e+00 -4.202972642e+01 -4.202972642e+01 -1.4846e+00 -4.4216e+00 +2.6951e-01 -4.6368e+00 +2.3125e+00 +3.4459e+00 -4.1703e+00 +1.2681e+00 +1.5347e+00 +2.5335e-01
% function evaluation | noise-free fitness - Fopt (8.539000000000e+01) | best noise-free fitness - Fopt | measured fitness | best measured fitness | x1 | x2...
1 +2.224583429e+01 +2.224583429e+01 +1.076358343e+02 +1.076358343e+02 -2.4149e+00 -4.2864e+00 +4.0797e+00 -6.8793e-01 +1.2531e-01 -4.5531e+00 -3.7547e+00 +8.9979e-01 -2.7444e+00 -3.3066e+00
2 +8.371433540e+00 +8.371433540e+00 +9.376143354e+01 +9.376143354e+01 +2.4289e+00 -3.5479e+00 -2.1104e+00 -2.2009e+00 +1.1439e+00 +3.9409e+00 +3.7810e-02 -3.3813e+00 -7.4139e-02 +4.0564e+00
9 +6.136947883e+00 +6.136947883e+00 +9.152694788e+01 +9.152694788e+01 +2.7405e+00 -4.2429e+00 -2.6872e+00 -2.6905e+00 +1.6918e-01 -4.7232e-01 -3.5676e+00 +4.9445e+00 -4.8954e-01 +4.0041e+00
97 +3.574393955e+00 +3.574393955e+00 +8.896439395e+01 +8.896439395e+01 +4.1359e+00 -3.1032e+00 +8.0525e-01 +3.9199e+00 +8.0782e-03 +3.3007e-01 +3.7845e+00 +9.7930e-01 +6.4794e-01 -1.4592e+00
791 +2.023879330e+00 +2.023879330e+00 +8.741387933e+01 +8.741387933e+01 +2.6567e-01 +2.0685e-01 +4.7303e+00 +4.5655e+00 -2.0798e+00 +4.7667e+00 +1.6574e+00 -2.2878e-01 -2.8398e+00 +3.1662e+00
% function evaluation | noise-free fitness - Fopt (-9.872900000000e+02) | best noise-free fitness - Fopt | measured fitness | best measured fitness | x1 | x2...
1 +2.234063081e+01 +2.234063081e+01 -9.649493692e+02 -9.649493692e+02 -3.8147e+00 -1.7287e+00 +2.8001e+00 -4.2353e+00 -2.8469e+00 +3.8204e+00 +5.9135e-01 +1.2782e+00 +9.5819e-01 +1.5354e+00
2 +1.064188500e+01 +1.064188500e+01 -9.766481150e+02 -9.766481150e+02 +3.1229e+00 -3.2647e+00 +1.0426e+00 +2.7523e-01 +8.8409e-02 -3.9078e-01 +1.8048e-01 -1.0242e+00 +4.0095e+00 -9.2241e-02
5 +6.098173208e+00 +6.098173208e+00 -9.811918268e+02 -9.811918268e+02 -1.9627e+00 -3.3983e+00 -3.0507e+00 -2.2553e+00 +2.6814e+00 +2.8989e+00 -3.4857e+00 -1.7582e+00 -2.4352e+00 -1.3976e+00
10 +3.285932834e+00 +3.285932834e+00 -9.840040672e+02 -9.840040672e+02 +4.8076e+00 +1.6203e+00 -4.9075e-01 -4.2164e+00 -4.3454e+00 -3.6358e+00 -5.4251e-01 -4.7107e+00 -3.3684e+00 -1.6267e-01
2646 +2.465069044e+00 +2.465069044e+00 -9.848249310e+02 -9.848249310e+02 -9.0015e-01 -2.3585e+00 -1.0241e-01 -1.4542e+00 -4.8030e+00 +1.3825e+00 -3.9394e+00 +4.7658e+00 +1.6122e+00 -4.2986e-01
3714 +1.477422659e+00 +1.477422659e+00 -9.858125773e+02 -9.858125773e+02 -2.5253e+00 -9.3834e-02 +2.4522e+00 -3.8561e+00 -1.0326e+00 +2.6118e-01 -3.8015e+00 +2.7859e+00 -1.7938e+00 +3.0201e+00
% function evaluation | noise-free fitness - Fopt (-1.517600000000e+02) | best noise-free fitness - Fopt | measured fitness | best measured fitness | x1 | x2...
1 +5.586926980e+00 +5.586926980e+00 -1.461730730e+02 -1.461730730e+02 +1.9140e+00 +4.8399e+00 +2.7125e+00 +1.2054e-01 +9.7518e-01 -1.7677e+00 -3.3343e+00 -2.1227e+00 +1.4478e+00 -8.4764e-01
66 +2.045589648e+00 +2.045589648e+00 -1.497144104e+02 -1.497144104e+02 +3.9735e+00 -4.7527e+00 -3.4458e+00 -4.3977e+00 -3.7928e+00 -3.7945e+00 +1.0106e+00 +9.6379e-01 -4.3592e+00 -4.7177e+00
% function evaluation | noise-free fitness - Fopt (6.680000000000e+01) | best noise-free fitness - Fopt | measured fitness | best measured fitness | x1 | x2...
1 +1.163745946e+01 +1.163745946e+01 +7.843745946e+01 +7.843745946e+01 +3.8608e+00 +3.8263e+00 -4.9689e+00 +3.9217e+00 +4.6889e+00 +2.7524e+00 +3.3231e+00 +4.2861e+00 +4.2166e+00 -1.2801e+00
2 +7.831164493e+00 +7.831164493e+00 +7.463116449e+01 +7.463116449e+01 -4.1408e+00 +6.2217e-01 -1.2355e+00 -7.2577e-01 -1.7302e+00 -9.2824e-01 +8.9513e-01 -5.5837e-02 -4.3076e+00 +7.2456e-01
5 +5.657698884e+00 +5.657698884e+00 +7.245769888e+01 +7.245769888e+01 -4.9127e+00 -4.7733e+00 -4.7577e+00 -1.3131e+00 +1.2380e+00 +5.2495e-01 -3.0795e+00 +9.3781e-01 -1.6079e+00 -2.6245e+00
237 +3.067038169e+00 +3.067038169e+00 +6.986703817e+01 +6.986703817e+01 -4.2900e+00 +3.5356e+00 -2.6301e+00 +2.2357e+00 +3.4882e+00 -1.9299e+00 -7.1890e-01 +2.0097e+00 +7.6060e-02 -2.1973e+00
1264 +2.334505000e+00 +2.334505000e+00 +6.913450500e+01 +6.913450500e+01 -2.7644e-01 -3.3328e+00 -1.9535e+00 +3.0198e+00 +2.7321e+00 +3.0952e+00 +1.0985e+00 -3.3103e+00 +5.6309e-01 -4.7429e+00
% function evaluation | noise-free fitness - Fopt (9.625000000000e+01) | best noise-free fitness - Fopt | measured fitness | best measured fitness | x1 | x2...
1 +1.100043927e+01 +1.100043927e+01 +1.072504393e+02 +1.072504393e+02 +4.0741e+00 -8.9197e-01 -3.4912e+00 +3.3767e+00 -2.2448e+00 -1.3208e+00 +1.0802e+00 -1.2023e+00 +9.4513e-01 +3.8654e+00
2 +8.596952461e+00 +8.596952461e+00 +1.048469525e+02 +1.048469525e+02 -9.2526e-01 -3.6251e+00 +5.7490e-01 +3.0352e+00 -1.3044e+00 +1.9568e-01 -3.2342e+00 +2.7159e+00 -8.5055e-01 +3.2735e+00
88 +5.649301899e+00 +5.649301899e+00 +1.018993019e+02 +1.018993019e+02 +3.8655e+00 +1.0509e+00 -5.1572e-01 +1.8606e+00 +4.7245e+00 -2.1288e+00 -1.6383e+00 +1.8114e+00 +8.2848e-01 -3.0397e-01
166 +3.937061167e+00 +3.937061167e+00 +1.001870612e+02 +1.001870612e+02 -1.4874e+00 +1.3694e-01 +2.1013e+00 +2.2592e+00 +2.6836e-01 +4.9806e+00 -2.1790e-01 +3.8751e+00 +6.5774e-01 +2.4053e+00
1638 +1.742426634e+00 +1.742426634e+00 +9.799242663e+01 +9.799242663e+01 -8.0104e-01 -4.8355e+00 +4.8084e+00 +2.5427e+00 +2.7153e+00 -6.7310e-01 +4.5589e+00 -1.1019e+00 +4.7431e+00 +1.4608e-01
% function evaluation | noise-free fitness - Fopt (1.467200000000e+02) | best noise-free fitness - Fopt | measured fitness | best measured fitness | x1 | x2...
1 +2.229211528e+01 +2.229211528e+01 +1.690121153e+02 +1.690121153e+02 -1.3136e+00 +1.5756e+00 +4.6818e+00 +4.5881e+00 -4.9505e+00 -3.2692e+00 -1.8631e+00 -1.9084e+00 -4.8293e+00 +4.3117e+00
3 +1.212577264e+01 +1.212577264e+01 +1.588457726e+02 +1.588457726e+02 +2.6518e+00 +3.2786e+00 -3.6451e+00 +2.2143e+00 -1.6717e+00 -1.6151e-01 +1.5033e+00 -2.0865e+00 -4.4786e+00 -4.4314e+00
15 +8.843081192e+00 +8.843081192e+00 +1.555630812e+02 +1.555630812e+02 +1.8655e-01 +1.7846e+00 +3.3672e+00 +3.5828e+00 -4.3889e+00 +4.3348e+00 -3.6929e-01 +1.2810e+00 -3.2083e+00 +3.8579e+00
28 +4.363124295e+00 +4.363124295e+00 +1.510831243e+02 +1.510831243e+02 -1.2283e+00 +2.6261e+00 +2.1304e-01 +2.9484e+00 -9.5269e-01 -2.7104e+00 -2.4339e+00 -6.1080e-02 -1.7724e+00 -4.5260e+00
78 +3.800819922e+00 +3.800819922e+00 +1.505208199e+02 +1.505208199e+02 -2.9133e+00 -7.2925e-01 -1.9260e+00 +1.2230e+00 +1.9460e+00 +3.6895e+00 +3.0267e+00 -3.7947e+00 -1.9576e+00 -1.6357e+00
2415 +2.199187626e+00 +2.199187626e+00 +1.489191876e+02 +1.489191876e+02 +3.3825e+00 +3.5617e+00 +3.1746e+00 -1.4063e+00 -4.9242e+00 -3.9707e+00 -3.7972e+00 +1.8142e+00 +3.8094e+00 +2.2546e+00
% function evaluation | noise-free fitness - Fopt (-5.919800000000e+02) | best noise-free fitness - Fopt | measured fitness | best measured fitness | x1 | x2...
1 +2.235923321e+01 +2.235923321e+01 -5.696207668e+02 -5.696207668e+02 +3.0382e+00 -3.0725e+00 +4.2189e+00 -4.7413e+00 -1.0989e+00 +1.4042e+00 -1.5903e-02 +4.6619e+00 -1.7644e+00 +2.6733e+00
2 +6.882952553e+00 +6.882952553e+00 -5.850970474e+02 -5.850970474e+02 +1.6284e+00 -2.5512e+00 -2.8162e+00 +1.4805e+00 -3.4221e+00 +2.5145e+00 -6.4666e-01 +2.8227e+00 -4.7529e+00 +1.1857e+00
40 +5.078719533e+00 +5.078719533e+00 -5.869012805e+02 -5.869012805e+02 +4.7188e+00 +4.9773e+00 +3.4639e+00 -2.0546e+00 +1.1605e+00 +4.0191e+00 -2.4165e+00 -2.3238e+00 +2.5201e+00 -1.4254e+00
681 +3.848237722e+00 +3.848237722e+00 -5.881317623e+02 -5.881317623e+02 +3.0171e+00 -4.7876e-01 +1.7558e+00 -1.7359e+00 -1.6423e+00 -6.4073e-01 -4.1824e+00 +3.9806e+00 +4.4726e-01 -4.8132e+00
1946 +2.438012923e+00 +2.438012923e+00 -5.895419871e+02 -5.895419871e+02 +4.3670e+00 +9.0704e-01 -1.5679e+00 -4.2212e+00 -4.7275e-01 +1.7137e+00 -4.2145e+00 +2.1382e+00 -2.2036e+00 +2.0942e+00
% function evaluation | noise-free fitness - Fopt (7.429000000000e+01) | best noise-free fitness - Fopt | measured fitness | best measured fitness | x1 | x2...
1 +9.828892350e+00 +9.828892350e+00 +8.411889235e+01 +8.411889235e+01 -3.9466e+00 -4.5115e+00 +3.2832e+00 +4.3047e+00 -2.3958e+00 -4.0769e+00 +1.0708e+00 +4.3691e+00 +3.1068e+00 +4.1854e+00
43 +5.623071437e+00 +5.623071437e+00 +7.991307144e+01 +7.991307144e+01 -2.8961e+00 -4.7026e+00 -2.7754e+00 -4.7771e+00 +3.3772e+00 +2.9722e+00 +3.0297e+00 -1.3226e+00 -1.2728e+00 -6.3676e-01
54 +3.316366346e+00 +3.316366346e+00 +7.760636635e+01 +7.760636635e+01 -7.2563e-01 +4.5912e+00 +1.7023e+00 -4.9105e+00 -4.8851e+00 -2.2564e+00 -4.8399e-02 +2.4785e+00 +2.8526e+00 +2.8381e+00
1799 +2.493815950e+00 +2.493815950e+00 +7.678381595e+01 +7.678381595e+01 +4.3269e+00 -9.7829e-01 -9.6912e-01 +2.3351e+00 +3.5649e+00 -7.0734e-01 +2.8412e+00 -2.7566e+00 +3.9800e+00 +1.0450e+00
% function evaluation | noise-free fitness - Fopt (-3.490000000000e+00) | best noise-free fitness - Fopt | measured fitness | best measured fitness | x1 | x2...
1 +8.477573180e+00 +8.477573180e+00 +4.987573180e+00 +4.987573180e+00 +3.3753e+00 +4.2431e+00 -1.2754e+00 +4.5185e+00 -1.3304e-01 +1.9336e+00 +1.6560e+00 +4.4440e+00 -3.7372e+00 +4.8129e+00
3 +5.081051129e+00 +5.081051129e+00 +1.591051129e+00 +1.591051129e+00 +4.0565e+00 +3.8006e+00 +4.0169e+00 -4.3646e+00 -1.9537e+00 +1.6190e+00 -3.4815e+00 +1.1695e+00 +1.3223e+00 -4.5771e+00
152 +2.681943303e+00 +2.681943303e+00 -8.080566969e-01 -8.080566969e-01 -4.7068e+00 -3.0035e+00 +4.7513e+00 +8.5280e-02 -4.2394e-01 -1.4634e-01 -3.1088e+00 -9.3671e-01 +1.5355e+00 +3.7967e+00
303 +2.461843255e+00 +2.461843255e+00 -1.028156745e+00 -1.028156745e+00 -3.8545e+00 +1.0068e+00 +9.1753e-01 -3.0368e+00 +1.7912e+00 -1.7799e+00 -4.0622e+00 +4.7547e+00 -3.2261e+00 +3.5751e+00
% function evaluation | noise-free fitness - Fopt (-1.283000000000e+01) | best noise-free fitness - Fopt | measured fitness | best measured fitness | x1 | x2...
1 +1.024421167e+01 +1.024421167e+01 -2.585788327e+00 -2.585788327e+00 +4.3200e+00 -3.3265e+00 +4.0519e+00 +4.7208e+00 +3.6354e+00 +5.1262e-01 -1.7343e+00 +3.6581e+00 -3.2596e+00 +2.3223e+00
4 +5.737187966e+00 +5.737187966e+00 -7.092812034e+00 -7.092812034e+00 +8.5158e-01 -8.2781e-01 +1.1473e+00 -4.7986e+00 -3.3702e+00 -2.2410e+00 +2.0728e+00 -1.6079e+00 -3.7937e+00 +1.5817e+00
52 +3.886717586e+00 +3.886717586e+00 -8.943282414e+00 -8.943282414e+00 -7.8218e-01 -9.3939e-01 +5.2487e-01 -8.9710e-01 -2.1472e+00 +4.7488e+00 +2.2487e+00 -4.4852e+00 +1.2360e+00 -3.9091e+00
2234 +2.101611301e+00 +2.101611301e+00 -1.072838870e+01 -1.072838870e+01 -1.8530e+00 +4.3735e+00 +3.4276e+00 -2.9817e+00 +2.7603e+00 +3.8550e-01 -3.5378e-01 -4.9652e+00 -3.1983e+00 +8.9822e-01
