% function evaluation | noise-free fitness - Fopt (6.870000000000e+00) | best noise-free fitness - Fopt | measured fitness | best measured fitness | x1 | x2...
1 +7.200610991e+01 +7.200610991e+01 +7.887610991e+01 +7.887610991e+01 -4.1162e+00 -2.4398e+00
2 +2.775900964e+01 +2.775900964e+01 +3.462900964e+01 +3.462900964e+01 -3.0264e+00 +1.3533e+00
5 +1.227937355e+01 +1.227937355e+01 +1.914937355e+01 +1.914937355e+01 +3.4077e+00 +5.3346e-01
20 +6.230164380e+00 +6.230164380e+00 +1.310016438e+01 +1.310016438e+01 -4.6008e+00 -1.5381e+00
39 +2.300303654e+00 +2.300303654e+00 +9.170303654e+00 +9.170303654e+00 -1.6137e+00 +4.1412e+00
72 +1.495808486e+00 +1.495808486e+00 +8.365808486e+00 +8.365808486e+00 +3.2547e+00 -2.9777e+00
4334 +3.640892552e-01 +3.640892552e-01 +7.234089255e+00 +7.234089255e+00 -4.4133e+00 -7.7992e-01
% function evaluation | noise-free fitness - Fopt (1.000000000000e-02) | best noise-free fitness - Fopt | measured fitness | best measured fitness | x1 | x2...
1 +3.976464722e+01 +3.976464722e+01 +3.977464722e+01 +3.977464722e+01 +1.0500e+00 +2.9327e+00
2 +8.941828497e+00 +8.941828497e+00 +8.951828497e+00 +8.951828497e+00 +4.6953e+00 +2.4835e+00
23 +4.941752777e+00 +4.941752777e+00 +4.951752777e+00 +4.951752777e+00 +1.3307e+00 +3.2295e+00
73 +3.716430308e+00 +3.716430308e+00 +3.726430308e+00 +3.726430308e+00 -2.5492e+00 +7.6235e-01
131 +2.397247636e+00 +2.397247636e+00 +2.407247636e+00 +2.407247636e+00 +4.3985e+00 +4.6582e+00
587 +1.370785607e+00 +1.370785607e+00 +1.380785607e+00 +1.380785607e+00 -1.2241e+00 -4.8341e+00
1089 +8.282903623e-01 +8.282903623e-01 +8.382903623e-01 +8.382903623e-01 -4.5748e+00 +3.6180e+00
% function evaluation | noise-free fitness - Fopt (-1.306100000000e+02) | best noise-free fitness - Fopt | measured fitness | best measured fitness | x1 | x2...
1 +6.588804768e+01 +6.588804768e+01 -6.472195232e+01 -6.472195232e+01 -3.8129e+00 +1.4481e-01
2 +3.191223167e+01 +3.191223167e+01 -9.869776833e+01 -9.869776833e+01 +1.2080e+00 +9.0315e-01
3 +1.064305662e+01 +1.064305662e+01 -1.199669434e+02 -1.199669434e+02 +1.8799e+00 -6.5975e-01
31 +3.567427053e+00 +3.567427053e+00 -1.270425729e+02 -1.270425729e+02 -4.8823e+00 -4.3629e+00
188 +2.290267181e+00 +2.290267181e+00 -1.283197328e+02 -1.283197328e+02 +4.9534e+00 +3.6684e+00
1632 +1.162606092e+00 +1.162606092e+00 -1.294473939e+02 -1.294473939e+02 -2.6875e-01 -2.1375e+00
1777 +9.343872876e-01 +9.343872876e-01 -1.296756127e+02 -1.296756127e+02 -3.9345e+00 -4.6360e+00
1804 +1.938813625e-01 +1.938813625e-01 -1.304161186e+02 -1.304161186e+02 +4.8953e+00 +1.7172e+00
% function evaluation | noise-free fitness - Fopt (-2.231200000000e+02) | best noise-free fitness - Fopt | measured fitness | best measured fitness | x1 | x2...
1 +3.643685781e+01 +3.643685781e+01 -1.866831422e+02 -1.866831422e+02 -4.9565e+00 -4.3465e+00
7 +2.191618520e+01 +2.191618520e+01 -2.012038148e+02 -2.012038148e+02 -4.8832e+00 +3.6822e+00
19 +1.292526595e+01 +1.292526595e+01 -2.101947341e+02 -2.101947341e+02 -1.9931e+00 +7.5951e-01
25 +9.316895365e+00 +9.316895365e+00 -2.138031046e+02 -2.138031046e+02 +3.6158e+00 -4.2857e+00
43 +3.381189888e+00 +3.381189888e+00 -2.197388101e+02 -2.197388101e+02 +3.2509e+00 -1.5008e+00
79 +2.214286631e+00 +2.214286631e+00 -2.209057134e+02 -2.209057134e+02 +4.7623e+00 -9.3003e-01
602 +8.104793896e-01 +8.104793896e-01 -2.223095206e+02 -2.223095206e+02 -7.5382e-01 +1.7820e+00
% function evaluation | noise-free fitness - Fopt (-4.443000000000e+01) | best noise-free fitness - Fopt | measured fitness | best measured fitness | x1 | x2...
1 +2.118959893e+01 +2.118959893e+01 -2.324040107e+01 -2.324040107e+01 -2.4633e-01 -1.8312e+00
8 +1.228421447e+01 +1.228421447e+01 -3.214578553e+01 -3.214578553e+01 +4.8030e-01 +4.3546e-01
11 +4.952564508e+00 +4.952564508e+00 -3.947743549e+01 -3.947743549e+01 +1.3021e+00 -7.4274e-01
103 +3.118963970e+00 +3.118963970e+00 -4.131103603e+01 -4.131103603e+01 -1.4248e+00 -1.1552e+00
263 +1.959473200e+00 +1.959473200e+00 -4.247052680e+01 -4.247052680e+01 -1.5743e+00 -1.1990e+00
890 +1.199474068e+00 +1.199474068e+00 -4.323052593e+01 -4.323052593e+01 +3.2177e-02 +2.5073e+00
1885 +3.774732088e-01 +3.774732088e-01 -4.405252679e+01 -4.405252679e+01 -4.9282e-01 +4.1654e+00
4740 +3.314478933e-02 +3.314478933e-02 -4.439685521e+01 -4.439685521e+01 +1.3534e+00 +4.6118e+00
% function evaluation | noise-free fitness - Fopt (8.539000000000e+01) | best noise-free fitness - Fopt | measured fitness | best measured fitness | x1 | x2...
1 +9.442670262e+00 +9.442670262e+00 +9.483267026e+01 +9.483267026e+01 +3.3946e+00 +8.6970e-01
46 +5.110282944e+00 +5.110282944e+00 +9.050028294e+01 +9.050028294e+01 -8.6723e-01 -4.2806e+00
119 +1.440513818e+00 +1.440513818e+00 +8.683051382e+01 +8.683051382e+01 +2.4487e+00 +5.3616e-01
889 +9.940502195e-01 +9.940502195e-01 +8.638405022e+01 +8.638405022e+01 +1.1208e+00 -3.8853e+00
2646 +3.195828185e-01 +3.195828185e-01 +8.570958282e+01 +8.570958282e+01 +4.8245e+00 -2.9483e+00
% function evaluation | noise-free fitness - Fopt (-9.872900000000e+02) | best noise-free fitness - Fopt | measured fitness | best measured fitness | x1 | x2...
1 +2.390429776e+01 +2.390429776e+01 -9.633857022e+02 -9.633857022e+02 -4.8961e+00 -1.9299e+00
2 +1.136697340e+01 +1.136697340e+01 -9.759230266e+02 -9.759230266e+02 -1.1610e+00 -4.8125e+00
17 +2.620755695e+00 +2.620755695e+00 -9.846692443e+02 -9.846692443e+02 -3.7344e+00 +3.7617e+00
46 +1.790763364e+00 +1.790763364e+00 -9.854992366e+02 -9.854992366e+02 +2.7209e+00 -1.9000e+00
1369 +9.198188131e-01 +9.198188131e-01 -9.863701812e+02 -9.863701812e+02 +1.1877e-01 -7.4609e-01
% function evaluation | noise-free fitness - Fopt (-1.517600000000e+02) | best noise-free fitness - Fopt | measured fitness | best measured fitness | x1 | x2...
1 +2.104625469e+01 +2.104625469e+01 -1.307137453e+02 -1.307137453e+02 -2.8209e+00 +7.1588e-01
11 +1.061869277e+01 +1.061869277e+01 -1.411413072e+02 -1.411413072e+02 +2.3018e+00 +1.5548e+00
13 +9.361758811e+00 +9.361758811e+00 -1.423982412e+02 -1.423982412e+02 -3.1169e+00 -4.6423e+00
27 +5.257021831e+00 +5.257021831e+00 -1.465029782e+02 -1.465029782e+02 +1.4224e+00 -3.4192e+00
80 +2.797014467e+00 +2.797014467e+00 -1.489629855e+02 -1.489629855e+02 +1.1912e+00 +9.2661e-01
554 +1.254576388e+00 +1.254576388e+00 -1.505054236e+02 -1.505054236e+02 +2.3145e+00 -2.9504e+00
976 +9.791920603e-01 +9.791920603e-01 -1.507808079e+02 -1.507808079e+02 +4.9410e+00 +4.8923e+00
4920 +4.226059993e-01 +4.226059993e-01 -1.513373940e+02 -1.513373940e+02 +2.0694e+00 -4.2471e+00
% function evaluation | noise-free fitness - Fopt (6.680000000000e+01) | best noise-free fitness - Fopt | measured fitness | best measured fitness | x1 | x2...
1 +2.760057765e+01 +2.760057765e+01 +9.440057765e+01 +9.440057765e+01 +1.0381e+00 +4.8076e-01
3 +5.463738513e+00 +5.463738513e+00 +7.226373851e+01 +7.226373851e+01 +1.1697e+00 +1.2442e+00
191 +2.360984500e+00 +2.360984500e+00 +6.916098450e+01 +6.916098450e+01 +3.4573e+00 -2.8717e+00
1163 +2.540403867e-01 +2.540403867e-01 +6.705404039e+01 +6.705404039e+01 -2.1475e+00 -1.1590e+00
% function evaluation | noise-free fitness - Fopt (9.625000000000e+01) | best noise-free fitness - Fopt | measured fitness | best measured fitness | x1 | x2...
1 +3.832102621e+01 +3.832102621e+01 +1.345710262e+02 +1.345710262e+02 +5.6668e-01 -8.8358e-01
6 +1.911633820e+01 +1.911633820e+01 +1.153663382e+02 +1.153663382e+02 -2.5285e+00 -1.6324e+00
16 +1.551321121e+01 +1.551321121e+01 +1.117632112e+02 +1.117632112e+02 +3.0930e+00 +3.3374e+00
17 +7.916768676e+00 +7.916768676e+00 +1.041667687e+02 +1.041667687e+02 -7.3701e-01 -4.9527e+00
41 +5.688614481e+00 +5.688614481e+00 +1.019386145e+02 +1.019386145e+02 -4.3893e+00 -2.9026e+00
262 +3.089099708e+00 +3.089099708e+00 +9.933909971e+01 +9.933909971e+01 -5.7733e-01 +2.6293e+00
534 +1.593508941e+00 +1.593508941e+00 +9.784350894e+01 +9.784350894e+01 -4.4171e+00 -2.1852e+00
2215 +7.326268320e-01 +7.326268320e-01 +9.698262683e+01 +9.698262683e+01 -4.5729e+00 -1.6593e+00
3639 +6.230502683e-01 +6.230502683e-01 +9.687305027e+01 +9.687305027e+01 +4.3182e+00 +4.4767e+00
% function evaluation | noise-free fitness - Fopt (1.467200000000e+02) | best noise-free fitness - Fopt | measured fitness | best measured fitness | x1 | x2...
1 +9.733353885e+00 +9.733353885e+00 +1.564533539e+02 +1.564533539e+02 +4.0485e+00 -1.0744e+00
47 +4.448056174e+00 +4.448056174e+00 +1.511680562e+02 +1.511680562e+02 -4.9692e+00 -2.9988e+00
128 +1.369871425e+00 +1.369871425e+00 +1.480898714e+02 +1.480898714e+02 +6.8151e-01 -1.7382e+00
1017 +7.983823912e-01 +7.983823912e-01 +1.475183824e+02 +1.475183824e+02 -4.0457e+00 +4.0608e+00
% function evaluation | noise-free fitness - Fopt (-5.919800000000e+02) | best noise-free fitness - Fopt | measured fitness | best measured fitness | x1 | x2...
1 +7.776405487e+01 +7.776405487e+01 -5.142159451e+02 -5.142159451e+02 +2.6948e+00 +2.0123e+00
2 +5.767771365e+01 +5.767771365e+01 -5.343022864e+02 -5.343022864e+02 +9.3487e-01 -3.8534e+00
3 +2.246750943e+01 +2.246750943e+01 -5.695124906e+02 -5.695124906e+02 -2.0502e+00 -2.1934e+00
6 +1.463936343e+01 +1.463936343e+01 -5.773406366e+02 -5.773406366e+02 -2.7533e+00 -2.8804e+00
7 +7.139937466e+00 +7.139937466e+00 -5.848400625e+02 -5.848400625e+02 -3.7450e+00 +1.6037e+00
19 +5.447370882e+00 +5.447370882e+00 -5.865326291e+02 -5.865326291e+02 +4.2787e+00 +2.7263e+00
94 +3.208049522e+00 +3.208049522e+00 -5.887719505e+02 -5.887719505e+02 -4.4168e+00 -2.7965e+00
141 +1.789965611e+00 +1.789965611e+00 -5.901900344e+02 -5.901900344e+02 +1.8002e+00 -1.6673e+00
605 +4.067504396e-01 +4.067504396e-01 -5.915732496e+02 -5.915732496e+02 -2.3080e+00 -3.3892e+00
% function evaluation | noise-free fitness - Fopt (7.429000000000e+01) | best noise-free fitness - Fopt | measured fitness | best measured fitness | x1 | x2...
1 +4.052670025e+01 +4.052670025e+01 +1.148167003e+02 +1.148167003e+02 -1.9479e+00 +3.0367e+00
6 +3.152853163e+01 +3.152853163e+01 +1.058185316e+02 +1.058185316e+02 +3.5477e+00 -8.5549e-01
8 +1.005339706e+01 +1.005339706e+01 +8.434339706e+01 +8.434339706e+01 +3.3090e+00 +6.0036e-01
22 +6.725244662e+00 +6.725244662e+00 +8.101524466e+01 +8.101524466e+01 -4.1719e+00 +1.7156e+00
33 +5.262969925e+00 +5.262969925e+00 +7.955296992e+01 +7.955296992e+01 +2.3547e-01 -2.0494e+00
123 +2.923232885e+00 +2.923232885e+00 +7.721323288e+01 +7.721323288e+01 -6.3966e-01 -4.4087e+00
247 +2.368531721e+00 +2.368531721e+00 +7.665853172e+01 +7.665853172e+01 +6.4146e-01 +4.3871e+00
1775 +1.033433184e+00 +1.033433184e+00 +7.532343318e+01 +7.532343318e+01 +3.2474e-02 +1.9093e+00
3052 +9.462150432e-01 +9.462150432e-01 +7.523621504e+01 +7.523621504e+01 -4.9254e+00 -3.5354e-01
% function evaluation | noise-free fitness - Fopt (-3.490000000000e+00) | best noise-free fitness - Fopt | measured fitness | best measured fitness | x1 | x2...
1 +2.458452358e+01 +2.458452358e+01 +2.109452358e+01 +2.109452358e+01 -9.6177e-01 -7.7403e-01
10 +6.420607152e+00 +6.420607152e+00 +2.930607152e+00 +2.930607152e+00 +4.2993e+00 -1.4269e+00
12 +4.893335242e+00 +4.893335242e+00 +1.403335242e+00 +1.403335242e+00 +4.9388e-01 +3.1777e+00
20 +3.791612796e+00 +3.791612796e+00 +3.016127958e-01 +3.016127958e-01 +4.8123e-01 -1.2527e+00
101 +8.057541666e-01 +8.057541666e-01 -2.684245833e+00 -2.684245833e+00 -3.7860e+00 +2.8567e+00
% function evaluation | noise-free fitness - Fopt (-1.283000000000e+01) | best noise-free fitness - Fopt | measured fitness | best measured fitness | x1 | x2...
1 +4.374870891e+01 +4.374870891e+01 +3.091870891e+01 +3.091870891e+01 -4.0820e+00 +2.0489e+00
3 +3.387939358e+01 +3.387939358e+01 +2.104939358e+01 +2.104939358e+01 -2.8225e+00 +3.2623e+00
5 +3.206168834e+00 +3.206168834e+00 -9.623831166e+00 -9.623831166e+00 -2.6889e+00 +1.1047e+00
296 +1.385448303e+00 +1.385448303e+00 -1.144455170e+01 -1.144455170e+01 +2.3049e+00 +3.2420e+00
1605 +4.819734314e-01 +4.819734314e-01 -1.234802657e+01 -1.234802657e+01 +1.5959e+00 -4.2489e+00
