% function evaluation | noise-free fitness - Fopt (-1.025500000000e+02) | best noise-free fitness - Fopt | measured fitness | best measured fitness | x1 | x2...
1 +6.285249824e+01 +6.285249824e+01 -3.969750176e+01 -3.969750176e+01 +6.3006e-02 +4.0939e+00 +2.9245e+00 +4.1694e+00 +1.7373e+00 +1.2639e+00 +2.8389e+00 -2.4496e+00 -8.1200e-01 +4.8991e+00
2 +2.909196590e+01 +2.909196590e+01 -7.345803410e+01 -7.345803410e+01 +1.1795e+00 +2.6873e+00 +1.1974e+00 +4.2013e+00 -9.7283e-01 -1.6438e+00 +2.5966e+00 +4.1866e+00 -2.1406e+00 +6.4190e-01
19 +1.782751774e+01 +1.782751774e+01 -8.472248226e+01 -8.472248226e+01 -3.6971e+00 -2.3418e+00 -1.5823e+00 +6.6863e-01 -3.2063e-01 -4.8933e+00 -1.8781e+00 -3.4365e+00 -1.4032e+00 +1.4215e+00
68 +9.838930376e+00 +9.838930376e+00 -9.271106962e+01 -9.271106962e+01 -3.3275e+00 +1.8808e+00 +1.2981e-01 +1.9175e+00 -8.9047e-01 +6.4465e-01 +8.1314e-01 -2.6848e+00 -1.0530e+00 -1.4296e+00
% function evaluation | noise-free fitness - Fopt (7.169000000000e+01) | best noise-free fitness - Fopt | measured fitness | best measured fitness | x1 | x2...
1 +5.622049674e+01 +5.622049674e+01 +1.279104967e+02 +1.279104967e+02 +4.2501e+00 +2.6138e+00 +1.3144e+00 -8.7007e-01 +1.5407e+00 -2.0845e+00 +3.2132e+00 +8.0775e-01 +4.8203e+00 +4.5693e+00
2 +1.534576664e+01 +1.534576664e+01 +8.703576664e+01 +8.703576664e+01 -9.7726e-01 -1.9339e+00 +3.6222e+00 +1.8644e+00 +7.6071e-01 -3.5985e+00 -1.9883e+00 +1.5360e+00 -3.5618e+00 +1.2183e+00
1070 +6.732536103e+00 +6.732536103e+00 +7.842253610e+01 +7.842253610e+01 -1.2111e-01 +5.0446e-01 -4.2927e-01 +2.0492e+00 -9.6905e-01 +3.0389e+00 -5.8047e-01 +4.9780e-01 -5.9252e-01 -2.3513e+00
% function evaluation | noise-free fitness - Fopt (2.140100000000e+02) | best noise-free fitness - Fopt | measured fitness | best measured fitness | x1 | x2...
1 +5.749785227e+01 +5.749785227e+01 +2.715078523e+02 +2.715078523e+02 -5.1221e-01 -3.6021e+00 +4.8888e+00 +1.1153e+00 +4.5311e+00 +1.7058e+00 +2.9232e+00 -2.2405e+00 +1.4331e+00 +1.0655e+00
5 +2.986607633e+01 +2.986607633e+01 +2.438760763e+02 +2.438760763e+02 -1.3903e+00 -5.5795e-01 -1.4086e+00 -2.3478e+00 -9.6759e-01 -2.8166e+00 -1.0679e+00 +1.5641e+00 -4.1947e+00 -4.9385e+00
11 +1.926384100e+01 +1.926384100e+01 +2.332738410e+02 +2.332738410e+02 +4.7881e+00 +6.1148e-01 +7.9994e-01 +1.5955e+00 +7.4017e-01 -2.0799e+00 +2.3698e+00 -1.8968e-01 +2.3464e+00 -3.4438e+00
171 +1.268676850e+01 +1.268676850e+01 +2.266967685e+02 +2.266967685e+02 +4.1992e-01 +3.8841e-01 +2.9513e+00 -2.2736e+00 +6.0405e-01 -3.8693e-01 +2.2705e+00 +1.1037e+00 +4.1029e+00 -3.8742e-01
395 +9.616284633e+00 +9.616284633e+00 +2.236262846e+02 +2.236262846e+02 +9.3752e-01 +6.9987e-01 -2.8233e+00 -3.5787e+00 -7.2660e-01 +6.8933e-02 +3.5267e+00 -1.2582e+00 +2.3213e-01 -1.8386e+00
% function evaluation | noise-free fitness - Fopt (-5.848000000000e+01) | best noise-free fitness - Fopt | measured fitness | best measured fitness | x1 | x2...
1 +5.648385882e+01 +5.648385882e+01 -1.996141175e+00 -1.996141175e+00 -1.4246e+00 +3.4288e+00 +3.0516e+00 -3.4550e+00 +7.7671e-01 -4.0931e+00 +3.0551e+00 -4.7413e+00 +9.9736e-01 -2.7202e+00
2 +3.456330662e+01 +3.456330662e+01 -2.391669338e+01 -2.391669338e+01 +1.2007e+00 -2.6148e+00 -2.6497e+00 -7.5578e-01 -2.3503e+00 -3.0397e+00 +9.4824e-01 +9.9865e-01 +2.9631e+00 +3.4585e+00
5 +2.350414556e+01 +2.350414556e+01 -3.497585444e+01 -3.497585444e+01 +2.1178e+00 -3.3122e-01 +3.9089e+00 -8.1766e-01 +9.8431e-01 -1.4927e+00 +4.3383e+00 -2.0212e+00 +1.1357e+00 +2.8349e+00
46 +1.185438935e+01 +1.185438935e+01 -4.662561065e+01 -4.662561065e+01 +1.1536e-01 -3.3133e+00 -3.2450e-01 +5.7320e-01 -1.4871e+00 +3.2463e+00 -2.2915e+00 +1.3220e+00 +1.3069e+00 -2.4870e+00
415 +9.541296576e+00 +9.541296576e+00 -4.893870342e+01 -4.893870342e+01 +9.3680e-01 -8.6824e-01 -1.2012e-01 -9.5082e-01 +6.0227e-01 +2.2848e+00 -1.6823e+00 -1.2805e-01 -1.3549e+00 +2.6726e+00
% function evaluation | noise-free fitness - Fopt (-6.130800000000e+02) | best noise-free fitness - Fopt | measured fitness | best measured fitness | x1 | x2...
1 +3.117894003e+01 +3.117894003e+01 -5.819010600e+02 -5.819010600e+02 -3.0962e+00 +1.1951e+00 -6.3873e-01 +2.4216e+00 +4.3982e+00 +1.1195e+00 +1.6103e+00 +3.2136e+00 +1.7012e+00 +1.0908e+00
5 +1.937320084e+01 +1.937320084e+01 -5.937067992e+02 -5.937067992e+02 -1.8835e+00 +1.8386e+00 -2.7363e+00 -4.4540e+00 -3.4544e-01 +6.9682e-01 +2.0072e+00 -2.6847e+00 -1.0660e+00 -1.4459e-01
31 +1.537454152e+01 +1.537454152e+01 -5.977054585e+02 -5.977054585e+02 +4.1441e-01 +2.9275e-01 +2.5009e+00 -2.2471e-01 -3.6712e+00 +1.4529e+00 +4.2049e-01 +5.1191e-02 -1.3755e+00 +7.7601e-01
81 +9.532883747e+00 +9.532883747e+00 -6.035471163e+02 -6.035471163e+02 -2.1357e-01 +4.3720e-01 +1.2550e+00 -1.3267e+00 -7.8039e-01 -2.5355e+00 -2.0265e-01 +1.4246e-01 -1.2196e+00 +4.9519e-01
% function evaluation | noise-free fitness - Fopt (-1.852700000000e+02) | best noise-free fitness - Fopt | measured fitness | best measured fitness | x1 | x2...
1 +7.461590079e+01 +7.461590079e+01 -1.106540992e+02 -1.106540992e+02 -1.0344e+00 -3.5569e+00 -4.3349e+00 +1.4248e+00 -4.7174e+00 -1.8545e+00 +4.6148e+00 +2.7720e+00 +9.7775e-01 +3.8027e+00
2 +3.665685610e+01 +3.665685610e+01 -1.486131439e+02 -1.486131439e+02 -1.4967e+00 -1.0967e+00 +3.5639e+00 -4.0499e+00 -1.3271e+00 +1.9334e+00 +4.4323e+00 +3.3917e+00 -6.3332e-01 +2.1591e+00
26 +1.378734227e+01 +1.378734227e+01 -1.714826577e+02 -1.714826577e+02 +1.6900e-01 +4.3103e-01 -2.3931e+00 -1.7307e+00 +3.1242e+00 -3.2871e+00 +1.9779e+00 -2.1442e+00 -3.6080e+00 +8.2009e-01
561 +9.737151221e+00 +9.737151221e+00 -1.755328488e+02 -1.755328488e+02 -1.9932e+00 -3.4958e+00 -3.0618e+00 +2.8892e+00 +2.6484e+00 +3.7777e-01 -3.7069e+00 -1.0762e+00 -4.4854e+00 +1.7106e+00
% function evaluation | noise-free fitness - Fopt (3.747000000000e+01) | best noise-free fitness - Fopt | measured fitness | best measured fitness | x1 | x2...
1 +7.179945640e+01 +7.179945640e+01 +1.092694564e+02 +1.092694564e+02 -1.1480e+00 -2.9137e+00 -1.5199e+00 +5.6667e-01 +4.2586e+00 +4.6786e+00 +4.6146e+00 +1.6380e+00 +3.0789e-01 -4.3018e+00
2 +3.935083266e+01 +3.935083266e+01 +7.682083266e+01 +7.682083266e+01 -4.7151e+00 -4.4181e-01 +3.5399e+00 -3.4692e+00 -4.2532e+00 +3.4597e+00 -8.8199e-03 +3.7429e+00 -1.6382e+00 -6.3477e-03
16 +2.390545462e+01 +2.390545462e+01 +6.137545462e+01 +6.137545462e+01 +3.2590e-04 +1.8560e+00 +4.0550e+00 -2.4021e+00 -1.7014e+00 -2.4188e+00 +2.3105e+00 +9.4548e-01 +1.0836e+00 +3.6646e+00
107 +1.452281266e+01 +1.452281266e+01 +5.199281266e+01 +5.199281266e+01 -5.5931e-01 -9.0882e-02 +1.9969e+00 +6.1716e-01 -2.3941e-01 +9.4037e-01 -2.0189e+00 -1.1227e+00 -3.8481e+00 +9.8327e-01
843 +9.633173201e+00 +9.633173201e+00 +4.710317320e+01 +4.710317320e+01 -1.3186e+00 +7.2634e-01 +1.3840e+00 -1.9640e+00 +1.2072e+00 -3.5162e-01 +3.0177e+00 -2.2385e+00 -2.9862e+00 +2.8045e+00
% function evaluation | noise-free fitness - Fopt (-3.944700000000e+02) | best noise-free fitness - Fopt | measured fitness | best measured fitness | x1 | x2...
1 +4.824522404e+01 +4.824522404e+01 -3.462247760e+02 -3.462247760e+02 -1.1622e+00 -3.9771e+00 +2.4698e+00 -2.8841e+00 +4.6829e+00 +1.6341e+00 +3.4468e-01 +2.6835e-01 +2.1436e+00 -4.5985e+00
2 +2.331211812e+01 +2.331211812e+01 -3.711578819e+02 -3.711578819e+02 +9.7879e-01 +1.3549e+00 -2.1222e+00 -4.9625e+00 +2.0427e+00 -4.4019e+00 -1.6325e+00 -1.7678e+00 +4.0105e+00 +2.6679e+00
34 +1.463963145e+01 +1.463963145e+01 -3.798303686e+02 -3.798303686e+02 -3.1589e+00 -7.6295e-01 -3.0658e-01 -1.6991e-01 +1.0686e+00 +9.3179e-02 -1.5558e+00 +4.0564e+00 -3.2913e+00 -8.0282e-01
140 +9.739496050e+00 +9.739496050e+00 -3.847305039e+02 -3.847305039e+02 +7.9209e-01 -6.0579e-01 -6.4825e-02 +2.6859e-01 -2.6107e+00 -2.1306e+00 +3.0170e+00 -2.0584e-01 -3.0234e-01 +1.6486e+00
% function evaluation | noise-free fitness - Fopt (-1.026200000000e+02) | best noise-free fitness - Fopt | measured fitness | best measured fitness | x1 | x2...
1 +1.185240765e+02 +1.185240765e+02 +1.590407650e+01 +1.590407650e+01 +4.2881e+00 +2.1230e+00 +4.7132e+00 -2.9601e+00 +4.8952e+00 +3.8608e+00 +3.7138e+00 +4.2677e+00 -4.9517e-01 +3.6299e-01
2 +3.417086311e+01 +3.417086311e+01 -6.844913689e+01 -6.844913689e+01 +1.0816e+00 -3.7489e+00 -3.8823e+00 +1.3221e+00 +4.1142e+00 +2.3611e+00 +4.1098e+00 +2.8248e+00 +2.2090e+00 -3.0796e+00
5 +1.650061052e+01 +1.650061052e+01 -8.611938948e+01 -8.611938948e+01 -4.4297e-01 -2.6949e+00 -2.6770e-02 +2.5544e-01 +2.3085e+00 +3.3752e+00 +4.6808e+00 +4.3784e+00 +1.4229e+00 +3.7641e+00
38 +1.578654654e+01 +1.578654654e+01 -8.683345346e+01 -8.683345346e+01 +3.2762e+00 -1.5895e+00 -2.9388e-01 +2.5070e-01 +1.2639e+00 -1.6590e+00 -2.2593e-02 +3.1064e+00 +6.6767e-01 -7.7361e-01
1559 +8.311120250e+00 +8.311120250e+00 -9.430887975e+01 -9.430887975e+01 -1.9497e+00 -8.4026e-01 -2.9713e+00 +6.3823e-02 +4.8711e+00 +2.2205e+00 +2.9439e+00 +4.8814e+00 +1.1498e+00 +5.1605e-01
% function evaluation | noise-free fitness - Fopt (2.728300000000e+02) | best noise-free fitness - Fopt | measured fitness | best measured fitness | x1 | x2...
1 +6.771838769e+01 +6.771838769e+01 +3.405483877e+02 +3.405483877e+02 -6.2943e-01 +4.7904e+00 +4.3524e+00 +4.6510e+00 +2.1551e+00 -6.1294e-01 +4.0114e+00 +7.6668e-01 +1.2244e+00 -3.9147e+00
2 +3.834969826e+01 +3.834969826e+01 +3.111796983e+02 +3.111796983e+02 +3.0171e+00 +2.5025e+00 -2.5225e+00 -1.2186e+00 -3.5802e+00 -4.3554e+00 +1.4850e+00 +8.7472e-01 -3.7330e+00 -1.3507e+00
16 +1.288125187e+01 +1.288125187e+01 +2.857112519e+02 +2.857112519e+02 -9.9121e-02 +2.9112e+00 +3.8218e-01 +1.1279e+00 -1.9221e+00 +2.7049e+00 +2.3486e+00 -1.1387e+00 -3.5354e+00 -8.0842e-02
1511 +9.743610813e+00 +9.743610813e+00 +2.825736108e+02 +2.825736108e+02 -1.3417e+00 -3.4883e-01 +2.0039e+00 +3.6342e+00 -4.3119e-01 -1.9686e+00 -1.5108e+00 -1.8443e+00 -5.6079e-01 +1.6401e-01
% function evaluation | noise-free fitness - Fopt (-3.400000000000e+00) | best noise-free fitness - Fopt | measured fitness | best measured fitness | x1 | x2...
1 +6.923169773e+01 +6.923169773e+01 +6.583169773e+01 +6.583169773e+01 -2.4893e+00 -3.6569e+00 -4.4177e+00 -3.0304e+00 +3.6500e+00 -1.0708e+00 -1.5992e+00 -4.3270e+00 +1.3405e+00 -4.4694e+00
2 +3.326312244e+01 +3.326312244e+01 +2.986312244e+01 +2.986312244e+01 -2.9743e-01 +1.2329e+00 +1.4493e+00 -2.5037e+00 -1.5037e+00 +3.9309e+00 -1.9321e+00 -2.5392e+00 -2.1941e+00 +1.7989e+00
10 +2.067780682e+01 +2.067780682e+01 +1.727780682e+01 +1.727780682e+01 -2.3683e-01 +1.8228e+00 +4.0652e+00 -1.9451e+00 -2.0795e+00 +8.5991e-01 +1.0993e+00 -3.0282e+00 +3.3386e+00 -2.2541e-02
189 +1.485384260e+01 +1.485384260e+01 +1.145384260e+01 +1.145384260e+01 +1.5290e+00 -3.0642e+00 -9.6231e-01 +7.0217e-01 -1.9816e+00 -2.2734e+00 +5.8798e-01 +3.2742e+00 +2.9592e-01 +2.7647e+00
328 +8.756062494e+00 +8.756062494e+00 +5.356062494e+00 +5.356062494e+00 +2.6191e+00 -1.5176e+00 +6.4391e-02 +2.1762e+00 +1.0401e+00 +1.1352e+00 -7.2413e-01 +6.4118e-01 -2.0297e+00 -1.6447e+00
3834 +6.012171833e+00 +6.012171833e+00 +2.612171833e+00 +2.612171833e+00 -3.0136e+00 +2.6856e+00 +5.4612e-01 +3.1532e-01 +1.3002e+00 +7.1257e-01 -4.5064e-01 -3.0708e+00 +2.1156e+00 -8.1449e-01
% function evaluation | noise-free fitness - Fopt (-1.851700000000e+02) | best noise-free fitness - Fopt | measured fitness | best measured fitness | x1 | x2...
1 +3.956699493e+01 +3.956699493e+01 -1.456030051e+02 -1.456030051e+02 +3.4457e+00 +9.7588e-01 +3.6234e+00 +2.7379e+00 -1.5765e+00 -3.6002e-01 +3.7711e+00 +3.3551e+00 +2.0968e+00 +1.7900e+00
31 +2.495008101e+01 +2.495008101e+01 -1.602199190e+02 -1.602199190e+02 -2.5627e+00 +1.1198e+00 -1.3216e+00 +3.2161e+00 +2.3686e+00 -2.0534e+00 -4.1625e+00 +2.7551e+00 +4.6275e-01 -2.5502e+00
38 +1.322605600e+01 +1.322605600e+01 -1.719439440e+02 -1.719439440e+02 -6.4992e-01 +2.5606e+00 +3.4084e+00 -1.8817e+00 -4.6720e+00 +4.4902e+00 +1.4798e-01 +1.7013e+00 +8.1004e-02 +1.5113e+00
671 +6.989110392e+00 +6.989110392e+00 -1.781808896e+02 -1.781808896e+02 -5.5360e-01 -3.0494e+00 -9.8475e-01 -6.6234e-01 -1.8890e-01 +1.8119e+00 +1.3123e+00 -4.5520e-01 +8.8012e-01 -2.3711e-01
% function evaluation | noise-free fitness - Fopt (1.013400000000e+02) | best noise-free fitness - Fopt | measured fitness | best measured fitness | x1 | x2...
1 +7.537169753e+01 +7.537169753e+01 +1.767116975e+02 +1.767116975e+02 +8.9268e-01 +8.3199e-01 -2.5649e+00 -3.3133e+00 -1.1318e-01 -3.3597e+00 -3.0709e+00 -4.5955e+00 +2.4484e+00 +4.3401e+00
2 +3.500015690e+01 +3.500015690e+01 +1.363401569e+02 +1.363401569e+02 +4.6805e+00 +8.7711e-01 +2.0253e-01 -1.1000e+00 +8.0504e-02 -9.2294e-01 +3.2608e+00 +2.5681e+00 +3.6415e+00 +4.4699e+00
7 +1.380547219e+01 +1.380547219e+01 +1.151454722e+02 +1.151454722e+02 +8.2661e-01 +7.8499e-01 -7.8997e-01 +3.4015e-01 +1.1691e+00 -9.6339e-01 -1.9961e+00 +1.2859e+00 +3.8316e+00 +2.8910e+00
4217 +8.909372784e+00 +8.909372784e+00 +1.102493728e+02 +1.102493728e+02 +2.5705e+00 +3.0555e+00 +4.7481e+00 +7.8422e-02 +9.2615e-01 -2.1708e-01 +1.5405e+00 -6.6072e-01 +1.9217e+00 +1.4021e+00
% function evaluation | noise-free fitness - Fopt (-2.400000000000e+00) | best noise-free fitness - Fopt | measured fitness | best measured fitness | x1 | x2...
1 +5.418148495e+01 +5.418148495e+01 +5.178148495e+01 +5.178148495e+01 +1.8048e+00 +1.4210e+00 +1.6590e+00 -4.3166e+00 -4.0621e+00 -4.9092e+00 +1.3681e+00 -3.3262e+00 -3.0289e+00 -5.1622e-02
2 +2.407240342e+01 +2.407240342e+01 +2.167240342e+01 +2.167240342e+01 +1.9728e+00 +3.1128e+00 +1.0228e+00 -3.0059e-01 -2.7465e+00 +5.5141e-01 +2.8289e+00 -3.0241e+00 -3.0222e+00 -3.5167e+00
94 +1.552668957e+01 +1.552668957e+01 +1.312668957e+01 +1.312668957e+01 -8.2048e-01 +4.2137e-01 +6.0031e-01 +7.5332e-01 -1.5176e+00 +2.8733e+00 -5.7973e-03 +1.1979e+00 +1.0613e+00 +1.4320e+00
2351 +8.237333867e+00 +8.237333867e+00 +5.837333867e+00 +5.837333867e+00 -3.5901e+00 -8.2572e-01 +2.4858e+00 +2.7314e+00 -3.2942e+00 +1.7412e+00 +2.9661e+00 +7.6303e-01 +1.5684e+00 -1.0580e+00
% function evaluation | noise-free fitness - Fopt (-2.778000000000e+01) | best noise-free fitness - Fopt | measured fitness | best measured fitness | x1 | x2...
1 +4.952504539e+01 +4.952504539e+01 +2.174504539e+01 +2.174504539e+01 -9.0797e-01 -1.7814e+00 +1.6888e-01 -4.5851e-01 -3.7819e+00 -4.3429e+00 -3.1961e+00 -1.4155e+00 +4.3941e+00 +4.1925e-01
4 +3.587689214e+01 +3.587689214e+01 +8.096892141e+00 +8.096892141e+00 +7.5878e-01 +2.5318e+00 +4.1578e-01 -1.1279e+00 +2.6030e+00 +3.4412e+00 +8.6189e-01 -4.4045e+00 +2.5844e+00 -4.2096e+00
12 +2.265831290e+01 +2.265831290e+01 -5.121687103e+00 -5.121687103e+00 -3.2523e+00 +1.9532e+00 -2.7669e+00 -1.6596e+00 +1.3456e-01 +4.2579e-01 +2.3643e+00 -9.2443e-01 -3.3311e+00 +2.9386e+00
84 +1.247352478e+01 +1.247352478e+01 -1.530647522e+01 -1.530647522e+01 -2.1154e+00 -7.4677e-01 +1.8345e+00 -1.1721e+00 +1.1691e+00 +2.4791e+00 -1.4769e+00 -1.7043e+00 +2.9778e-01 +1.6331e+00
2334 +9.518757991e+00 +9.518757991e+00 -1.826124201e+01 -1.826124201e+01 +5.5295e-01 +9.2396e-01 -2.6230e-01 +1.2527e+00 +3.0432e-01 -1.2891e+00 -2.9410e+00 -1.2912e+00 -1.0501e+00 +2.5108e-01
3079 +6.173264737e+00 +6.173264737e+00 -2.160673526e+01 -2.160673526e+01 +9.8889e-01 -2.0579e+00 +4.6596e-01 +2.9051e+00 -8.5808e-01 +4.4063e-01 -1.2024e-01 -8.1838e-01 +2.2101e+00 -1.9083e-01
