% function evaluation | noise-free fitness - Fopt (-1.694000000000e+01) | best noise-free fitness - Fopt | measured fitness | best measured fitness | x1 | x2...
1 +3.209597220e+02 +3.209597220e+02 +3.040197220e+02 +3.040197220e+02 -2.2508e+00 +2.7145e+00 +4.8364e+00 +9.0933e-01 -6.8377e-01 +3.5317e+00 +2.8464e-01 +2.6158e+00 +1.3258e+00 -1.1074e+00 +3.9891e+00 -1.3912e+00 -1.8941e+00 +4.9856e+00 -9.6018e-02 +4.4502e+00 +4.2603e-01 +3.9532e+00 +2.5745e+00 -1.7525e+00
2 +1.467054574e+02 +1.467054574e+02 +1.297654574e+02 +1.297654574e+02 -1.1649e+00 +3.7562e+00 +1.7408e+00 -2.3242e+00 -1.3529e+00 -1.1008e+00 -3.9472e+00 +2.5189e+00 -2.5353e+00 -3.8441e+00 +3.1309e+00 -3.3452e+00 +1.9768e+00 -3.6515e+00 +5.7909e-01 +4.8232e+00 +1.7891e+00 +3.5563e-01 +3.1955e+00 -2.8861e+00
25 +9.944453616e+01 +9.944453616e+01 +8.250453616e+01 +8.250453616e+01 +2.7527e+00 +4.5053e+00 -9.1987e-01 -2.7149e+00 -1.8854e+00 +3.7872e+00 +6.2078e-01 +4.1464e+00 -8.8869e-02 -4.2022e+00 +2.9422e+00 -4.1648e+00 -4.7274e+00 -3.2170e+00 +7.5170e-01 +8.8589e-01 +9.3653e-01 +4.2353e+00 +1.2833e+00 +1.8478e+00
204 +5.697399753e+01 +5.697399753e+01 +4.003399753e+01 +4.003399753e+01 -1.5671e+00 +2.3360e+00 -1.0654e+00 -2.9081e+00 +2.1039e+00 +4.8134e+00 +1.7508e+00 -4.5823e+00 -3.8470e+00 -3.5131e+00 -3.7340e-01 +1.6656e+00 -2.2873e+00 -3.9326e+00 -2.9465e+00 +1.3344e+00 +1.8120e+00 +3.3006e+00 +3.0344e+00 -9.6498e-01
815 +3.157186834e+01 +3.157186834e+01 +1.463186834e+01 +1.463186834e+01 +3.4319e+00 +3.4976e+00 -4.0624e+00 +4.7829e+00 +2.5188e+00 -2.5531e+00 +2.2097e+00 -3.2065e+00 -3.2731e+00 -1.4632e+00 +3.2543e+00 -1.2032e+00 -3.6630e+00 -7.0923e-01 +4.1542e+00 +3.2902e+00 +2.7909e+00 -1.2306e+00 -5.4808e-01 -1.6908e+00
% function evaluation | noise-free fitness - Fopt (1.881000000000e+01) | best noise-free fitness - Fopt | measured fitness | best measured fitness | x1 | x2...
1 +5.620434668e+01 +5.620434668e+01 +7.501434668e+01 +7.501434668e+01 +1.0665e+00 +4.5820e-02 +4.2267e+00 -4.7038e+00 +4.2269e+00 -3.7329e+00 +2.5138e+00 -2.2193e+00 -2.9590e-01 +2.5308e+00 -1.5189e-01 +2.8287e-01 +8.1633e-01 -3.0904e+00 -9.9365e-01 -3.1861e+00 -7.0926e-01 +2.9857e+00 +1.9918e+00 +3.4325e+00
1789 +3.513513200e+01 +3.513513200e+01 +5.394513200e+01 +5.394513200e+01 -1.3097e+00 +3.1149e+00 +4.0704e+00 -2.0154e+00 +2.5005e+00 -3.8892e+00 -1.4197e+00 +2.3928e+00 +1.5062e+00 +3.7405e+00 -3.9985e+00 +4.8355e+00 +1.8883e+00 +1.1789e+00 +3.0863e+00 +2.9825e-01 -1.8398e+00 +4.8790e+00 -1.2899e+00 +9.9943e-01
% function evaluation | noise-free fitness - Fopt (2.731500000000e+02) | best noise-free fitness - Fopt | measured fitness | best measured fitness | x1 | x2...
1 +7.506538141e+02 +7.506538141e+02 +1.023803814e+03 +1.023803814e+03 -1.3277e+00 +2.9839e+00 -9.0590e-01 +1.0737e+00 +1.6069e+00 +1.5643e+00 +4.5214e+00 -9.8195e-01 +1.6221e+00 +2.8049e+00 -4.3985e+00 -4.5002e+00 +2.8687e+00 -2.8830e+00 +7.7271e-01 +4.8255e+00 -2.4348e+00 -5.9292e-01 -1.9073e+00 +4.8768e+00
2 +3.871686365e+02 +3.871686365e+02 +6.603186365e+02 +6.603186365e+02 +1.6778e+00 -4.2357e+00 +4.6981e+00 +1.7127e+00 -3.1879e+00 +1.7965e+00 -1.3405e+00 -1.6669e+00 +1.8732e+00 +2.9334e+00 -4.3397e-01 +4.9929e-02 +4.9496e+00 -3.3291e+00 -3.2376e+00 -4.9970e+00 -1.5197e+00 +4.9525e+00 -4.9375e-01 +4.5928e+00
4 +1.363045929e+02 +1.363045929e+02 +4.094545929e+02 +4.094545929e+02 -4.6106e+00 +2.6991e+00 +2.6318e+00 -3.9538e+00 +9.0848e-01 -3.1279e-01 -1.8900e+00 -2.1819e+00 -2.7181e-01 +3.1890e+00 +2.5987e-01 -7.8886e-01 -4.3482e+00 -8.2834e-01 -1.4325e+00 +1.2571e+00 +1.3565e-01 +3.2371e+00 -4.7173e+00 +3.6470e+00
20 +9.716151005e+01 +9.716151005e+01 +3.703115100e+02 +3.703115100e+02 -3.1932e+00 +5.7076e-01 -4.2504e+00 +2.7283e+00 +7.7958e-01 -3.3259e+00 +2.8637e-01 +4.2585e-01 -4.4261e+00 +4.0617e+00 +2.6101e+00 -1.2911e+00 +3.7174e+00 -2.7281e+00 -2.8754e+00 -3.1463e+00 +3.9591e+00 +9.4749e-01 +4.6725e-01 +2.7949e+00
178 +4.239448736e+01 +4.239448736e+01 +3.155444874e+02 +3.155444874e+02 -2.1172e+00 +2.1823e+00 -1.3353e+00 -7.5259e-01 -1.4341e+00 -4.9615e+00 -1.7284e-01 -3.3608e+00 -2.7411e+00 +4.5480e+00 -1.0592e+00 -4.4544e+00 -3.1449e+00 +4.7664e+00 +1.3736e+00 -3.3532e+00 +3.2084e+00 +3.1490e+00 +3.0037e+00 -4.8323e+00
% function evaluation | noise-free fitness - Fopt (3.718000000000e+01) | best noise-free fitness - Fopt | measured fitness | best measured fitness | x1 | x2...
1 +1.587474095e+02 +1.587474095e+02 +1.959274095e+02 +1.959274095e+02 +3.7465e+00 -1.2389e+00 +9.0203e-01 -8.4749e-01 +2.8574e-01 -2.3858e+00 -1.2763e+00 +1.5240e+00 -1.6739e+00 -1.5774e+00 -6.9308e-01 +3.9671e+00 -3.7291e+00 -2.0228e+00 +3.7796e+00 -4.4983e+00 +3.7697e+00 -4.0696e+00 +2.0880e+00 +1.3953e+00
2 +1.162328108e+02 +1.162328108e+02 +1.534128108e+02 +1.534128108e+02 +1.1743e+00 -1.0428e+00 -4.0527e+00 +3.6183e+00 +2.2604e-01 -1.3963e+00 -4.5087e-01 -3.7974e+00 +2.3687e+00 -2.4001e-01 -3.3197e+00 -3.0877e+00 +1.5046e+00 -2.5705e+00 -2.3274e+00 +4.1647e+00 +3.5784e+00 +4.0391e+00 +1.1295e+00 +1.0100e+00
12 +7.311757627e+01 +7.311757627e+01 +1.102975763e+02 +1.102975763e+02 -2.6591e+00 -1.6284e+00 +8.3804e-01 +1.8152e+00 -3.1630e+00 +1.1675e+00 +2.8036e+00 -2.9364e+00 +8.9561e-01 +1.7817e+00 -7.9580e-02 +2.9394e+00 +4.1115e+00 +2.8233e+00 +2.0161e+00 -4.5790e+00 -2.8307e+00 +2.5263e+00 -3.0131e+00 +4.7836e+00
38 +5.881753896e+01 +5.881753896e+01 +9.599753896e+01 +9.599753896e+01 -3.2274e+00 +6.6900e-01 -3.8236e+00 -2.1826e+00 -8.7211e-01 +1.8111e+00 -8.6384e-02 +1.3411e+00 -8.2673e-01 -1.2974e+00 -5.6973e-01 -2.6776e-02 -3.9019e+00 -3.6529e+00 +1.8630e+00 +3.4057e+00 +4.5528e+00 +3.8588e+00 +1.4715e+00 +1.7475e+00
864 +3.860871790e+01 +3.860871790e+01 +7.578871790e+01 +7.578871790e+01 -3.5401e-01 +4.5705e+00 +2.9313e+00 -3.1008e+00 -1.1419e+00 -9.8965e-01 -3.5200e+00 -1.7383e+00 -4.6466e+00 +3.7051e+00 -3.2823e-01 +3.7660e+00 -1.7892e-01 -1.0252e+00 +3.5051e+00 +8.2969e-01 +2.4001e+00 -5.1687e-01 +4.8816e+00 +9.2490e-01
% function evaluation | noise-free fitness - Fopt (-1.479000000000e+02) | best noise-free fitness - Fopt | measured fitness | best measured fitness | x1 | x2...
1 +1.439907406e+02 +1.439907406e+02 -3.909259380e+00 -3.909259380e+00 -4.6545e+00 -4.0388e+00 +7.4504e-01 +4.2657e+00 -1.4047e+00 +2.5459e+00 +2.7836e+00 -3.8365e+00 -3.3559e+00 -1.2081e-01 -4.0678e+00 -4.7111e+00 +3.5722e+00 +1.3931e-03 +4.2810e+00 -3.1972e+00 +2.0060e+00 -1.3451e+00 +2.3381e+00 +2.6932e+00
3 +6.733754121e+01 +6.733754121e+01 -8.056245879e+01 -8.056245879e+01 +3.7380e+00 -3.7497e+00 +3.0996e+00 -4.5763e+00 -1.0169e+00 -4.7154e+00 +2.3991e+00 +2.3848e-01 -1.7945e-01 +3.5705e+00 -2.9945e+00 -1.0982e+00 -3.2013e+00 +4.7345e+00 +3.0864e+00 -1.6222e+00 +8.8027e-01 -4.4578e+00 -4.7474e+00 +4.4327e-01
40 +5.256503366e+01 +5.256503366e+01 -9.533496634e+01 -9.533496634e+01 +1.3802e+00 +9.4089e-01 -3.3533e+00 -6.2237e-01 -4.8367e+00 -6.3823e-01 -1.0409e-01 -7.6856e-01 -1.0897e+00 +1.3703e+00 -1.0805e+00 +3.0521e+00 -2.6978e+00 -1.3292e+00 -1.8024e+00 -3.4110e+00 +1.1162e+00 -3.4537e+00 -4.2084e+00 +5.0556e-01
566 +3.308058435e+01 +3.308058435e+01 -1.148194156e+02 -1.148194156e+02 +1.8958e+00 +4.0717e+00 +3.4103e+00 -1.1124e+00 +5.6791e-01 -4.2075e+00 +1.6313e-02 -3.2100e+00 +1.9199e-02 +4.8850e+00 -4.6851e+00 -1.6496e+00 -2.0965e-01 +4.9991e-01 +2.6728e+00 -1.9837e+00 -1.1630e+00 -1.1574e+00 -3.3214e+00 +1.8773e-02
% function evaluation | noise-free fitness - Fopt (-2.218900000000e+02) | best noise-free fitness - Fopt | measured fitness | best measured fitness | x1 | x2...
1 +2.430138950e+02 +2.430138950e+02 +2.112389503e+01 +2.112389503e+01 -3.9526e+00 +3.2426e-01 +1.6992e+00 -2.4778e+00 +2.9083e+00 +3.8847e+00 +1.4832e-01 -2.6239e+00 +2.6593e+00 -4.2876e+00 -4.5903e+00 -4.8586e+00 -3.7875e-01 +3.3492e+00 +8.1397e-01 -4.9105e+00 -2.8083e+00 +1.8234e+00 -4.2569e+00 -2.6182e+00
2 +5.741372964e+01 +5.741372964e+01 -1.644762704e+02 -1.644762704e+02 +2.2956e+00 -2.8160e+00 +1.7962e+00 -3.0153e+00 -3.4447e+00 +1.8963e+00 +1.5869e+00 +1.7574e+00 +1.4993e+00 -4.5139e+00 +2.8124e+00 +1.0127e+00 +3.6979e+00 -1.8470e+00 -2.4209e+00 -1.7809e+00 -4.2199e+00 +4.9148e-01 +3.3340e+00 +1.2934e+00
232 +3.226979390e+01 +3.226979390e+01 -1.896202061e+02 -1.896202061e+02 -2.0063e+00 +3.6484e+00 +3.5680e+00 -5.0486e-01 +1.6237e+00 +1.1374e+00 +1.4927e+00 +4.6348e+00 +1.0357e+00 +3.2966e-01 +4.4257e+00 -1.3246e+00 +1.1219e+00 +7.9532e-01 +8.5048e-01 -4.4834e+00 -3.1707e+00 -1.7410e+00 +7.8392e-01 +2.2141e-01
% function evaluation | noise-free fitness - Fopt (1.195400000000e+02) | best noise-free fitness - Fopt | measured fitness | best measured fitness | x1 | x2...
1 +2.612803842e+02 +2.612803842e+02 +3.808203842e+02 +3.808203842e+02 -2.8667e+00 +2.6311e+00 +2.2713e+00 +3.0762e+00 -1.1696e+00 +3.6578e+00 +1.8922e+00 -2.2251e+00 -4.9741e+00 +1.8492e+00 -3.4278e+00 +6.5000e-01 -4.1567e+00 -3.0130e+00 +1.0107e+00 +3.1758e+00 -3.6048e+00 -2.3778e+00 +3.7744e-01 +3.3014e+00
2 +1.298183081e+02 +1.298183081e+02 +2.493583081e+02 +2.493583081e+02 -9.7972e-01 +1.0542e+00 -4.7912e+00 +4.3083e+00 +5.2757e-01 -1.4660e+00 +4.7314e+00 +2.6794e+00 -3.5478e+00 +1.3458e+00 -4.6214e+00 +2.8450e+00 +4.4916e+00 -4.6836e+00 +5.6799e-01 +3.3498e+00 +1.6960e+00 -1.6871e+00 -3.4376e+00 +9.2377e-01
3 +7.626887689e+01 +7.626887689e+01 +1.958088769e+02 +1.958088769e+02 +2.2126e+00 +6.5906e-01 -3.6353e+00 -9.6230e-01 -7.0788e-01 -3.5231e+00 +1.3547e+00 -2.9006e+00 -4.9242e+00 -7.2769e-01 +6.5149e-01 +4.9537e+00 -6.4271e-01 -4.6098e+00 +8.7837e-01 -3.4183e+00 +2.2708e+00 -4.2537e+00 -3.1157e+00 -2.3183e+00
9 +4.091900201e+01 +4.091900201e+01 +1.604590020e+02 +1.604590020e+02 +4.9994e-01 +1.6991e+00 -6.1866e-01 +2.0039e+00 -5.0308e-01 -4.9335e+00 +1.9648e+00 +4.4431e+00 -2.8354e+00 -1.3243e+00 -4.0302e+00 -1.7528e-01 -3.5520e+00 -2.6979e+00 +1.5212e+00 -4.9093e-01 -1.4126e-02 -2.9926e+00 +7.4778e-01 -4.5904e-01
113 +3.881385423e+01 +3.881385423e+01 +1.583538542e+02 +1.583538542e+02 +4.3065e+00 +4.5804e+00 -3.2032e+00 -3.5487e+00 +2.6016e+00 -1.9286e+00 +2.1059e+00 +4.7794e+00 -8.5600e-02 +5.8145e-01 -2.4854e+00 -3.0669e+00 -3.1467e+00 +2.6771e+00 +3.6391e-01 +4.0533e+00 +4.1575e+00 -3.8451e-01 -4.9529e-01 +1.5524e+00
% function evaluation | noise-free fitness - Fopt (6.983000000000e+01) | best noise-free fitness - Fopt | measured fitness | best measured fitness | x1 | x2...
1 +1.718935212e+02 +1.718935212e+02 +2.417235212e+02 +2.417235212e+02 +3.1591e+00 -6.8498e-01 +2.4461e+00 -3.5104e+00 -4.0926e+00 -3.9531e+00 +7.0918e-01 +3.7090e+00 +2.6591e+00 +2.7637e-01 +3.8509e+00 +2.8728e+00 -6.6404e-01 +1.4979e+00 -3.3473e+00 +4.7118e+00 -8.7033e-01 +4.9977e+00 +8.0520e-01 +2.2287e+00
3 +1.028040477e+02 +1.028040477e+02 +1.726340477e+02 +1.726340477e+02 -4.3253e+00 -2.5371e+00 +1.7606e+00 -3.6890e+00 +2.2862e+00 -1.7045e+00 -4.2570e-01 +1.8179e+00 -1.9201e+00 +4.7781e+00 -1.8455e+00 -1.2203e+00 +4.1919e+00 +3.7044e+00 -4.1752e+00 -1.2455e+00 +4.3153e+00 +4.3093e+00 +4.6865e-01 +4.1314e+00
12 +8.211806332e+01 +8.211806332e+01 +1.519480633e+02 +1.519480633e+02 +3.9854e+00 -1.6380e+00 +7.5401e-01 +2.2773e-01 +3.0617e+00 -2.2815e+00 -5.2865e-01 +4.5485e+00 -2.5263e+00 +2.0372e+00 -4.2278e+00 +3.5637e+00 +2.2168e+00 -3.5956e-01 +4.2887e+00 +4.8229e+00 -4.9299e+00 +3.2179e+00 +1.4534e+00 +1.9069e+00
39 +5.475260074e+01 +5.475260074e+01 +1.245826007e+02 +1.245826007e+02 -4.8849e+00 +3.6759e+00 +9.3312e-03 -3.3821e+00 -3.4527e+00 +2.5183e+00 -4.8533e+00 +4.3223e+00 +3.9672e+00 +1.8778e+00 -5.7223e-01 +3.0583e-01 +1.3781e+00 +8.4933e-01 -2.4130e+00 +6.8253e-01 -4.1171e+00 +1.5038e+00 +2.3374e+00 -1.9589e-01
934 +3.853150131e+01 +3.853150131e+01 +1.083615013e+02 +1.083615013e+02 -4.5106e-01 -1.7053e+00 -2.9384e-01 -1.8354e+00 +3.9468e+00 +3.0189e+00 -1.9120e+00 +2.2682e+00 +1.6574e+00 +6.3775e-01 +9.0803e-02 -2.5793e+00 -8.5785e-01 +3.5216e+00 +1.6359e-01 +3.0319e+00 -4.2484e-02 +2.3334e+00 +7.0058e-01 -2.8019e+00
% function evaluation | noise-free fitness - Fopt (7.000000000000e-02) | best noise-free fitness - Fopt | measured fitness | best measured fitness | x1 | x2...
1 +1.193483922e+02 +1.193483922e+02 +1.194183922e+02 +1.194183922e+02 -6.1362e-01 +3.4378e+00 -5.4777e-01 -3.8717e-01 -3.4643e-01 +3.5491e+00 -1.7621e+00 -3.1617e+00 -6.3377e-01 +2.7956e+00 +3.3174e-01 -2.4012e-01 -4.0113e+00 +4.0669e-01 -4.2318e+00 +4.7855e+00 +2.5986e+00 +3.8133e+00 +1.3981e+00 -2.5593e+00
2 +9.620505484e+01 +9.620505484e+01 +9.627505484e+01 +9.627505484e+01 -1.8144e+00 +8.4425e-01 -2.3596e+00 -1.5787e+00 +1.7135e+00 -4.8565e+00 +3.5916e+00 -3.5422e+00 -1.1906e+00 +1.7303e+00 +6.1826e-01 +7.4377e-01 -7.3528e-01 -1.7112e+00 -1.0984e+00 -2.5115e+00 +2.9263e+00 -2.7293e-01 -1.8667e+00 -4.1261e+00
10 +5.746087914e+01 +5.746087914e+01 +5.753087914e+01 +5.753087914e+01 +4.9669e+00 +2.6230e+00 -1.0907e+00 -2.7656e+00 +3.6327e+00 +2.4637e+00 +4.8835e+00 -1.8846e+00 -2.2235e+00 +4.6843e-01 +1.2715e+00 +2.0302e+00 +7.1900e-01 -4.9516e-01 +1.0292e+00 +3.3138e+00 +3.5588e+00 +3.7665e+00 +1.0968e+00 +1.4750e+00
184 +3.352807522e+01 +3.352807522e+01 +3.359807522e+01 +3.359807522e+01 +2.3105e+00 +2.9201e+00 +3.0209e+00 -2.0111e+00 +2.0077e+00 -8.9671e-01 -3.0951e-01 -5.8841e-01 -2.5488e+00 +3.7197e+00 +1.7574e+00 +7.9196e-01 +3.1290e+00 -3.9052e+00 +5.6162e-01 -1.5667e+00 -1.5479e+00 -1.4225e+00 -3.9170e+00 +4.5644e+00
% function evaluation | noise-free fitness - Fopt (4.960000000000e+00) | best noise-free fitness - Fopt | measured fitness | best measured fitness | x1 | x2...
1 +4.208510211e+02 +4.208510211e+02 +4.258110211e+02 +4.258110211e+02 -1.5453e+00 -2.0032e-01 +3.0783e+00 -4.6776e+00 +1.9280e+00 -4.6805e+00 +2.0556e+00 -4.6279e+00 +9.4655e-01 -4.9027e+00 +4.1999e+00 -2.7149e+00 -3.6103e+00 -1.7022e+00 -1.3395e+00 +1.2866e+00 -7.2117e-01 -4.2453e+00 -1.7286e+00 -4.6056e+00
3 +3.521383061e+02 +3.521383061e+02 +3.570983061e+02 +3.570983061e+02 +1.8998e+00 -4.8788e+00 -9.7745e-01 -2.7749e+00 -6.1425e-02 +4.4756e+00 -1.6079e+00 -6.0272e-01 -3.1261e+00 -2.9213e+00 -9.5844e-01 -4.4448e+00 -3.9451e+00 -4.8032e+00 +3.9180e+00 -1.0833e+00 -4.1174e+00 +1.1921e+00 +3.9147e+00 +1.0020e+00
6 +1.333062880e+02 +1.333062880e+02 +1.382662880e+02 +1.382662880e+02 -1.1613e-01 -8.8127e-02 +2.1262e+00 -4.7331e+00 +2.6460e+00 +2.6763e+00 -4.3173e+00 +4.8209e+00 -1.1432e+00 -4.8405e+00 -3.7906e+00 +2.9783e-01 +1.3917e+00 +1.7509e+00 -4.0273e+00 -2.4383e-01 +3.0331e+00 -4.6047e+00 +1.4701e+00 -3.8250e+00
35 +7.286920004e+01 +7.286920004e+01 +7.782920004e+01 +7.782920004e+01 -9.6328e-01 +2.5736e-01 +2.7727e+00 +4.5889e-01 -1.1479e+00 +1.4591e+00 +2.0916e+00 -2.9524e+00 -4.7469e+00 -3.4003e+00 -4.2065e+00 +5.4689e-01 -2.1903e+00 +4.5567e+00 +3.8177e+00 -8.8074e-01 +7.4415e-01 -2.1904e+00 -1.9945e+00 -6.8802e-01
186 +5.964061957e+01 +5.964061957e+01 +6.460061957e+01 +6.460061957e+01 +4.5445e+00 +3.8670e+00 -3.3905e+00 -9.0730e-01 +4.0466e-01 +1.7846e+00 -7.7857e-01 +2.6908e+00 -4.9405e+00 -2.2933e+00 +3.7816e+00 +2.9262e+00 -1.1410e+00 +8.9282e-02 -4.7369e+00 -2.6284e+00 +4.0133e+00 -1.7622e+00 -1.2391e+00 -5.9300e-02
1021 +3.814506957e+01 +3.814506957e+01 +4.310506957e+01 +4.310506957e+01 +4.4188e+00 +2.1572e+00 -4.5039e+00 -2.3562e+00 +7.9219e-01 -2.1381e+00 +9.3358e-01 +5.7972e-01 -3.5648e+00 -2.3653e+00 -5.6464e-01 +8.4191e-01 -3.9033e+00 +7.1854e-01 +4.3784e+00 +2.0665e-01 +3.0788e+00 -2.1010e+00 -4.4681e+00 -2.6697e+00
% function evaluation | noise-free fitness - Fopt (1.923000000000e+02) | best noise-free fitness - Fopt | measured fitness | best measured fitness | x1 | x2...
1 +1.740287691e+02 +1.740287691e+02 +3.663287691e+02 +3.663287691e+02 +1.6357e+00 +1.1027e+00 -2.1518e+00 +2.6062e+00 -1.9507e+00 -8.5856e-01 +4.6277e+00 -1.6689e+00 -8.2183e-01 +3.4926e+00 +9.4782e-01 -3.8133e+00 -4.6100e+00 +3.6579e+00 -4.7753e+00 +2.6136e+00 +4.0205e+00 +1.4058e+00 +1.4195e+00 +6.3596e-01
3 +9.938910709e+01 +9.938910709e+01 +2.916891071e+02 +2.916891071e+02 -4.0329e+00 -3.5043e+00 -3.1340e+00 +5.3702e-01 +2.2055e+00 -4.3072e+00 -3.4166e+00 +4.0158e+00 +2.1925e+00 +4.4822e+00 +4.2638e+00 +2.5281e+00 -1.9323e+00 +1.3827e+00 +1.7758e+00 +4.1281e+00 +3.0457e+00 -4.7719e+00 +3.5180e+00 -3.2543e+00
34 +5.424613132e+01 +5.424613132e+01 +2.465461313e+02 +2.465461313e+02 -1.6555e+00 -7.7997e-01 -9.6167e-02 -1.5274e+00 -3.3244e+00 -1.7963e-01 -8.9661e-01 +2.3229e+00 +2.2263e+00 -2.1369e+00 +4.8680e+00 -3.4068e+00 -3.1887e+00 +1.5621e+00 +3.3728e+00 +1.9957e+00 +1.6790e+00 -4.3441e+00 -1.2568e+00 +1.6799e+00
1304 +3.850852514e+01 +3.850852514e+01 +2.308085251e+02 +2.308085251e+02 -2.7966e+00 +1.0074e+00 -4.6173e-01 -3.1120e+00 -2.5069e+00 -2.1869e+00 -2.9051e+00 -4.5928e-01 +3.9339e-01 +3.9046e+00 +2.7875e+00 -1.1689e+00 -1.1691e+00 -4.3869e+00 +1.6876e+00 -1.1117e-01 -4.6558e-01 -4.7554e+00 -7.0649e-01 +7.1397e-01
% function evaluation | noise-free fitness - Fopt (4.971000000000e+01) | best noise-free fitness - Fopt | measured fitness | best measured fitness | x1 | x2...
1 +5.456609987e+02 +5.456609987e+02 +5.953709987e+02 +5.953709987e+02 +1.2382e+00 +3.9730e+00 -8.6594e-01 +4.6062e+00 -1.5356e+00 +4.5880e-01 -1.6086e+00 -3.1242e+00 +1.8166e+00 -3.7366e+00 -1.0377e+00 -4.7025e+00 +2.9025e+00 +4.6885e+00 +4.3414e+00 -3.1813e+00 -2.7245e-01 -1.9465e+00 -1.8851e+00 +1.8769e+00
2 +1.579213558e+02 +1.579213558e+02 +2.076313558e+02 +2.076313558e+02 -4.2126e+00 -1.1665e+00 +4.5887e+00 +4.9817e+00 -1.5037e+00 -2.6391e-01 +1.8718e+00 +1.9689e+00 +2.9467e+00 +3.9309e+00 -8.2170e-01 -7.0305e-02 -3.7299e-01 +2.7329e+00 +2.5823e+00 +9.3483e-01 -2.2541e+00 -4.2494e+00 +1.4642e+00 +1.7598e+00
3 +8.939079265e+01 +8.939079265e+01 +1.391007926e+02 +1.391007926e+02 -3.1342e+00 -2.0228e+00 -3.6091e+00 -4.5858e+00 +3.8123e+00 +4.8690e+00 +3.8366e+00 +2.5406e+00 -4.8216e+00 -1.4639e+00 +1.9837e+00 -3.7418e+00 +4.6186e+00 +3.6729e+00 +3.8960e+00 -2.8403e+00 +1.0914e-01 -3.8143e+00 -3.9304e+00 +5.7163e-01
22 +5.511989072e+01 +5.511989072e+01 +1.048298907e+02 +1.048298907e+02 +2.8425e+00 +7.2422e-01 -4.0156e+00 +3.7439e-01 +1.8166e+00 +4.5953e+00 -1.6288e-01 -7.0351e-01 +1.1272e+00 +5.4467e-01 +3.1290e+00 -2.7715e+00 +1.4758e+00 +2.8932e+00 -1.3191e+00 -1.5835e+00 -5.8362e-01 -3.0049e+00 +3.0087e+00 +4.9220e+00
1108 +3.420796808e+01 +3.420796808e+01 +8.391796808e+01 +8.391796808e+01 +3.3574e+00 -4.4416e+00 -2.8138e+00 +2.5807e+00 -6.3460e-01 +3.5244e+00 -2.4396e+00 -3.6894e+00 -2.1827e+00 +5.5613e-01 -3.9472e+00 +1.0283e+00 +3.2033e+00 +4.7436e+00 +4.7709e+00 +7.8413e-01 -9.2542e-01 +1.9436e+00 -2.4504e+00 -1.5522e+00
% function evaluation | noise-free fitness - Fopt (2.051200000000e+02) | best noise-free fitness - Fopt | measured fitness | best measured fitness | x1 | x2...
1 +2.442626717e+02 +2.442626717e+02 +4.493826717e+02 +4.493826717e+02 +1.3495e+00 +2.0818e+00 +1.8269e+00 -4.9565e+00 -2.5442e+00 +3.9165e+00 -4.3005e+00 -3.4370e-01 +3.4207e+00 -3.9409e+00 +8.5085e-01 -3.7688e+00 -4.7694e+00 -3.4251e+00 +2.4930e+00 -4.4981e+00 +3.6527e+00 +3.0862e+00 -3.3725e-01 +1.2585e+00
2 +1.085469355e+02 +1.085469355e+02 +3.136669355e+02 +3.136669355e+02 -6.1484e-01 -4.0864e+00 -7.9265e-01 +7.2298e-01 +6.8524e-01 +3.4096e-01 +4.8021e+00 -9.5585e-01 -3.0693e+00 +1.9579e+00 -3.9390e-01 +3.9563e-01 +2.5989e+00 -4.6415e+00 +1.3721e+00 +2.7287e+00 +4.7422e-01 -4.5261e+00 -1.5806e+00 -5.1437e-01
3 +9.302474733e+01 +9.302474733e+01 +2.981447473e+02 +2.981447473e+02 -4.8877e+00 -1.3526e+00 -2.0773e+00 +3.0547e+00 +2.5811e+00 +3.5101e+00 -4.0049e+00 -2.3795e-01 +2.0597e+00 +1.4016e-01 +4.1195e+00 +1.1408e+00 -6.2152e-01 +3.1132e+00 +2.4622e+00 +1.2913e+00 +3.2675e-01 -2.0104e+00 -1.1174e+00 +2.7874e+00
29 +5.372268720e+01 +5.372268720e+01 +2.588426872e+02 +2.588426872e+02 +1.2729e+00 -1.6764e+00 +2.1645e+00 -3.4660e+00 -4.1535e+00 +4.4577e-01 -2.0015e+00 +2.2886e+00 +1.8466e+00 +3.6253e+00 +2.6604e+00 -3.5863e+00 +2.9500e+00 +2.6512e-01 -1.0962e+00 -9.9201e-01 +9.1239e-01 -4.3976e+00 +4.4615e+00 -3.7141e+00
485 +3.284063226e+01 +3.284063226e+01 +2.379606323e+02 +2.379606323e+02 -2.7656e+00 +4.5052e+00 -7.7894e-01 -1.7886e+00 +1.7648e+00 +4.4797e+00 +2.5665e+00 +2.3098e-01 +4.7410e+00 +3.0067e+00 +2.8282e+00 +4.0800e+00 +2.2682e+00 +1.3945e+00 +3.4128e-02 -6.9587e-01 -2.5279e+00 +6.5928e-01 +5.4927e-01 +3.1637e+00
% function evaluation | noise-free fitness - Fopt (-1.729000000000e+02) | best noise-free fitness - Fopt | measured fitness | best measured fitness | x1 | x2...
1 +1.097314267e+02 +1.097314267e+02 -6.316857332e+01 -6.316857332e+01 -2.4001e+00 +4.1007e+00 +3.7852e+00 -2.3872e+00 -3.7207e+00 -3.3146e+00 -3.8840e+00 +3.9480e+00 +1.6762e+00 -4.1176e+00 +7.7283e-01 +1.4155e+00 -4.3945e-01 +1.4200e+00 -1.1643e+00 +7.8092e-01 -3.2802e+00 -4.6527e+00 +3.5185e+00 -2.9718e+00
7 +9.886662476e+01 +9.886662476e+01 -7.403337524e+01 -7.403337524e+01 +3.4773e+00 -2.0849e+00 -1.6101e+00 -3.1491e+00 -2.2431e+00 -3.6040e+00 -3.9626e+00 +3.8847e+00 -4.9562e+00 +1.5088e-02 +1.5320e+00 +3.7805e+00 +4.5005e-01 -4.9829e+00 +3.5780e+00 -4.8904e-01 -3.2557e-01 +7.4705e-01 +1.2217e+00 -9.0847e-01
96 +5.871835569e+01 +5.871835569e+01 -1.141816443e+02 -1.141816443e+02 -3.8841e+00 +3.8567e+00 +2.1418e+00 -3.5045e+00 +2.5283e+00 -3.2592e+00 -5.0620e-01 +2.0456e+00 +2.1810e+00 -3.5758e-01 -6.6838e-01 +4.8817e+00 -3.3551e+00 -3.4659e+00 +1.9456e+00 +4.3323e+00 +1.9383e+00 -4.3799e+00 -1.7854e+00 -2.1922e-01
187 +3.765311850e+01 +3.765311850e+01 -1.352468815e+02 -1.352468815e+02 -6.1518e-01 +2.2167e+00 +2.8653e+00 -2.7716e+00 -2.3552e+00 +8.5062e-01 -4.6242e+00 +4.5525e+00 -2.1708e+00 +8.4679e-01 +1.1726e+00 +3.4262e+00 -4.0370e+00 -2.9451e+00 -2.3467e+00 +1.9655e+00 +4.8321e-01 -4.1999e+00 -4.2135e+00 +1.0121e-02
% function evaluation | noise-free fitness - Fopt (-3.506200000000e+02) | best noise-free fitness - Fopt | measured fitness | best measured fitness | x1 | x2...
1 +1.393901070e+02 +1.393901070e+02 -2.112298930e+02 -2.112298930e+02 +3.6475e+00 -3.6700e+00 -4.8068e-01 +1.6674e+00 +1.0992e+00 +4.5469e+00 +8.4415e-01 -3.3088e+00 -3.4806e-01 -1.9953e+00 +3.1075e+00 -3.0803e+00 -3.9167e+00 +2.3363e+00 +9.9894e-01 -2.5095e+00 +4.5676e+00 -4.6964e+00 -4.3727e+00 +2.7106e+00
21 +7.038511065e+01 +7.038511065e+01 -2.802348894e+02 -2.802348894e+02 -4.2276e+00 -3.3829e+00 +3.9077e+00 -1.5244e+00 +2.2585e+00 +5.2008e-01 +2.1663e+00 +4.7117e+00 -3.2078e+00 +3.1409e+00 +9.8137e-01 -5.1150e-01 -4.3270e+00 +4.9041e-02 +7.0621e-01 +2.9012e+00 +3.5164e+00 -3.4357e+00 +3.4994e+00 +2.2950e+00
257 +5.529170520e+01 +5.529170520e+01 -2.953282948e+02 -2.953282948e+02 -4.4118e-01 -3.9336e+00 -9.0029e-01 +2.5803e+00 +3.0831e-01 +5.3454e-01 +3.1572e+00 +4.9089e+00 +4.0716e+00 +3.6715e+00 +4.5686e+00 -1.3685e+00 -6.9490e-01 +1.2902e+00 +4.6560e+00 +1.3848e+00 +1.0789e+00 -2.2469e+00 +3.7596e+00 -1.7554e+00
