% function evaluation | noise-free fitness - Fopt (-1.694000000000e+01) | best noise-free fitness - Fopt | measured fitness | best measured fitness | x1 | x2...
1 +9.102090588e+02 +9.102090588e+02 +8.932690588e+02 +8.932690588e+02 -1.9327e+00 -8.5260e-01 -4.5208e-01 -3.9068e+00 +3.5409e+00 -7.3075e-01 -2.9406e+00 -3.7526e+00 +2.6682e-01 +2.6342e+00
2 +1.726313801e+02 +1.726313801e+02 +1.556913801e+02 +1.556913801e+02 +1.3258e+00 +3.4531e+00 -2.9896e+00 -3.0667e+00 -3.8928e+00 -1.3147e+00 +3.1644e+00 +3.1656e+00 +4.2746e+00 +3.0736e+00
14 +7.781742741e+01 +7.781742741e+01 +6.087742741e+01 +6.087742741e+01 +8.3699e-01 -1.5157e-01 +2.2118e+00 +2.5341e+00 -1.5507e+00 -2.2317e+00 +3.7345e+00 +2.3438e+00 +3.9013e+00 -1.8136e+00
28 +4.915360666e+01 +4.915360666e+01 +3.221360666e+01 +3.221360666e+01 -1.1226e-01 +8.2973e-01 -1.6719e+00 +2.2627e+00 +3.8800e+00 -3.4288e+00 +4.8827e+00 -1.5356e+00 -2.1877e+00 -1.7448e+00
290 +3.575420413e+01 +3.575420413e+01 +1.881420413e+01 +1.881420413e+01 +2.3522e+00 +2.1418e+00 -4.1634e+00 +3.8633e+00 -3.6250e-01 -2.9950e+00 +4.9933e+00 +3.2726e+00 +3.0681e+00 -1.4036e+00
4872 +2.101916792e+01 +2.101916792e+01 +4.079167921e+00 +4.079167921e+00 +3.6810e+00 +3.8607e+00 +3.5382e+00 +1.6680e+00 +1.5966e+00 -1.0938e+00 +2.8686e+00 -2.7558e+00 -1.3031e+00 -3.5716e+00
% function evaluation | noise-free fitness - Fopt (1.881000000000e+01) | best noise-free fitness - Fopt | measured fitness | best measured fitness | x1 | x2...
1 +1.620095129e+02 +1.620095129e+02 +1.808195129e+02 +1.808195129e+02 -3.4808e+00 -2.0517e+00 +2.4675e+00 +3.1170e+00 +1.8712e+00 +1.0465e+00 -4.0528e+00 +2.3372e+00 -1.8649e+00 +5.1307e-01
2 +1.555439263e+02 +1.555439263e+02 +1.743539263e+02 +1.743539263e+02 -9.0099e-01 +1.5774e+00 +1.7883e+00 -1.8316e+00 +2.7978e+00 +1.6558e+00 -4.9219e+00 +4.6262e+00 -3.4788e+00 +1.7286e+00
4 +7.893757093e+01 +7.893757093e+01 +9.774757093e+01 +9.774757093e+01 -9.4183e-01 -2.9362e+00 -4.9507e+00 -3.1276e+00 +3.5787e-01 -3.4932e+00 -8.1581e-02 -1.4725e+00 -1.8125e-01 +2.9824e+00
7 +5.671666791e+01 +5.671666791e+01 +7.552666791e+01 +7.552666791e+01 +3.3500e-01 +2.4850e+00 +1.7764e+00 -5.2956e-02 -3.1055e+00 -4.7874e+00 +8.8393e-01 -2.2179e+00 -1.1668e+00 +1.3982e+00
49 +3.508944295e+01 +3.508944295e+01 +5.389944295e+01 +5.389944295e+01 +1.3445e+00 +2.4324e-01 +3.2105e+00 -9.1823e-01 +4.6395e+00 -7.8649e-01 -1.5814e+00 +3.9291e+00 -4.0764e-01 +1.7073e+00
168 +2.191020709e+01 +2.191020709e+01 +4.072020709e+01 +4.072020709e+01 +4.7559e+00 +1.5873e+00 +1.7194e+00 +2.8887e+00 -8.7610e-01 -2.4250e-01 -3.3336e+00 +1.0977e+00 -1.3323e+00 +4.5109e+00
% function evaluation | noise-free fitness - Fopt (2.731500000000e+02) | best noise-free fitness - Fopt | measured fitness | best measured fitness | x1 | x2...
1 +1.047996866e+02 +1.047996866e+02 +3.779496866e+02 +3.779496866e+02 +1.4271e+00 -1.0765e+00 -7.8546e-01 +4.4898e+00 +4.9450e+00 +1.0212e-01 +4.3241e+00 +2.2326e+00 -6.1840e-01 -1.0469e+00
2 +6.923252098e+01 +6.923252098e+01 +3.423825210e+02 +3.423825210e+02 -4.2601e+00 -2.6222e-01 +1.7286e+00 +3.9322e+00 +7.4587e-01 -4.2093e+00 +2.2314e+00 -4.6168e-01 +3.4477e+00 -1.1627e+00
18 +3.586227219e+01 +3.586227219e+01 +3.090122722e+02 +3.090122722e+02 -4.7588e+00 -1.4254e-01 +8.8646e-01 +3.6284e+00 +2.9615e+00 -2.9650e+00 +2.0456e-01 +7.4092e-02 -2.8656e+00 -2.7065e-01
1036 +2.029062665e+01 +2.029062665e+01 +2.934406267e+02 +2.934406267e+02 -3.2564e+00 +8.7425e-01 +5.0803e-01 +4.7902e+00 -2.6240e-01 -4.9782e+00 -1.0521e+00 -2.7131e+00 -2.1694e+00 +6.2995e-01
% function evaluation | noise-free fitness - Fopt (3.718000000000e+01) | best noise-free fitness - Fopt | measured fitness | best measured fitness | x1 | x2...
1 +2.566280160e+02 +2.566280160e+02 +2.938080160e+02 +2.938080160e+02 -6.4538e-01 -1.5487e+00 -4.5690e+00 -4.3389e+00 +2.2301e+00 -1.6303e+00 +2.3114e+00 +8.1014e-01 +1.2301e-02 +3.7026e-01
2 +1.377774058e+02 +1.377774058e+02 +1.749574058e+02 +1.749574058e+02 -4.1429e+00 -4.2721e+00 -3.5109e+00 +2.6007e+00 +3.1843e+00 -1.3393e+00 +2.0105e+00 -2.6451e+00 +4.2261e-01 -8.4702e-02
5 +7.265534586e+01 +7.265534586e+01 +1.098353459e+02 +1.098353459e+02 -2.6854e+00 +3.1589e-01 -3.0147e+00 +3.4293e+00 -2.0531e+00 +6.9161e-01 -1.3497e+00 -9.7141e-01 -4.9310e+00 +2.9121e+00
6 +3.966893917e+01 +3.966893917e+01 +7.684893917e+01 +7.684893917e+01 -4.2993e+00 +4.2944e+00 +2.9053e+00 -2.7004e+00 -3.3654e+00 +3.9019e-01 -8.4187e-01 -7.1464e-02 +2.2547e+00 +4.7855e+00
731 +1.293205933e+01 +1.293205933e+01 +5.011205933e+01 +5.011205933e+01 -2.4216e+00 -1.7837e+00 +2.2252e+00 +2.2883e+00 -1.5853e+00 -2.9549e-01 -1.4084e+00 -2.0628e+00 -3.4982e-01 -1.5168e+00
% function evaluation | noise-free fitness - Fopt (-1.479000000000e+02) | best noise-free fitness - Fopt | measured fitness | best measured fitness | x1 | x2...
1 +9.326544168e+01 +9.326544168e+01 -5.463455832e+01 -5.463455832e+01 -2.6766e+00 -1.2567e+00 -4.0332e+00 -2.3615e+00 -2.0283e-02 -3.7242e+00 +1.1693e+00 +3.7095e+00 +3.1832e+00 -1.5734e+00
8 +4.956576747e+01 +4.956576747e+01 -9.833423253e+01 -9.833423253e+01 +2.9597e+00 -3.1684e+00 +2.2276e+00 -4.0206e+00 +3.5635e+00 +7.6736e-02 -4.4873e+00 +3.4765e+00 +2.6115e+00 +1.7432e+00
12 +3.877785549e+01 +3.877785549e+01 -1.091221445e+02 -1.091221445e+02 -4.0076e+00 +9.4861e-01 +4.1647e+00 -2.1716e+00 -2.1148e+00 -5.9895e-01 +1.5703e+00 +1.0959e+00 -9.7874e-01 +3.2626e-02
146 +2.375168848e+01 +2.375168848e+01 -1.241483115e+02 -1.241483115e+02 -9.9432e-01 +2.5944e+00 +2.8816e-01 +8.9601e-01 -2.5232e+00 +2.7504e+00 -1.2227e+00 -2.3743e+00 -1.9926e+00 +2.8244e+00
% function evaluation | noise-free fitness - Fopt (-2.218900000000e+02) | best noise-free fitness - Fopt | measured fitness | best measured fitness | x1 | x2...
1 +2.045186219e+02 +2.045186219e+02 -1.737137811e+01 -1.737137811e+01 +1.5910e+00 -2.4627e+00 +3.4813e+00 +2.8791e+00 +5.9698e-03 +9.7925e-02 -2.2042e+00 -1.4903e+00 +1.1594e+00 +4.1682e+00
2 +8.160873107e+01 +8.160873107e+01 -1.402812689e+02 -1.402812689e+02 +3.3842e-01 +1.8074e+00 -1.3211e+00 +2.9747e+00 +1.6275e+00 +4.3603e+00 +3.0959e-01 +4.6532e+00 +3.4788e+00 -1.0321e+00
30 +5.681847143e+01 +5.681847143e+01 -1.650715286e+02 -1.650715286e+02 -2.2895e+00 +2.3470e+00 -4.9566e-01 +1.1957e+00 -2.4720e+00 +4.7297e+00 -2.2632e+00 +1.1463e-01 -1.9764e+00 -3.7895e+00
256 +3.655127891e+01 +3.655127891e+01 -1.853387211e+02 -1.853387211e+02 -3.5081e+00 +3.7518e+00 +2.8572e-01 -1.5198e-01 -1.4549e+00 +1.3706e+00 +1.1046e+00 +5.6569e-01 +5.0388e-01 +2.3909e+00
2320 +1.909260900e+01 +1.909260900e+01 -2.027973910e+02 -2.027973910e+02 -2.0090e+00 -9.1448e-01 -1.5496e+00 +3.1876e+00 -1.7429e-02 +2.6478e+00 +4.8092e+00 -2.2547e+00 -1.5180e+00 -2.5640e+00
% function evaluation | noise-free fitness - Fopt (1.195400000000e+02) | best noise-free fitness - Fopt | measured fitness | best measured fitness | x1 | x2...
1 +8.748047037e+01 +8.748047037e+01 +2.070204704e+02 +2.070204704e+02 -4.1139e+00 -4.7313e-01 -1.3665e+00 +3.7015e+00 -2.7780e+00 +2.4636e+00 -2.0513e+00 +3.5164e+00 +2.0250e+00 -7.7160e-01
16 +4.745163188e+01 +4.745163188e+01 +1.669916319e+02 +1.669916319e+02 -2.9933e+00 -1.6054e+00 -1.4230e+00 +3.1182e+00 -1.5268e+00 -1.6395e+00 +2.4296e-01 +4.7291e+00 +3.0069e-01 -6.9555e-01
164 +3.624977208e+01 +3.624977208e+01 +1.557897721e+02 +1.557897721e+02 +4.6831e+00 +1.0588e+00 -1.4865e+00 -1.9923e+00 +3.5987e+00 -2.0724e-01 +2.7559e+00 +3.3260e+00 +1.6444e+00 -4.2746e+00
226 +1.941222060e+01 +1.941222060e+01 +1.389522206e+02 +1.389522206e+02 -1.8081e+00 -9.3573e-01 +1.5950e+00 -1.2858e+00 +7.6939e-01 -2.7395e+00 +1.9031e+00 +2.3044e+00 -1.4426e+00 -3.8949e-01
% function evaluation | noise-free fitness - Fopt (6.983000000000e+01) | best noise-free fitness - Fopt | measured fitness | best measured fitness | x1 | x2...
1 +8.590849446e+01 +8.590849446e+01 +1.557384945e+02 +1.557384945e+02 +3.6756e+00 +2.1046e+00 +3.1236e+00 +1.5772e+00 -4.1795e+00 +3.3435e-01 +3.4608e+00 +8.1005e-01 +4.1873e+00 -4.0952e+00
25 +5.170244583e+01 +5.170244583e+01 +1.215324458e+02 +1.215324458e+02 -2.0572e+00 -4.1226e+00 +4.5006e+00 -4.6868e+00 -4.2300e+00 +4.0874e+00 +8.3979e-01 +2.6485e+00 -1.4560e+00 +3.7385e+00
125 +2.888350855e+01 +2.888350855e+01 +9.871350855e+01 +9.871350855e+01 +5.5521e-01 -4.0547e+00 +1.0096e+00 -2.1537e-01 +2.3089e+00 +4.2299e+00 -4.3648e+00 -4.3148e-01 +3.8736e+00 -2.1841e+00
1907 +2.348640708e+01 +2.348640708e+01 +9.331640708e+01 +9.331640708e+01 -2.7831e+00 -1.4945e+00 -1.8577e+00 -2.3374e+00 +6.7078e-01 +3.1212e+00 -1.9527e+00 -2.2896e-02 +4.0500e+00 -1.9247e+00
% function evaluation | noise-free fitness - Fopt (7.000000000000e-02) | best noise-free fitness - Fopt | measured fitness | best measured fitness | x1 | x2...
1 +6.202108647e+01 +6.202108647e+01 +6.209108647e+01 +6.209108647e+01 +2.4284e+00 +2.7290e+00 +2.4629e+00 +2.1484e+00 +3.9980e+00 -4.5732e+00 +1.2739e+00 -4.0609e+00 +4.0496e+00 +2.4931e-01
379 +3.449420611e+01 +3.449420611e+01 +3.456420611e+01 +3.456420611e+01 +1.6847e+00 -3.1554e+00 -5.5811e-01 -4.6838e+00 +4.3726e+00 -1.7881e+00 +3.8679e+00 +1.6542e-01 -1.9829e+00 +2.0724e+00
4671 +2.252939382e+01 +2.252939382e+01 +2.259939382e+01 +2.259939382e+01 -4.1408e-01 +2.1475e+00 +4.9012e+00 -1.3008e+00 +4.3243e+00 -2.7009e+00 +3.6855e+00 -2.2509e+00 +2.3165e+00 +3.0419e-01
% function evaluation | noise-free fitness - Fopt (4.960000000000e+00) | best noise-free fitness - Fopt | measured fitness | best measured fitness | x1 | x2...
1 +3.571432798e+02 +3.571432798e+02 +3.621032798e+02 +3.621032798e+02 +4.8009e+00 -1.2469e+00 -1.7122e+00 +3.4487e+00 +3.6500e+00 -3.2121e+00 +3.0664e+00 -1.0767e+00 -4.8818e+00 +4.8543e+00
2 +8.734001668e+01 +8.734001668e+01 +9.230001668e+01 +9.230001668e+01 -3.6158e+00 +3.8764e+00 -3.0898e+00 +5.8981e-01 +1.7919e-01 -6.0000e-01 +4.7369e+00 +4.3590e+00 -3.1417e+00 +1.7716e+00
35 +5.349373586e+01 +5.349373586e+01 +5.845373586e+01 +5.845373586e+01 +2.2525e+00 -1.8661e+00 +6.8509e-02 +9.6956e-03 +1.9332e+00 -2.8153e+00 +4.4945e+00 +1.4674e+00 +1.5359e+00 -4.4578e+00
68 +3.217987404e+01 +3.217987404e+01 +3.713987404e+01 +3.713987404e+01 +3.2950e+00 +3.0729e+00 +5.1897e-01 -3.7208e+00 -4.7717e+00 -9.4659e-01 +1.1761e+00 -2.5685e-01 -1.9997e+00 +3.1493e+00
1218 +2.427395593e+01 +2.427395593e+01 +2.923395593e+01 +2.923395593e+01 +4.8062e+00 +1.9187e+00 -3.3760e+00 +3.6085e-01 -2.1803e+00 -4.4221e+00 +4.1639e+00 +4.3682e+00 -2.0329e+00 +8.4991e-01
% function evaluation | noise-free fitness - Fopt (1.923000000000e+02) | best noise-free fitness - Fopt | measured fitness | best measured fitness | x1 | x2...
1 +7.067372396e+01 +7.067372396e+01 +2.629737240e+02 +2.629737240e+02 -2.0530e+00 -2.0896e+00 -3.1294e+00 +2.0123e+00 +1.8804e+00 +2.9817e+00 -2.6866e+00 -3.0131e+00 +4.6657e+00 -7.4315e-01
3 +5.743368595e+01 +5.743368595e+01 +2.497336859e+02 +2.497336859e+02 -3.7359e+00 +1.9125e+00 +1.3755e+00 -1.2739e+00 -1.1743e+00 -9.4396e-01 -2.0180e+00 +3.8103e+00 -3.9840e+00 -4.8738e+00
202 +3.340729690e+01 +3.340729690e+01 +2.257072969e+02 +2.257072969e+02 -1.2095e+00 -3.9611e-01 +1.7304e-02 +2.6183e+00 -4.4455e+00 +3.3319e+00 +3.9172e-01 +4.7339e-01 +2.0891e+00 -8.4780e-01
353 +2.247199358e+01 +2.247199358e+01 +2.147719936e+02 +2.147719936e+02 -1.9197e+00 +1.1811e+00 -1.9713e+00 +3.5015e+00 -1.4132e+00 +4.6104e+00 -6.9735e-01 +1.9606e+00 -2.2415e+00 -2.9473e+00
% function evaluation | noise-free fitness - Fopt (4.971000000000e+01) | best noise-free fitness - Fopt | measured fitness | best measured fitness | x1 | x2...
1 +2.086435722e+02 +2.086435722e+02 +2.583535722e+02 +2.583535722e+02 +4.4950e+00 -3.0960e+00 -1.4902e+00 -5.6356e-02 +1.9123e+00 -1.4432e+00 +3.8467e+00 -3.8156e+00 -1.6784e+00 -4.4129e+00
4 +8.402497471e+01 +8.402497471e+01 +1.337349747e+02 +1.337349747e+02 +4.5858e+00 +1.4036e+00 +3.1838e+00 -7.1039e-01 -3.6695e+00 +3.1063e-01 -4.4669e+00 +2.8364e+00 +8.5077e-02 -1.0266e+00
13 +4.159040782e+01 +4.159040782e+01 +9.130040782e+01 +9.130040782e+01 +2.3356e+00 -3.2493e+00 -3.3618e+00 -2.4654e+00 +6.2494e-02 -3.0740e+00 -4.5589e+00 -1.1503e+00 -2.5834e+00 +1.9638e+00
60 +2.945821777e+01 +2.945821777e+01 +7.916821777e+01 +7.916821777e+01 +1.6231e+00 -4.0176e+00 -2.9919e+00 -1.1626e+00 +2.4481e+00 -1.9439e+00 -4.9250e+00 +3.0395e-01 -3.8785e+00 +3.9815e+00
1667 +2.337028983e+01 +2.337028983e+01 +7.308028983e+01 +7.308028983e+01 +2.1744e+00 -2.1684e+00 -3.0161e+00 +4.2362e-02 +3.8001e-01 +2.5568e+00 -3.5419e+00 +9.9601e-01 -3.1454e+00 +3.6959e+00
% function evaluation | noise-free fitness - Fopt (2.051200000000e+02) | best noise-free fitness - Fopt | measured fitness | best measured fitness | x1 | x2...
1 +8.989132498e+02 +8.989132498e+02 +1.104033250e+03 +1.104033250e+03 -9.5940e-01 -7.7763e-01 +1.7830e+00 +2.2322e+00 -6.2122e-02 +4.4674e+00 +2.1484e-02 -2.3378e+00 -4.5465e+00 -8.1773e-02
2 +3.303676434e+02 +3.303676434e+02 +5.354876434e+02 +5.354876434e+02 -1.5434e+00 -3.2087e+00 +2.8494e-01 +3.3054e+00 +6.6645e-01 +4.2640e+00 +1.7196e+00 +1.5592e+00 -4.7619e-01 +3.8744e+00
7 +1.008248597e+02 +1.008248597e+02 +3.059448597e+02 +3.059448597e+02 -2.0863e+00 -3.6313e+00 -4.7209e+00 +2.7686e+00 +2.7662e+00 +2.9951e+00 +3.5193e+00 +1.7768e+00 +2.2107e+00 +1.4543e+00
9 +9.562794491e+01 +9.562794491e+01 +3.007479449e+02 +3.007479449e+02 -2.9833e+00 +3.8937e+00 -3.3149e+00 -3.3844e-01 +1.4007e+00 -1.3613e+00 +3.4520e+00 -8.4087e-01 +1.3713e+00 -2.3204e+00
35 +3.510957831e+01 +3.510957831e+01 +2.402295783e+02 +2.402295783e+02 +1.3758e+00 +4.8636e+00 -3.0485e+00 -3.8816e+00 -4.5890e+00 +2.9308e+00 +4.4081e-01 +3.1633e+00 +1.7844e+00 +2.7258e+00
1615 +2.389101262e+01 +2.389101262e+01 +2.290110126e+02 +2.290110126e+02 -1.9002e+00 +2.9383e+00 -3.2138e+00 -2.8539e+00 -3.4944e+00 +1.5852e+00 +2.3736e+00 +4.5029e+00 +3.0766e+00 +1.0433e+00
% function evaluation | noise-free fitness - Fopt (-1.729000000000e+02) | best noise-free fitness - Fopt | measured fitness | best measured fitness | x1 | x2...
1 +8.333588255e+01 +8.333588255e+01 -8.956411745e+01 -8.956411745e+01 -5.0767e-02 -1.1501e+00 -5.9278e-01 +4.5222e+00 -2.8574e+00 +4.6967e+00 +4.6936e+00 +3.2602e+00 -3.1508e+00 +3.5802e+00
2 +4.741490958e+01 +4.741490958e+01 -1.254850904e+02 -1.254850904e+02 +1.8762e+00 -1.8324e+00 +1.5895e+00 -1.6339e+00 -3.4258e+00 -3.7100e+00 +1.0440e+00 -3.5978e+00 -1.3452e-01 -2.4435e+00
93 +3.268896653e+01 +3.268896653e+01 -1.402110335e+02 -1.402110335e+02 +1.1266e+00 -1.7471e+00 +4.1546e-02 -4.1373e+00 +1.0002e+00 -3.4562e+00 +1.6137e+00 -3.0722e+00 -5.6379e-01 +3.3875e-01
1392 +2.337737775e+01 +2.337737775e+01 -1.495226223e+02 -1.495226223e+02 -5.0483e-01 +1.7970e-01 +2.3417e+00 -4.0113e+00 -3.2772e+00 -3.6696e+00 +1.4414e+00 +1.6698e+00 -1.1557e+00 -6.3366e-01
% function evaluation | noise-free fitness - Fopt (-3.506200000000e+02) | best noise-free fitness - Fopt | measured fitness | best measured fitness | x1 | x2...
1 +8.261687255e+01 +8.261687255e+01 -2.680031274e+02 -2.680031274e+02 -1.9153e+00 +4.5666e-01 +1.9197e+00 -4.2716e+00 +1.8711e+00 +5.8140e-01 +3.2863e+00 -4.1728e+00 +5.8132e-01 +4.8646e+00
6 +2.873763053e+01 +2.873763053e+01 -3.218823695e+02 -3.218823695e+02 -1.9064e+00 -2.8619e+00 +6.6764e-01 +7.7186e-01 -4.9015e-01 +3.2590e-01 +1.3973e+00 -5.3485e-01 +1.2639e+00 +3.0910e+00
1910 +2.447811384e+01 +2.447811384e+01 -3.261418862e+02 -3.261418862e+02 -4.6875e+00 -2.5163e+00 -3.5984e+00 -4.3543e-01 -2.0897e-01 +4.5201e+00 +4.5445e+00 +1.0616e+00 -2.8611e+00 +1.3857e+00
