% function evaluation | noise-free fitness - Fopt (1.026100000000e+02) | best noise-free fitness - Fopt | measured fitness | best measured fitness | x1 | x2...
1 +2.634471298e+02 +2.634471298e+02 +3.660571298e+02 +3.660571298e+02 +2.8325e+00 -3.7344e+00 +2.4636e-01 +3.5187e+00 -3.2576e+00 +3.1274e+00 +3.8237e+00 +3.2106e+00 -1.9907e+00 +9.9575e-01
3 +1.291237110e+02 +1.291237110e+02 +2.317337110e+02 +2.317337110e+02 +3.0669e-01 +1.1126e+00 +9.8712e-01 -1.1395e+00 +2.8559e+00 -2.4005e+00 -2.9117e+00 +3.7240e+00 -2.7411e+00 -1.1067e+00
% function evaluation | noise-free fitness - Fopt (9.330000000000e+01) | best noise-free fitness - Fopt | measured fitness | best measured fitness | x1 | x2...
1 +5.417616874e+02 +5.417616874e+02 +6.350616874e+02 +6.350616874e+02 +3.4138e+00 +4.9775e+00 +3.2943e+00 -1.4914e+00 +1.6385e+00 +4.6647e+00 +3.0771e+00 -3.5173e+00 -2.4663e+00 -3.6666e+00
2 +3.176037665e+02 +3.176037665e+02 +4.109037665e+02 +4.109037665e+02 +4.5494e-01 +1.3580e-02 +1.2121e+00 -4.5701e+00 +1.9100e+00 +2.5155e+00 -2.3678e+00 +3.9181e+00 -3.9839e+00 +2.6814e+00
17 +2.159151308e+02 +2.159151308e+02 +3.092151308e+02 +3.092151308e+02 -4.3038e+00 +3.2041e-01 -3.1324e+00 +8.9888e-01 +4.8953e+00 -3.4773e+00 -3.0972e+00 +5.4637e-01 +1.5775e+00 +9.0668e-01
1357 +1.538678144e+02 +1.538678144e+02 +2.471678144e+02 +2.471678144e+02 +1.9330e+00 +1.9018e+00 +1.9381e+00 -4.3210e-01 +3.2604e-01 -4.2967e+00 +2.2741e+00 +2.7736e+00 +3.1538e-03 +1.0275e-02
% function evaluation | noise-free fitness - Fopt (1.364000000000e+01) | best noise-free fitness - Fopt | measured fitness | best measured fitness | x1 | x2...
1 +3.017518994e+02 +3.017518994e+02 +3.153918994e+02 +3.153918994e+02 -1.7772e+00 -1.0952e+00 +4.4558e+00 +4.7087e+00 -1.3377e+00 +4.6435e+00 +2.0184e-01 +4.8810e+00 +1.9275e+00 +1.6297e+00
21 +1.979717729e+02 +1.979717729e+02 +2.116117729e+02 +2.116117729e+02 -8.4203e-01 -3.9737e+00 -6.4002e-01 +1.1627e+00 +4.8345e+00 -2.5478e+00 -3.9377e+00 +2.8842e+00 +3.8255e+00 +4.5297e-01
312 +1.179297670e+02 +1.179297670e+02 +1.315697670e+02 +1.315697670e+02 -1.4832e-01 -2.6684e+00 +9.4477e-01 +2.7059e+00 +3.3754e-01 +8.4722e-01 +1.0017e+00 +1.6197e+00 +2.2998e-01 +1.4433e+00
% function evaluation | noise-free fitness - Fopt (1.948000000000e+02) | best noise-free fitness - Fopt | measured fitness | best measured fitness | x1 | x2...
1 +3.127399058e+02 +3.127399058e+02 +5.075399058e+02 +5.075399058e+02 -5.3164e-01 -1.2377e+00 -1.2311e+00 +1.6650e+00 -2.4757e+00 +2.9671e+00 -1.3741e+00 +1.6692e+00 +4.6111e+00 -2.6378e+00
12 +2.330283527e+02 +2.330283527e+02 +4.278283527e+02 +4.278283527e+02 +2.2411e-01 -8.3307e-01 +1.0351e+00 -3.8964e+00 -1.8730e+00 -3.6364e-01 -3.6101e+00 +1.5131e+00 -2.8194e+00 -3.7522e+00
134 +1.412247209e+02 +1.412247209e+02 +3.360247209e+02 +3.360247209e+02 +4.7930e-01 -3.8962e-01 +6.3547e-01 -2.9735e+00 -4.8856e+00 +1.0729e+00 -1.3682e-01 -1.1373e+00 -1.5276e+00 -1.8445e-01
% function evaluation | noise-free fitness - Fopt (-1.335900000000e+02) | best noise-free fitness - Fopt | measured fitness | best measured fitness | x1 | x2...
1 +2.420484697e+02 +2.420484697e+02 +1.084584697e+02 +1.084584697e+02 +2.3246e+00 +3.3608e+00 +2.3811e+00 -3.2204e+00 +1.5647e+00 -6.3897e-01 +1.8181e+00 -1.8978e-01 -4.4067e+00 +4.4271e+00
90 +1.524719970e+02 +1.524719970e+02 +1.888199705e+01 +1.888199705e+01 +2.1436e-01 +9.3530e-01 +3.0347e-01 -2.7249e-01 -4.2171e+00 -1.1212e-01 +1.3009e+00 -2.4855e+00 -3.0370e+00 +4.4524e+00
4639 +7.597990142e+01 +7.597990142e+01 -5.761009858e+01 -5.761009858e+01 -1.1285e+00 +3.0927e+00 +2.4468e+00 -1.1285e+00 -2.7617e-01 +2.4985e+00 +1.4524e+00 -2.8547e+00 -2.3867e+00 +1.6958e+00
% function evaluation | noise-free fitness - Fopt (1.543700000000e+02) | best noise-free fitness - Fopt | measured fitness | best measured fitness | x1 | x2...
1 +2.644291897e+02 +2.644291897e+02 +4.187991897e+02 +4.187991897e+02 +3.3957e+00 -2.5991e+00 +1.9936e+00 +1.3068e+00 +2.9852e-01 +2.7933e+00 +1.1326e+00 -1.7417e+00 -2.8089e+00 +5.3974e-01
5 +2.031020041e+02 +2.031020041e+02 +3.574720041e+02 +3.574720041e+02 -4.0789e+00 -8.5068e-01 -9.5589e-01 +8.8165e-01 +4.2044e+00 -8.4570e-01 +9.2328e-01 -1.5161e+00 +7.7254e-01 +8.3359e-01
398 +1.352809199e+02 +1.352809199e+02 +2.896509199e+02 +2.896509199e+02 +1.0412e+00 +1.6621e+00 -4.2320e-01 -2.3775e+00 +1.8052e+00 -1.2700e+00 +4.3923e+00 -8.8277e-01 -9.9590e-02 +1.5547e+00
% function evaluation | noise-free fitness - Fopt (-2.883300000000e+02) | best noise-free fitness - Fopt | measured fitness | best measured fitness | x1 | x2...
1 +4.541571450e+02 +4.541571450e+02 +1.658271450e+02 +1.658271450e+02 +3.0684e+00 +3.1038e+00 +3.7814e+00 -2.8146e+00 +4.4459e+00 +3.1485e+00 +4.6165e+00 +2.8581e+00 +1.4802e+00 +1.8434e+00
2 +2.806185950e+02 +2.806185950e+02 -7.711405027e+00 -7.711405027e+00 +2.6500e+00 -1.8216e+00 +2.3660e+00 -3.7103e+00 -3.8290e+00 -2.4528e-01 -2.6244e+00 -7.6124e-01 +2.6734e+00 +5.7912e-02
8 +2.232616663e+02 +2.232616663e+02 -6.506833370e+01 -6.506833370e+01 -2.9920e+00 +1.7521e+00 +4.0351e+00 -3.6830e+00 +3.9249e+00 -4.5428e+00 -3.6197e+00 -5.5673e-01 -2.9407e+00 -1.9074e+00
870 +1.530680216e+02 +1.530680216e+02 -1.352619784e+02 -1.352619784e+02 +2.1429e+00 +3.2773e+00 -2.6555e-03 -2.1696e+00 +1.3444e+00 -1.8658e+00 -5.9541e-01 -3.8554e+00 +1.3039e+00 +1.7706e-01
% function evaluation | noise-free fitness - Fopt (-5.381100000000e+02) | best noise-free fitness - Fopt | measured fitness | best measured fitness | x1 | x2...
1 +4.049909314e+02 +4.049909314e+02 -1.331190686e+02 -1.331190686e+02 +4.8515e+00 -6.6970e-01 -2.5582e+00 +4.5135e+00 +5.8266e-01 -1.3923e+00 +6.6914e-01 -4.7564e+00 +6.2571e-01 -4.0400e+00
2 +2.358291725e+02 +2.358291725e+02 -3.022808275e+02 -3.022808275e+02 +1.3475e+00 -6.4690e-01 -2.3693e+00 -2.6070e+00 +1.8268e+00 -9.1521e-01 +9.1929e-01 -3.3024e+00 -8.6162e-01 -7.3298e-01
469 +1.315577949e+02 +1.315577949e+02 -4.065522051e+02 -4.065522051e+02 -2.5085e+00 -9.6513e-01 +3.6104e+00 -1.4683e+00 -1.0440e+00 +2.7595e-01 +1.2610e-01 -3.3757e+00 -5.8316e-01 +1.4526e-01
% function evaluation | noise-free fitness - Fopt (7.478200000000e+02) | best noise-free fitness - Fopt | measured fitness | best measured fitness | x1 | x2...
1 +3.982983932e+02 +3.982983932e+02 +1.146118393e+03 +1.146118393e+03 -4.3050e+00 +4.6537e+00 -2.0388e+00 -1.3066e+00 +2.2865e+00 -4.4489e+00 +3.9223e+00 +1.4198e+00 -4.1367e+00 +8.7878e-01
2 +3.542546861e+02 +3.542546861e+02 +1.102074686e+03 +1.102074686e+03 -2.5555e+00 -1.5449e+00 -4.3023e+00 +7.3620e-01 +2.8364e-01 -7.1836e-01 +2.5369e+00 +1.7674e+00 +3.5419e+00 -4.4847e+00
4 +2.393794650e+02 +2.393794650e+02 +9.871994650e+02 +9.871994650e+02 -1.3559e+00 -2.6228e+00 +2.6340e+00 +6.6887e-02 -1.2518e-01 -2.5695e+00 +3.5040e+00 -8.5940e-01 -1.3362e+00 -2.5528e+00
164 +1.584776382e+02 +1.584776382e+02 +9.062976382e+02 +9.062976382e+02 +2.0721e-01 -1.5658e+00 +2.4707e+00 +1.3683e+00 -4.3708e+00 -2.7743e+00 +2.4553e+00 -5.3754e-01 -1.8228e+00 +1.9759e+00
% function evaluation | noise-free fitness - Fopt (1.667000000000e+01) | best noise-free fitness - Fopt | measured fitness | best measured fitness | x1 | x2...
1 +3.178772314e+02 +3.178772314e+02 +3.345472314e+02 +3.345472314e+02 -4.3019e-01 +3.1207e+00 -2.5156e+00 -4.8252e+00 +2.7656e+00 -1.4391e+00 +7.3227e-01 -1.4753e+00 -4.8460e+00 -3.2852e+00
3 +2.506470649e+02 +2.506470649e+02 +2.673170649e+02 +2.673170649e+02 +1.8090e+00 +4.4044e+00 -3.9640e+00 -1.8567e+00 +3.9639e+00 -1.2772e+00 -1.1083e+00 +2.5930e+00 -1.3173e+00 -3.7015e+00
363 +1.447178800e+02 +1.447178800e+02 +1.613878800e+02 +1.613878800e+02 -3.0374e-01 +6.3507e-03 -1.5252e+00 -4.8951e-01 +2.9041e+00 -1.4163e+00 +2.4889e+00 -3.4997e+00 +1.8454e+00 -2.9976e+00
% function evaluation | noise-free fitness - Fopt (-6.277000000000e+01) | best noise-free fitness - Fopt | measured fitness | best measured fitness | x1 | x2...
1 +3.621738930e+02 +3.621738930e+02 +2.994038930e+02 +2.994038930e+02 +1.1708e+00 -4.7827e+00 +4.0088e+00 -2.2032e+00 +4.9034e+00 +1.4775e+00 +2.9614e-01 -3.5230e+00 +7.6517e-01 -8.4195e-01
4 +2.071026733e+02 +2.071026733e+02 +1.443326733e+02 +1.443326733e+02 +8.9545e-01 -4.5221e+00 -6.1494e-01 -1.0172e+00 +1.3555e+00 -1.8943e+00 -4.7090e-01 +2.6617e+00 +2.1322e+00 +9.1709e-01
91 +1.396568838e+02 +1.396568838e+02 +7.688688377e+01 +7.688688377e+01 -1.3334e+00 +2.3129e+00 +3.8909e+00 -2.0153e+00 +3.5215e-01 +3.8130e+00 -1.8642e+00 -2.4515e+00 -1.0227e+00 +5.8540e-01
% function evaluation | noise-free fitness - Fopt (1.096000000000e+01) | best noise-free fitness - Fopt | measured fitness | best measured fitness | x1 | x2...
1 +3.830332181e+02 +3.830332181e+02 +3.939932181e+02 +3.939932181e+02 -1.9585e+00 +1.7031e+00 -3.2281e+00 +3.1598e+00 -1.0886e+00 -4.3123e+00 -1.0053e+00 +4.1778e+00 +5.3245e-01 -4.1234e+00
7 +2.445767928e+02 +2.445767928e+02 +2.555367928e+02 +2.555367928e+02 -6.4210e-01 +2.2159e-01 -2.2461e+00 +4.0051e+00 +1.1964e+00 -2.5001e-02 +4.0019e+00 -8.7968e-01 +1.3856e+00 +3.4499e+00
117 +1.413217825e+02 +1.413217825e+02 +1.522817825e+02 +1.522817825e+02 -3.6817e+00 +1.7067e+00 -9.6416e-01 -3.2274e+00 -3.5038e+00 -5.3366e-01 +2.3681e+00 -1.4503e-02 +1.7245e+00 -1.6143e+00
% function evaluation | noise-free fitness - Fopt (9.038000000000e+01) | best noise-free fitness - Fopt | measured fitness | best measured fitness | x1 | x2...
1 +4.043143566e+02 +4.043143566e+02 +4.946943566e+02 +4.946943566e+02 -1.6769e+00 -3.2998e+00 -2.1351e+00 -7.7793e-01 +1.7203e+00 -3.0130e+00 +3.9931e+00 -4.3807e+00 +1.8428e+00 +1.1353e+00
3 +2.113761456e+02 +2.113761456e+02 +3.017561456e+02 +3.017561456e+02 -4.3983e+00 -4.6583e-01 +6.7105e-01 -3.9817e-01 -1.2316e+00 -9.5586e-01 +2.6311e+00 +3.0064e+00 +6.9782e-01 -3.5079e+00
93 +1.383382923e+02 +1.383382923e+02 +2.287182923e+02 +2.287182923e+02 -2.9329e+00 -3.7630e+00 +4.6229e-01 -2.8349e+00 -2.2299e+00 +2.0407e+00 +2.3374e+00 +6.9852e-01 +1.4356e+00 -9.0924e-01
% function evaluation | noise-free fitness - Fopt (-2.635200000000e+02) | best noise-free fitness - Fopt | measured fitness | best measured fitness | x1 | x2...
1 +3.068626380e+02 +3.068626380e+02 +4.334263798e+01 +4.334263798e+01 +5.3825e-01 -1.4190e+00 +1.7315e+00 -4.1625e+00 -1.8096e+00 -3.5069e+00 +1.7260e+00 -4.9407e+00 -5.2879e-01 -1.1720e+00
19 +2.425345832e+02 +2.425345832e+02 -2.098541681e+01 -2.098541681e+01 +5.9927e-01 +3.4244e-01 -2.1846e+00 +3.4407e+00 +4.3863e+00 -4.5651e+00 +6.3716e-01 +4.2221e+00 -1.7892e+00 -1.9337e+00
684 +1.504025822e+02 +1.504025822e+02 -1.131174178e+02 -1.131174178e+02 +3.2622e+00 -4.7376e-01 +1.7515e+00 -1.1093e+00 -8.7932e-01 +3.2069e+00 +4.5583e+00 -2.6393e-01 +3.3358e-01 +6.3676e-01
% function evaluation | noise-free fitness - Fopt (3.101900000000e+02) | best noise-free fitness - Fopt | measured fitness | best measured fitness | x1 | x2...
1 +3.912324340e+02 +3.912324340e+02 +7.014224340e+02 +7.014224340e+02 +4.7525e+00 -4.4220e-02 +4.0163e+00 +1.5326e+00 +2.7750e+00 -3.6240e+00 -1.3899e+00 +2.7877e+00 +2.3788e+00 +3.0110e+00
16 +2.282654732e+02 +2.282654732e+02 +5.384554732e+02 +5.384554732e+02 -1.2243e-01 +9.8446e-02 +3.1398e+00 +3.3777e-01 -3.3410e+00 -1.5875e+00 +2.2575e+00 -1.1734e+00 +9.5032e-01 -5.5158e-01
122 +1.485303208e+02 +1.485303208e+02 +4.587203208e+02 +4.587203208e+02 +1.0711e-01 +1.6002e+00 -3.3294e+00 -3.2883e+00 -3.6688e-01 -1.3222e-01 +7.1154e-01 +3.2347e-01 +1.4718e+00 -8.0928e-02
