% function evaluation | noise-free fitness - Fopt (-1.000000000000e+03) | best noise-free fitness - Fopt | measured fitness | best measured fitness | x1 | x2...
1 +8.586928139e+01 +8.586928139e+01 -9.141307186e+02 -9.141307186e+02 +4.0567e+00 +4.6263e+00 -3.6509e+00 -2.3725e+00 +3.4111e+00
3 +5.744988030e+01 +5.744988030e+01 -9.425501197e+02 -9.425501197e+02 +4.1696e+00 -3.5037e+00 +2.9085e+00 +2.0580e+00 +3.6651e-01
40 +2.974147776e+01 +2.974147776e+01 -9.702585222e+02 -9.702585222e+02 -2.1045e+00 -3.1095e+00 +2.7034e+00 +3.7418e+00 -4.1513e+00
43 +1.917335414e+01 +1.917335414e+01 -9.808266459e+02 -9.808266459e+02 -8.3038e-01 -2.6836e+00 +4.3785e+00 +2.5137e+00 -3.1419e+00
130 +1.108109380e+01 +1.108109380e+01 -9.889189062e+02 -9.889189062e+02 -3.7981e+00 -3.1817e+00 +3.9184e+00 +2.7013e+00 -3.1945e+00
204 +3.648611136e+00 +3.648611136e+00 -9.963513889e+02 -9.963513889e+02 -2.0670e+00 -2.3255e+00 +4.4431e+00 +1.0321e+00 -4.4178e+00
% function evaluation | noise-free fitness - Fopt (1.000000000000e+03) | best noise-free fitness - Fopt | measured fitness | best measured fitness | x1 | x2...
1 +8.295550301e+01 +8.295550301e+01 +1.082955503e+03 +1.082955503e+03 -2.8923e+00 +2.8596e+00 +1.6151e+00 -3.2759e+00 -4.6768e+00
3 +4.963069475e+01 +4.963069475e+01 +1.049630695e+03 +1.049630695e+03 -1.8257e+00 -1.4220e-01 +4.5880e+00 +5.6445e-01 -4.4984e+00
50 +2.571206460e+01 +2.571206460e+01 +1.025712065e+03 +1.025712065e+03 -4.0629e-01 -3.9085e-01 -2.2276e+00 +1.9739e+00 -5.0000e+00
91 +2.313380804e+01 +2.313380804e+01 +1.023133808e+03 +1.023133808e+03 +8.7276e-01 -1.0512e+00 +0.0000e+00 +3.5042e+00 -5.0000e+00
195 +1.419469757e+01 +1.419469757e+01 +1.014194698e+03 +1.014194698e+03 -9.2017e-01 -1.9950e+00 -1.4963e+00 +2.7494e+00 +0.0000e+00
204 +7.900722591e+00 +7.900722591e+00 +1.007900723e+03 +1.007900723e+03 -2.9943e-01 -9.9787e-01 -2.3029e+00 +3.2442e+00 -1.8732e+00
339 +2.044734206e+00 +2.044734206e+00 +1.002044734e+03 +1.002044734e+03 -1.3506e-01 -2.1309e-01 -1.9849e+00 +3.2941e+00 -2.4697e+00
414 +6.400147726e-01 +6.400147726e-01 +1.000640015e+03 +1.000640015e+03 -1.0097e-01 -6.8301e-01 -1.5510e+00 +2.8976e+00 -3.4523e+00
574 +2.194653937e-02 +2.194653937e-02 +1.000021947e+03 +1.000021947e+03 -6.0842e-01 -1.0071e+00 -1.8393e+00 +2.9194e+00 -2.4819e+00
1059 +1.372229583e-03 +1.372229583e-03 +1.000001372e+03 +1.000001372e+03 -6.6451e-01 -1.3477e+00 -1.9035e+00 +2.6654e+00 -2.6248e+00
1474 +6.313910739e-04 +6.313910739e-04 +1.000000631e+03 +1.000000631e+03 -6.1466e-01 -1.4484e+00 -1.9007e+00 +2.6777e+00 -2.2729e+00
1970 +3.726909612e-04 +3.726909612e-04 +1.000000373e+03 +1.000000373e+03 -6.1764e-01 -1.4481e+00 -1.9017e+00 +2.6435e+00 -2.3811e+00
1989 +2.507523450e-04 +2.507523450e-04 +1.000000251e+03 +1.000000251e+03 -6.5817e-01 -1.3833e+00 -1.9074e+00 +2.7104e+00 -2.2735e+00
2050 +1.531012307e-04 +1.531012307e-04 +1.000000153e+03 +1.000000153e+03 -6.4426e-01 -1.3720e+00 -1.9068e+00 +2.6945e+00 -2.3758e+00
2210 +9.282262306e-05 +9.282262306e-05 +1.000000093e+03 +1.000000093e+03 -6.4278e-01 -1.3473e+00 -1.9172e+00 +2.7186e+00 -2.3273e+00
2910 +6.267808226e-05 +6.267808226e-05 +1.000000063e+03 +1.000000063e+03 -6.9107e-01 -1.4124e+00 -2.0766e+00 +2.5800e+00 -2.4168e+00
2980 +4.687443493e-06 +4.687443493e-06 +1.000000005e+03 +1.000000005e+03 -6.9835e-01 -1.4109e+00 -2.0115e+00 +2.6076e+00 -2.3939e+00
3020 +1.213455903e-06 +1.213455903e-06 +1.000000001e+03 +1.000000001e+03 -7.3771e-01 -1.4272e+00 -2.0657e+00 +2.5914e+00 -2.3319e+00
3220 +5.080214578e-07 +5.080214578e-07 +1.000000001e+03 +1.000000001e+03 -7.3524e-01 -1.4325e+00 -2.0820e+00 +2.5842e+00 -2.3238e+00
4333 +2.804969199e-07 +2.804969199e-07 +1.000000000e+03 +1.000000000e+03 -7.0491e-01 -1.3914e+00 -2.0403e+00 +2.6171e+00 -2.3868e+00
4466 +2.441836386e-07 +2.441836386e-07 +1.000000000e+03 +1.000000000e+03 -7.0110e-01 -1.4131e+00 -2.0381e+00 +2.6104e+00 -2.3608e+00
4959 +1.032714181e-07 +1.032714181e-07 +1.000000000e+03 +1.000000000e+03 -7.0259e-01 -1.4020e+00 -2.0353e+00 +2.6123e+00 -2.3803e+00
% function evaluation | noise-free fitness - Fopt (-4.913000000000e+01) | best noise-free fitness - Fopt | measured fitness | best measured fitness | x1 | x2...
1 +7.089425880e+01 +7.089425880e+01 +2.176425880e+01 +2.176425880e+01 -1.3321e+00 +5.3434e-01 +1.6785e+00 -3.7437e-01 -2.1072e+00
29 +5.963285237e+01 +5.963285237e+01 +1.050285237e+01 +1.050285237e+01 +4.0508e+00 -3.0589e+00 +8.7584e-01 -3.1516e+00 +3.8971e-01
38 +2.830426452e+00 +2.830426452e+00 -4.629957355e+01 -4.629957355e+01 +4.9706e+00 +3.6123e+00 +3.5426e+00 -9.5897e-01 +1.1846e+00
241 +2.250386133e+00 +2.250386133e+00 -4.687961387e+01 -4.687961387e+01 +4.9658e+00 +4.8699e+00 +3.4338e+00 -1.6821e+00 +1.0244e+00
263 +1.228935034e+00 +1.228935034e+00 -4.790106497e+01 -4.790106497e+01 +4.9604e+00 +4.7716e+00 +3.4222e+00 -7.7980e-01 +1.2111e+00
291 +9.841586977e-01 +9.841586977e-01 -4.814584130e+01 -4.814584130e+01 +3.8557e+00 +4.8251e+00 +3.5408e+00 -5.7561e-01 +6.3172e-01
343 +5.368862934e-01 +5.368862934e-01 -4.859311371e+01 -4.859311371e+01 +4.1907e+00 +4.8404e+00 +3.7610e+00 -5.6747e-01 +8.8123e-01
398 +3.841534856e-01 +3.841534856e-01 -4.874584651e+01 -4.874584651e+01 +4.2916e+00 +4.6855e+00 +3.6349e+00 -5.1513e-01 +7.7512e-01
461 +1.905212699e-01 +1.905212699e-01 -4.893947873e+01 -4.893947873e+01 +4.3318e+00 +4.6644e+00 +4.2440e+00 -1.0079e-01 +6.3688e-01
464 +1.237123440e-01 +1.237123440e-01 -4.900628766e+01 -4.900628766e+01 +4.4138e+00 +4.7915e+00 +3.8303e+00 -5.1934e-01 +7.8963e-01
624 +5.780967052e-02 +5.780967052e-02 -4.907219033e+01 -4.907219033e+01 +4.4244e+00 +4.7387e+00 +3.9298e+00 -3.3846e-01 +8.8375e-01
1187 +3.389332643e-02 +3.389332643e-02 -4.909610667e+01 -4.909610667e+01 +4.5531e+00 +4.6048e+00 +4.1309e+00 -3.7260e-02 +9.0004e-01
1304 +1.670420809e-02 +1.670420809e-02 -4.911329579e+01 -4.911329579e+01 +4.5004e+00 +4.2186e+00 +3.7705e+00 -2.5715e-01 +1.0213e+00
1566 +1.423084874e-02 +1.423084874e-02 -4.911576915e+01 -4.911576915e+01 +4.4374e+00 +4.0754e+00 +3.7648e+00 -3.2565e-01 +1.0257e+00
1706 +2.926006205e-03 +2.926006205e-03 -4.912707399e+01 -4.912707399e+01 +4.1953e+00 +3.3497e+00 +3.6082e+00 -1.0738e-01 +1.0213e+00
2200 +2.354128895e-03 +2.354128895e-03 -4.912764587e+01 -4.912764587e+01 +4.1953e+00 +3.3587e+00 +3.5937e+00 -1.0816e-01 +1.0176e+00
2578 +1.026614385e-03 +1.026614385e-03 -4.912897339e+01 -4.912897339e+01 +4.0356e+00 +2.9412e+00 +3.4471e+00 -1.1907e-01 +1.0284e+00
2658 +8.249355003e-04 +8.249355003e-04 -4.912917506e+01 -4.912917506e+01 +3.9321e+00 +2.9413e+00 +3.5020e+00 -4.3200e-02 +9.6380e-01
2726 +3.435289214e-04 +3.435289214e-04 -4.912965647e+01 -4.912965647e+01 +3.9690e+00 +3.1647e+00 +3.5579e+00 +1.4868e-03 +9.1516e-01
2920 +2.066975376e-04 +2.066975376e-04 -4.912979330e+01 -4.912979330e+01 +3.9575e+00 +3.1049e+00 +3.5594e+00 +2.9210e-02 +9.2790e-01
3560 +1.581260955e-04 +1.581260955e-04 -4.912984187e+01 -4.912984187e+01 +3.9657e+00 +3.1129e+00 +3.5392e+00 +2.0445e-02 +9.4489e-01
3587 +9.899021367e-05 +9.899021367e-05 -4.912990101e+01 -4.912990101e+01 +3.8729e+00 +2.9633e+00 +3.4337e+00 -1.8076e-02 +9.5946e-01
3720 +3.662514800e-05 +3.662514800e-05 -4.912996337e+01 -4.912996337e+01 +3.9030e+00 +2.9895e+00 +3.4656e+00 +2.3907e-03 +9.4698e-01
% function evaluation | noise-free fitness - Fopt (2.977300000000e+02) | best noise-free fitness - Fopt | measured fitness | best measured fitness | x1 | x2...
1 +8.413186321e+01 +8.413186321e+01 +3.818618632e+02 +3.818618632e+02 -1.2651e+00 +8.5688e-01 -3.1454e+00 -4.0977e+00 -3.5103e+00
13 +4.074840023e+01 +4.074840023e+01 +3.384784002e+02 +3.384784002e+02 -6.5915e-01 +4.7680e+00 +6.8459e-01 +4.2842e+00 -2.5326e+00
23 +2.621984367e+01 +2.621984367e+01 +3.239498437e+02 +3.239498437e+02 -6.8089e-01 +4.0812e+00 +3.1801e+00 -2.4346e+00 +2.1660e+00
85 +1.916775042e+01 +1.916775042e+01 +3.168977504e+02 +3.168977504e+02 -1.2900e-01 +3.2147e+00 +2.9596e+00 -2.3358e+00 -9.7399e-01
96 +1.248103385e+01 +1.248103385e+01 +3.102110339e+02 +3.102110339e+02 -2.9510e-01 +3.2731e+00 +2.8386e+00 -3.9496e+00 +7.8704e-01
122 +7.651261121e+00 +7.651261121e+00 +3.053812611e+02 +3.053812611e+02 +2.6980e+00 +3.6254e+00 +3.2599e+00 -3.3899e+00 +0.0000e+00
126 +4.717732836e+00 +4.717732836e+00 +3.024477328e+02 +3.024477328e+02 +0.0000e+00 +3.6787e+00 +3.8535e+00 -3.6555e+00 +7.6187e-02
199 +2.743499663e+00 +2.743499663e+00 +3.004734997e+02 +3.004734997e+02 +4.2719e-01 +2.5985e+00 +3.5462e+00 -2.9836e+00 +2.1585e-01
339 +2.267734995e+00 +2.267734995e+00 +2.999977350e+02 +2.999977350e+02 +9.3795e-01 +3.3671e+00 +3.7210e+00 -3.1018e+00 +1.2988e+00
565 +1.297544273e+00 +1.297544273e+00 +2.990275443e+02 +2.990275443e+02 +1.0976e+00 +3.4467e+00 +3.3892e+00 -2.9956e+00 +5.5374e-01
758 +8.057265319e-01 +8.057265319e-01 +2.985357265e+02 +2.985357265e+02 +1.2785e+00 +3.5273e+00 +3.7043e+00 -3.2780e+00 +3.9956e-01
% function evaluation | noise-free fitness - Fopt (5.157000000000e+01) | best noise-free fitness - Fopt | measured fitness | best measured fitness | x1 | x2...
1 +6.669027699e+01 +6.669027699e+01 +1.182602770e+02 +1.182602770e+02 -1.5633e+00 -1.5817e+00 -2.6316e+00 -2.7106e+00 -5.0992e-01
9 +5.702640175e+01 +5.702640175e+01 +1.085964018e+02 +1.085964018e+02 +1.1009e+00 -3.2804e+00 +2.3372e+00 +1.9163e-01 -4.0510e+00
29 +3.775129696e+01 +3.775129696e+01 +8.932129696e+01 +8.932129696e+01 +6.1476e-01 -2.3067e+00 -5.4319e-01 -2.9766e+00 +1.6575e+00
81 +1.502903369e+01 +1.502903369e+01 +6.659903369e+01 +6.659903369e+01 +4.0272e+00 -1.2369e+00 -3.1341e+00 -1.0478e+00 +2.9248e+00
92 +5.083175102e+00 +5.083175102e+00 +5.665317510e+01 +5.665317510e+01 +3.7834e+00 -7.2756e-01 -2.3991e+00 -8.1469e-01 +1.3407e+00
166 +2.141391034e+00 +2.141391034e+00 +5.371139103e+01 +5.371139103e+01 +2.9521e+00 +1.5853e-01 -1.6623e+00 -1.4925e+00 +1.8511e+00
288 +1.526559094e+00 +1.526559094e+00 +5.309655909e+01 +5.309655909e+01 +2.5286e+00 -6.8973e-01 -1.1240e+00 -1.9191e+00 +2.0577e+00
580 +2.961739539e-01 +2.961739539e-01 +5.186617395e+01 +5.186617395e+01 +2.3571e+00 +9.5915e-01 -1.9478e+00 -1.6336e+00 +1.7161e+00
1014 +1.040864344e-01 +1.040864344e-01 +5.167408643e+01 +5.167408643e+01 +2.1699e+00 +9.0381e-02 -1.5326e+00 -2.1139e+00 +1.8269e+00
1149 +5.355406461e-02 +5.355406461e-02 +5.162355406e+01 +5.162355406e+01 +2.1633e+00 +1.2052e-01 -1.7047e+00 -2.1612e+00 +1.5806e+00
1168 +2.063809305e-02 +2.063809305e-02 +5.159063809e+01 +5.159063809e+01 +2.2543e+00 +1.4324e-02 -1.7979e+00 -2.2051e+00 +1.6336e+00
1841 +1.204221032e-02 +1.204221032e-02 +5.158204221e+01 +5.158204221e+01 +2.1955e+00 +2.0227e-01 -2.0760e+00 -2.3741e+00 +1.6697e+00
1999 +5.553787986e-03 +5.553787986e-03 +5.157555379e+01 +5.157555379e+01 +2.1313e+00 +1.4814e+00 -2.3083e+00 -1.7483e+00 +1.3672e+00
2260 +3.738796246e-03 +3.738796246e-03 +5.157373880e+01 +5.157373880e+01 +2.0657e+00 +1.0603e+00 -2.1360e+00 -1.9311e+00 +1.4889e+00
2378 +8.579347765e-04 +8.579347765e-04 +5.157085793e+01 +5.157085793e+01 +2.0958e+00 +9.2455e-01 -2.0812e+00 -1.9064e+00 +1.3943e+00
2938 +2.147321974e-04 +2.147321974e-04 +5.157021473e+01 +5.157021473e+01 +2.0504e+00 +1.1488e+00 -2.1147e+00 -1.8809e+00 +1.4290e+00
3018 +8.364635550e-05 +8.364635550e-05 +5.157008365e+01 +5.157008365e+01 +2.0260e+00 +1.1592e+00 -2.1159e+00 -1.8802e+00 +1.3991e+00
3138 +2.672966701e-05 +2.672966701e-05 +5.157002673e+01 +5.157002673e+01 +2.0676e+00 +1.1305e+00 -2.1117e+00 -1.8772e+00 +1.3968e+00
3338 +2.437778353e-05 +2.437778353e-05 +5.157002438e+01 +5.157002438e+01 +2.0702e+00 +1.1064e+00 -2.1091e+00 -1.8731e+00 +1.4034e+00
4239 +2.838555865e-06 +2.838555865e-06 +5.157000284e+01 +5.157000284e+01 +2.0801e+00 +1.1116e+00 -2.1585e+00 -1.8893e+00 +1.3793e+00
4298 +1.896871410e-06 +1.896871410e-06 +5.157000190e+01 +5.157000190e+01 +2.0814e+00 +1.1137e+00 -2.1535e+00 -1.8870e+00 +1.3908e+00
% function evaluation | noise-free fitness - Fopt (3.943000000000e+01) | best noise-free fitness - Fopt | measured fitness | best measured fitness | x1 | x2...
1 +7.825939975e+01 +7.825939975e+01 +1.176893997e+02 +1.176893997e+02 +1.2705e+00 -6.1971e-01 -2.5419e+00 -8.5687e-01 -4.1912e+00
6 +6.229849408e+01 +6.229849408e+01 +1.017284941e+02 +1.017284941e+02 -3.5457e+00 +4.2634e+00 +2.9446e+00 +4.2812e+00 -1.2396e-01
12 +2.762050720e+01 +2.762050720e+01 +6.705050720e+01 +6.705050720e+01 +3.6952e-01 +4.3217e+00 -1.2913e+00 -2.4978e+00 +2.6406e+00
55 +2.507418911e+01 +2.507418911e+01 +6.450418911e+01 +6.450418911e+01 -4.5693e-01 +2.5246e+00 -2.0579e+00 -1.7165e+00 +5.0000e+00
92 +1.367391038e+01 +1.367391038e+01 +5.310391038e+01 +5.310391038e+01 +2.8891e+00 +3.5919e+00 -1.2412e+00 +3.0456e-01 +2.4744e+00
126 +7.953732268e+00 +7.953732268e+00 +4.738373227e+01 +4.738373227e+01 +1.7290e+00 +4.0546e+00 -6.7642e-01 -5.6953e-01 +2.6798e+00
243 +5.963933183e+00 +5.963933183e+00 +4.539393318e+01 +4.539393318e+01 +7.4386e-01 +1.8530e+00 -6.2812e-01 -6.2790e-01 +2.8242e+00
336 +3.298965545e+00 +3.298965545e+00 +4.272896554e+01 +4.272896554e+01 +5.0322e-01 +2.5364e+00 -1.5233e+00 -1.1819e+00 +2.8263e+00
382 +2.262952948e+00 +2.262952948e+00 +4.169295295e+01 +4.169295295e+01 +1.2772e+00 +2.2528e+00 -5.6435e-01 -5.2634e-01 +3.1535e+00
808 +1.220052928e+00 +1.220052928e+00 +4.065005293e+01 +4.065005293e+01 +1.3379e+00 +2.6340e+00 -9.6262e-01 -8.5214e-01 +3.0333e+00
1001 +9.938308826e-01 +9.938308826e-01 +4.042383088e+01 +4.042383088e+01 +1.3177e+00 +2.7109e+00 -1.1018e+00 -9.5559e-01 +2.9109e+00
% function evaluation | noise-free fitness - Fopt (1.322900000000e+02) | best noise-free fitness - Fopt | measured fitness | best measured fitness | x1 | x2...
1 +7.678817076e+01 +7.678817076e+01 +2.090781708e+02 +2.090781708e+02 -4.3982e+00 -4.3801e+00 +3.7053e+00 +2.0186e+00 +3.0435e+00
9 +2.475441263e+01 +2.475441263e+01 +1.570444126e+02 +1.570444126e+02 +2.5325e+00 -4.6548e+00 -3.1940e+00 -2.0887e+00 +4.8739e+00
53 +1.558511639e+01 +1.558511639e+01 +1.478751164e+02 +1.478751164e+02 -2.9651e+00 -3.2252e+00 -1.3783e+00 -7.3885e-01 -1.3390e+00
99 +1.906062743e+00 +1.906062743e+00 +1.341960627e+02 +1.341960627e+02 -1.7521e+00 -6.0288e-01 -1.4518e+00 -5.2911e-01 -3.7254e+00
218 +9.694855520e-01 +9.694855520e-01 +1.332594856e+02 +1.332594856e+02 -2.6751e+00 -9.3240e-01 -1.7932e+00 -4.8029e-01 -3.9166e+00
247 +4.849327264e-01 +4.849327264e-01 +1.327749327e+02 +1.327749327e+02 -2.6490e+00 -2.9221e-01 -1.9193e+00 -1.4618e-01 -3.2285e+00
418 +1.381327397e-01 +1.381327397e-01 +1.324281327e+02 +1.324281327e+02 -2.3932e+00 -3.6764e-01 -1.7647e+00 +1.1878e-01 -3.0945e+00
978 +7.218397062e-02 +7.218397062e-02 +1.323621840e+02 +1.323621840e+02 -2.6598e+00 -1.4045e+00 -1.6951e+00 -8.2770e-01 -3.3289e+00
1141 +6.091420482e-02 +6.091420482e-02 +1.323509142e+02 +1.323509142e+02 -2.5580e+00 -1.2175e+00 -1.6362e+00 -7.3499e-01 -3.1182e+00
1344 +3.764326644e-02 +3.764326644e-02 +1.323276433e+02 +1.323276433e+02 -2.5784e+00 -1.4406e+00 -1.8231e+00 -4.6746e-01 -3.0088e+00
1698 +1.274472013e-02 +1.274472013e-02 +1.323027447e+02 +1.323027447e+02 -2.4717e+00 -1.4636e+00 -1.6745e+00 -7.9435e-01 -3.2770e+00
1901 +8.629219843e-03 +8.629219843e-03 +1.322986292e+02 +1.322986292e+02 -2.4787e+00 -1.4211e+00 -1.6718e+00 -7.8255e-01 -3.3327e+00
2189 +2.323336566e-03 +2.323336566e-03 +1.322923233e+02 +1.322923233e+02 -2.3673e+00 -7.3745e-01 -1.6144e+00 -3.3706e-01 -2.9425e+00
2608 +1.452779091e-03 +1.452779091e-03 +1.322914528e+02 +1.322914528e+02 -2.4086e+00 -7.0508e-01 -1.6641e+00 -3.0403e-01 -2.9825e+00
2789 +7.319936121e-04 +7.319936121e-04 +1.322907320e+02 +1.322907320e+02 -2.3119e+00 -7.0012e-01 -1.6264e+00 -2.6951e-01 -2.8860e+00
3161 +4.201967883e-04 +4.201967883e-04 +1.322904202e+02 +1.322904202e+02 -2.3056e+00 -5.2704e-01 -1.6412e+00 -1.7916e-01 -2.9265e+00
3242 +2.354087232e-04 +2.354087232e-04 +1.322902354e+02 +1.322902354e+02 -2.3128e+00 -3.7299e-01 -1.6591e+00 -1.3588e-01 -2.9591e+00
3549 +1.095515928e-04 +1.095515928e-04 +1.322901096e+02 +1.322901096e+02 -2.2967e+00 -4.3414e-01 -1.6446e+00 -1.9729e-01 -2.9636e+00
4232 +3.225399891e-05 +3.225399891e-05 +1.322900323e+02 +1.322900323e+02 -2.2363e+00 -4.2886e-01 -1.5943e+00 -2.3984e-01 -2.9786e+00
4607 +8.973334218e-06 +8.973334218e-06 +1.322900090e+02 +1.322900090e+02 -2.1925e+00 -3.0807e-01 -1.5672e+00 -2.2811e-01 -2.9749e+00
% function evaluation | noise-free fitness - Fopt (-4.871000000000e+01) | best noise-free fitness - Fopt | measured fitness | best measured fitness | x1 | x2...
1 +8.081750629e+01 +8.081750629e+01 +3.210750629e+01 +3.210750629e+01 +2.0729e-01 +1.8793e-01 -3.9316e+00 -3.2909e+00 -4.2134e+00
2 +3.460517482e+01 +3.460517482e+01 -1.410482518e+01 -1.410482518e+01 -5.4416e-01 -2.3542e-02 -3.0593e+00 +1.9641e+00 -3.9386e+00
122 +7.740117387e+00 +7.740117387e+00 -4.096988261e+01 -4.096988261e+01 +3.7641e+00 +4.2565e+00 +8.1165e-01 -2.8809e-01 -3.0703e+00
253 +1.382021437e+00 +1.382021437e+00 -4.732797856e+01 -4.732797856e+01 +3.6387e+00 +4.0729e+00 +1.1208e+00 +1.5585e+00 -2.8282e+00
300 +2.840249847e-01 +2.840249847e-01 -4.842597502e+01 -4.842597502e+01 +3.2672e+00 +4.3393e+00 +8.4621e-01 +1.4338e+00 -2.5285e+00
572 +9.766838032e-02 +9.766838032e-02 -4.861233162e+01 -4.861233162e+01 +2.9605e+00 +4.3999e+00 +6.3233e-01 +1.5686e+00 -2.4088e+00
855 +3.972724036e-02 +3.972724036e-02 -4.867027276e+01 -4.867027276e+01 +3.1368e+00 +5.0000e+00 +6.9325e-01 +1.6531e+00 -2.9023e+00
1172 +2.139680580e-02 +2.139680580e-02 -4.868860319e+01 -4.868860319e+01 +3.1030e+00 +5.0000e+00 +6.3675e-01 +1.6239e+00 -2.7290e+00
1597 +1.376127442e-02 +1.376127442e-02 -4.869623873e+01 -4.869623873e+01 +3.0816e+00 +4.8994e+00 +6.1743e-01 +1.5017e+00 -2.6963e+00
1742 +9.772554723e-03 +9.772554723e-03 -4.870022745e+01 -4.870022745e+01 +3.0284e+00 +4.7832e+00 +6.2185e-01 +1.4862e+00 -2.6111e+00
2013 +6.299142676e-03 +6.299142676e-03 -4.870370086e+01 -4.870370086e+01 +3.0945e+00 +4.7941e+00 +6.6147e-01 +1.5603e+00 -2.6686e+00
2714 +3.937901703e-03 +3.937901703e-03 -4.870606210e+01 -4.870606210e+01 +3.1064e+00 +4.6725e+00 +6.8844e-01 +1.6737e+00 -2.6559e+00
3944 +2.460489993e-03 +2.460489993e-03 -4.870753951e+01 -4.870753951e+01 +3.2223e+00 +4.5421e+00 +7.9538e-01 +1.6918e+00 -2.8559e+00
4209 +1.548208991e-03 +1.548208991e-03 -4.870845179e+01 -4.870845179e+01 +3.2241e+00 +4.4716e+00 +8.2187e-01 +1.6997e+00 -2.8659e+00
4654 +9.999539884e-04 +9.999539884e-04 -4.870900005e+01 -4.870900005e+01 +3.2741e+00 +4.4341e+00 +8.9734e-01 +1.6207e+00 -3.0766e+00
% function evaluation | noise-free fitness - Fopt (-2.833000000000e+01) | best noise-free fitness - Fopt | measured fitness | best measured fitness | x1 | x2...
1 +7.334218603e+01 +7.334218603e+01 +4.501218603e+01 +4.501218603e+01 -2.3908e+00 +2.3761e+00 +4.9001e+00 -3.5513e+00 -2.0167e+00
2 +6.006494182e+01 +6.006494182e+01 +3.173494182e+01 +3.173494182e+01 -2.1070e-01 +1.1851e+00 -2.9123e+00 -1.0957e+00 -4.0089e+00
53 +9.670298241e+00 +9.670298241e+00 -1.865970176e+01 -1.865970176e+01 +3.9856e+00 +2.9418e+00 +1.5506e+00 +2.8677e-01 -5.5351e-01
206 +2.630356271e+00 +2.630356271e+00 -2.569964373e+01 -2.569964373e+01 +2.1361e+00 +1.5825e+00 +2.6685e+00 -1.5727e+00 -9.9416e-01
447 +1.076542083e+00 +1.076542083e+00 -2.725345792e+01 -2.725345792e+01 +2.2123e+00 +1.9187e+00 +2.1917e+00 -1.6026e+00 -8.1077e-01
669 +9.116076206e-01 +9.116076206e-01 -2.741839238e+01 -2.741839238e+01 +2.0605e+00 +3.3452e+00 +2.0758e+00 -4.0532e-01 -4.7557e-01
800 +5.752005227e-01 +5.752005227e-01 -2.775479948e+01 -2.775479948e+01 +2.8090e+00 +1.4018e+00 +2.1196e+00 -1.4575e+00 +1.1820e-01
1054 +3.665513870e-01 +3.665513870e-01 -2.796344861e+01 -2.796344861e+01 +2.4378e+00 +1.0944e+00 +2.6764e+00 -1.8767e+00 +2.2105e-01
1180 +1.181748673e-01 +1.181748673e-01 -2.821182513e+01 -2.821182513e+01 +2.7918e+00 +2.2609e+00 +2.0295e+00 -8.8986e-01 -1.9500e-01
1739 +8.734732283e-02 +8.734732283e-02 -2.824265268e+01 -2.824265268e+01 +2.8781e+00 +2.2298e+00 +2.0335e+00 -9.5699e-01 +2.7687e-03
1909 +5.152064213e-02 +5.152064213e-02 -2.827847936e+01 -2.827847936e+01 +2.6574e+00 +1.8396e+00 +2.0378e+00 -1.3474e+00 -6.2904e-01
1924 +2.574230227e-02 +2.574230227e-02 -2.830425770e+01 -2.830425770e+01 +2.5451e+00 +2.1710e+00 +2.1928e+00 -1.1750e+00 -1.8794e-01
2444 +2.486768334e-02 +2.486768334e-02 -2.830513232e+01 -2.830513232e+01 +2.5278e+00 +2.1707e+00 +2.1677e+00 -1.1015e+00 -2.3114e-01
2866 +1.502225744e-02 +1.502225744e-02 -2.831497774e+01 -2.831497774e+01 +2.6073e+00 +2.1777e+00 +2.1246e+00 -1.1330e+00 -6.1710e-02
3369 +8.362332453e-03 +8.362332453e-03 -2.832163767e+01 -2.832163767e+01 +2.5922e+00 +1.9521e+00 +2.0896e+00 -1.3192e+00 -6.6751e-02
3449 +5.749229618e-03 +5.749229618e-03 -2.832425077e+01 -2.832425077e+01 +2.5958e+00 +1.9250e+00 +2.0995e+00 -1.3265e+00 -1.0480e-01
3839 +3.859576346e-03 +3.859576346e-03 -2.832614042e+01 -2.832614042e+01 +2.5882e+00 +1.9056e+00 +2.1787e+00 -1.3383e+00 -4.9744e-02
4604 +2.161943924e-03 +2.161943924e-03 -2.832783806e+01 -2.832783806e+01 +2.5069e+00 +1.7520e+00 +2.2270e+00 -1.4811e+00 +1.5741e-02
% function evaluation | noise-free fitness - Fopt (-1.516100000000e+02) | best noise-free fitness - Fopt | measured fitness | best measured fitness | x1 | x2...
1 +2.322208202e+01 +2.322208202e+01 -1.283879180e+02 -1.283879180e+02 +1.6344e+00 -2.5216e+00 -3.0196e+00 +2.7563e+00 +1.9184e+00
223 +8.244334603e+00 +8.244334603e+00 -1.433656654e+02 -1.433656654e+02 -2.1847e-01 -1.7068e+00 -5.0000e+00 +1.9156e+00 +3.4200e+00
342 +5.085815574e+00 +5.085815574e+00 -1.465241844e+02 -1.465241844e+02 -3.5241e-01 -8.8648e-01 -4.9897e+00 +7.7989e-01 +3.0398e+00
609 +2.163380963e+00 +2.163380963e+00 -1.494466190e+02 -1.494466190e+02 +6.8749e-03 -1.3562e+00 -4.6692e+00 +1.8646e+00 +2.3990e+00
% function evaluation | noise-free fitness - Fopt (-1.069900000000e+02) | best noise-free fitness - Fopt | measured fitness | best measured fitness | x1 | x2...
1 +8.159920900e+01 +8.159920900e+01 -2.539079100e+01 -2.539079100e+01 +1.8471e-01 +1.6610e+00 +4.7483e+00 +2.1972e+00 -3.5233e+00
2 +2.644032788e+01 +2.644032788e+01 -8.054967212e+01 -8.054967212e+01 -1.8918e-01 +2.1604e+00 +1.9153e+00 +1.7718e+00 +3.5919e+00
128 +1.757186789e+01 +1.757186789e+01 -8.941813211e+01 -8.941813211e+01 +9.9165e-01 +1.3769e+00 +2.3057e+00 +2.2732e+00 +3.3842e+00
148 +1.085288266e+01 +1.085288266e+01 -9.613711734e+01 -9.613711734e+01 -1.3025e+00 +1.9931e+00 +2.6321e+00 -8.8567e-01 +4.0787e+00
277 +9.354560341e+00 +9.354560341e+00 -9.763543966e+01 -9.763543966e+01 -1.2007e+00 +2.3957e+00 +3.3175e+00 -8.5117e-01 +4.0940e+00
500 +5.211031699e+00 +5.211031699e+00 -1.017789683e+02 -1.017789683e+02 -3.0023e+00 +3.7232e+00 +3.2492e+00 -5.7953e-01 +4.1253e+00
920 +3.128775862e+00 +3.128775862e+00 -1.038612241e+02 -1.038612241e+02 -2.7747e+00 +3.5505e+00 +3.3377e+00 -1.8540e-01 +4.2127e+00
% function evaluation | noise-free fitness - Fopt (1.000300000000e+02) | best noise-free fitness - Fopt | measured fitness | best measured fitness | x1 | x2...
1 +8.017602031e+01 +8.017602031e+01 +1.802060203e+02 +1.802060203e+02 -1.5611e+00 -4.8156e+00 -1.6000e+00 -2.2026e+00 -2.9414e+00
2 +5.482976293e+01 +5.482976293e+01 +1.548597629e+02 +1.548597629e+02 +5.2515e-02 +6.2280e-01 +1.1236e+00 +1.3168e+00 -4.4484e+00
10 +2.581231880e+01 +2.581231880e+01 +1.258423188e+02 +1.258423188e+02 -3.5385e+00 -9.9303e-01 -1.7408e+00 +9.6450e-01 -4.1221e+00
121 +1.645712053e+01 +1.645712053e+01 +1.164871205e+02 +1.164871205e+02 -2.4369e+00 -2.3125e+00 -1.9328e+00 +3.2924e+00 -5.0000e+00
164 +1.142012644e+01 +1.142012644e+01 +1.114501264e+02 +1.114501264e+02 -2.7584e+00 -3.8039e+00 +9.4547e-01 +3.6794e+00 -1.2009e+00
216 +7.660803094e+00 +7.660803094e+00 +1.076908031e+02 +1.076908031e+02 -8.1980e-02 +1.5228e-01 +5.8879e-01 +1.3315e+00 -3.5922e+00
354 +2.859055187e+00 +2.859055187e+00 +1.028890552e+02 +1.028890552e+02 +3.7053e+00 +8.5354e-01 -2.0635e+00 +5.1577e-01 -2.0209e+00
517 +2.400146679e+00 +2.400146679e+00 +1.024301467e+02 +1.024301467e+02 +2.4644e+00 +9.6934e-01 -2.9336e+00 +1.0966e+00 -1.6284e+00
878 +1.342443375e+00 +1.342443375e+00 +1.013724434e+02 +1.013724434e+02 +2.9073e+00 +1.5090e+00 -2.7270e+00 +7.9512e-01 -1.5174e+00
1297 +8.529385158e-01 +8.529385158e-01 +1.008829385e+02 +1.008829385e+02 +2.9992e+00 +1.3676e+00 -2.4635e+00 +7.9163e-01 -1.6892e+00
% function evaluation | noise-free fitness - Fopt (-2.788900000000e+02) | best noise-free fitness - Fopt | measured fitness | best measured fitness | x1 | x2...
1 +7.014237821e+01 +7.014237821e+01 -2.087476218e+02 -2.087476218e+02 -2.0694e+00 -1.2454e+00 +3.7327e+00 +3.2456e+00 -5.1479e-01
3 +2.190345202e+01 +2.190345202e+01 -2.569865480e+02 -2.569865480e+02 -3.5883e-02 -3.0831e+00 -2.0140e+00 +3.8232e+00 +3.3256e+00
168 +9.707093608e+00 +9.707093608e+00 -2.691829064e+02 -2.691829064e+02 -2.1236e-01 -4.1112e+00 +1.7676e-01 -2.6940e+00 +5.0440e-01
236 +3.842780574e+00 +3.842780574e+00 -2.750472194e+02 -2.750472194e+02 -5.0000e+00 -2.6314e+00 -1.1340e+00 -1.6205e+00 +2.0235e+00
313 +2.093418043e+00 +2.093418043e+00 -2.767965820e+02 -2.767965820e+02 -4.5953e+00 -2.5833e+00 -1.6664e+00 -6.7832e-01 +2.5265e+00
408 +1.279355252e+00 +1.279355252e+00 -2.776106447e+02 -2.776106447e+02 -2.9703e+00 -2.8168e+00 -9.4127e-01 -4.4336e-01 +2.3685e+00
687 +5.669052754e-01 +5.669052754e-01 -2.783230947e+02 -2.783230947e+02 -4.3191e+00 -2.7032e+00 -1.1957e+00 -7.5404e-01 +2.0215e+00
888 +3.453873482e-01 +3.453873482e-01 -2.785446127e+02 -2.785446127e+02 -3.9873e+00 -2.9337e+00 -7.5849e-01 -7.5187e-01 +2.0432e+00
942 +2.360591806e-01 +2.360591806e-01 -2.786539408e+02 -2.786539408e+02 -4.6311e+00 -3.0494e+00 -1.1522e+00 -3.6184e-01 +1.9658e+00
951 +1.404585403e-01 +1.404585403e-01 -2.787495415e+02 -2.787495415e+02 -4.2622e+00 -2.8627e+00 -1.1008e+00 -8.4714e-01 +2.1098e+00
1248 +7.846074024e-02 +7.846074024e-02 -2.788115393e+02 -2.788115393e+02 -4.5605e+00 -2.9326e+00 -1.1122e+00 -7.9256e-01 +2.1035e+00
1336 +5.782893972e-02 +5.782893972e-02 -2.788321711e+02 -2.788321711e+02 -4.6266e+00 -3.1322e+00 -9.5830e-01 -6.9903e-01 +1.9629e+00
1456 +3.541519392e-02 +3.541519392e-02 -2.788545848e+02 -2.788545848e+02 -4.6384e+00 -3.0633e+00 -9.5063e-01 -6.7156e-01 +1.9635e+00
1801 +1.839420854e-02 +1.839420854e-02 -2.788716058e+02 -2.788716058e+02 -4.6245e+00 -3.1153e+00 -8.4437e-01 -7.6310e-01 +1.9196e+00
1921 +1.520474007e-02 +1.520474007e-02 -2.788747953e+02 -2.788747953e+02 -4.6191e+00 -3.0940e+00 -8.2743e-01 -9.1969e-01 +1.9173e+00
2014 +5.037347809e-03 +5.037347809e-03 -2.788849627e+02 -2.788849627e+02 -4.7001e+00 -3.1659e+00 -6.9823e-01 -9.6043e-01 +1.8562e+00
2247 +3.893994632e-03 +3.893994632e-03 -2.788861060e+02 -2.788861060e+02 -4.8837e+00 -3.2045e+00 -6.5928e-01 -1.0768e+00 +1.8279e+00
2720 +1.530177624e-03 +1.530177624e-03 -2.788884698e+02 -2.788884698e+02 -4.5759e+00 -3.2347e+00 -4.9022e-01 -1.1801e+00 +1.8109e+00
3059 +8.879454116e-04 +8.879454116e-04 -2.788891121e+02 -2.788891121e+02 -4.4039e+00 -3.2581e+00 -4.2896e-01 -1.1639e+00 +1.8307e+00
3280 +4.546772913e-04 +4.546772913e-04 -2.788895453e+02 -2.788895453e+02 -4.3716e+00 -3.2796e+00 -3.8920e-01 -1.2223e+00 +1.8274e+00
3320 +3.304191829e-04 +3.304191829e-04 -2.788896696e+02 -2.788896696e+02 -4.3600e+00 -3.2984e+00 -3.9177e-01 -1.2187e+00 +1.8406e+00
3807 +2.504629075e-04 +2.504629075e-04 -2.788897495e+02 -2.788897495e+02 -4.3450e+00 -3.3073e+00 -3.6622e-01 -1.2351e+00 +1.8322e+00
4583 +1.583725423e-04 +1.583725423e-04 -2.788898416e+02 -2.788898416e+02 -4.3251e+00 -3.3589e+00 -2.8690e-01 -1.3035e+00 +1.8115e+00
4643 +4.218984799e-05 +4.218984799e-05 -2.788899578e+02 -2.788899578e+02 -4.2659e+00 -3.3623e+00 -2.2272e-01 -1.3394e+00 +1.7873e+00
4683 +2.785079960e-05 +2.785079960e-05 -2.788899721e+02 -2.788899721e+02 -4.2381e+00 -3.3712e+00 -1.8405e-01 -1.3645e+00 +1.7796e+00
% function evaluation | noise-free fitness - Fopt (5.142200000000e+02) | best noise-free fitness - Fopt | measured fitness | best measured fitness | x1 | x2...
1 +7.456612803e+01 +7.456612803e+01 +5.887861280e+02 +5.887861280e+02 -1.9612e+00 +4.1846e+00 -1.2681e+00 +2.5531e+00 -2.0050e-01
11 +4.245740334e+01 +4.245740334e+01 +5.566774033e+02 +5.566774033e+02 -7.1430e-01 -3.3356e+00 +9.1565e-01 +3.5935e+00 +2.5136e+00
31 +3.686586228e+01 +3.686586228e+01 +5.510858623e+02 +5.510858623e+02 +2.8839e+00 -1.4876e+00 -1.9950e+00 +1.7238e+00 +3.0849e+00
94 +1.741682731e+01 +1.741682731e+01 +5.316368273e+02 +5.316368273e+02 +3.2633e+00 -2.3857e+00 +2.5707e-01 +1.5061e+00 +2.7804e+00
234 +1.514086427e+01 +1.514086427e+01 +5.293608643e+02 +5.293608643e+02 +2.3386e+00 -2.4935e+00 +3.6701e-01 +1.4880e+00 +2.4509e+00
% function evaluation | noise-free fitness - Fopt (6.098800000000e+02) | best noise-free fitness - Fopt | measured fitness | best measured fitness | x1 | x2...
1 +7.624936366e+01 +7.624936366e+01 +6.861293637e+02 +6.861293637e+02 +6.2886e-01 +1.3180e+00 -3.3951e+00 -2.8912e+00 -4.6161e-01
2 +4.143290476e+01 +4.143290476e+01 +6.513129048e+02 +6.513129048e+02 -1.0746e+00 -4.2699e+00 +7.1628e-01 -3.4359e+00 +8.7277e-01
11 +3.070973868e+01 +3.070973868e+01 +6.405897387e+02 +6.405897387e+02 -1.2369e+00 +3.2218e+00 -4.3811e+00 +1.1755e+00 +3.5996e+00
63 +2.233626422e+01 +2.233626422e+01 +6.322162642e+02 +6.322162642e+02 -6.9225e-01 +4.8191e+00 -3.4111e+00 +2.1374e+00 +1.3181e+00
94 +1.086110783e+01 +1.086110783e+01 +6.207411078e+02 +6.207411078e+02 -3.3981e+00 +5.0000e+00 -2.9011e+00 +2.4825e+00 +1.8471e+00
136 +7.854099153e+00 +7.854099153e+00 +6.177340992e+02 +6.177340992e+02 -2.8218e+00 +5.0000e+00 -3.2560e+00 +2.7427e+00 +1.5332e+00
255 +3.006672009e+00 +3.006672009e+00 +6.128866720e+02 +6.128866720e+02 -2.5299e+00 +4.2247e+00 -3.4862e+00 +1.2171e+00 +1.6828e+00
443 +2.379722744e+00 +2.379722744e+00 +6.122597227e+02 +6.122597227e+02 -2.4956e+00 +4.4330e+00 -3.5531e+00 +1.5178e+00 +1.8231e+00
