% function evaluation | noise-free fitness - Fopt (2.997000000000e+01) | best noise-free fitness - Fopt | measured fitness | best measured fitness | x1 | x2...
1 +3.168141201e+03 +3.168141201e+03 +3.198111201e+03 +3.198111201e+03 +4.0761e+00 -1.6685e+00 +4.1529e-02 +4.7374e+00 -2.5583e+00 +3.9274e+00 -1.3485e-01 +3.7193e+00 -7.5821e-01 +3.7515e+00
5 +2.087549749e+03 +2.087549749e+03 +2.117519749e+03 +2.117519749e+03 +1.9185e+00 +5.0801e-02 -3.3994e+00 +1.6689e+00 -4.1418e+00 +4.9241e+00 +8.1433e-01 -2.9430e+00 +1.1887e+00 -2.7035e+00
15 +1.221448029e+03 +1.221448029e+03 +1.251418029e+03 +1.251418029e+03 -2.9992e-01 -2.3477e+00 -3.8172e+00 +2.4323e+00 +2.1738e+00 +1.2017e+00 -4.0902e+00 -1.2482e+00 -2.2206e+00 +4.5804e+00
224 +8.105660836e+02 +8.105660836e+02 +8.405360836e+02 +8.405360836e+02 +4.2482e-01 -1.3430e+00 -2.9492e+00 -4.3527e+00 +2.5458e-01 +3.2783e+00 -5.2783e-01 -1.9468e+00 +1.2579e-01 -5.9376e-01
2909 +5.950332825e+02 +5.950332825e+02 +6.250032825e+02 +6.250032825e+02 +3.1174e-01 -2.5010e+00 -1.0052e+00 -3.7428e-02 +3.8409e+00 +3.2003e+00 -3.2849e+00 -3.8621e+00 +6.3899e-01 -7.0682e-01
% function evaluation | noise-free fitness - Fopt (-5.171000000000e+01) | best noise-free fitness - Fopt | measured fitness | best measured fitness | x1 | x2...
1 +2.526434583e+03 +2.526434583e+03 +2.474724583e+03 +2.474724583e+03 +1.5770e+00 +9.8717e-01 +5.4573e-01 -1.2422e-01 +4.6575e+00 -3.5637e+00 -3.6773e+00 +2.6838e+00 -4.0871e-01 -4.9604e+00
5 +2.407308015e+03 +2.407308015e+03 +2.355598015e+03 +2.355598015e+03 +5.2657e-01 -1.6513e+00 +2.2249e-01 -3.6626e+00 +1.1775e+00 -4.2142e+00 +4.2089e+00 +4.9846e+00 -4.5221e-01 -1.9133e-01
9 +1.384012156e+03 +1.384012156e+03 +1.332302156e+03 +1.332302156e+03 -1.7886e+00 -2.3984e+00 -3.1697e+00 -4.3049e+00 +2.4625e+00 +3.0829e-01 +1.3880e+00 +4.4390e+00 -3.2875e+00 +8.2710e-01
337 +8.381391749e+02 +8.381391749e+02 +7.864291749e+02 +7.864291749e+02 +4.0568e+00 +2.5423e+00 -3.6707e+00 -4.6036e+00 +1.0086e+00 -4.3130e-01 -2.7801e+00 +5.4824e-01 -4.6848e+00 +2.8678e+00
% function evaluation | noise-free fitness - Fopt (-2.799500000000e+02) | best noise-free fitness - Fopt | measured fitness | best measured fitness | x1 | x2...
1 +2.511783860e+03 +2.511783860e+03 +2.231833860e+03 +2.231833860e+03 +3.2292e+00 -5.0222e-03 -2.7225e-01 +2.9372e+00 +8.1865e-01 +3.2328e+00 +7.0488e-01 -4.6125e+00 +5.2662e-01 -3.4103e+00
13 +1.493445761e+03 +1.493445761e+03 +1.213495761e+03 +1.213495761e+03 -4.4248e+00 -4.6042e+00 -6.5452e-01 +2.9035e+00 -7.6752e-01 +1.4362e+00 -2.3749e+00 +2.5839e-02 +4.2277e+00 -2.1580e+00
59 +7.720227542e+02 +7.720227542e+02 +4.920727542e+02 +4.920727542e+02 -1.7158e+00 -1.7303e+00 +6.9285e-01 +2.4343e-01 -4.1336e+00 -3.5905e+00 +8.4809e-01 +2.5766e+00 -1.4800e+00 +2.8977e-01
3230 +5.354159855e+02 +5.354159855e+02 +2.554659855e+02 +2.554659855e+02 -3.5481e+00 -3.1879e+00 +2.4456e+00 -1.5238e+00 -1.5112e+00 -6.5525e-01 -2.2462e+00 -1.4610e+00 +2.7382e+00 -3.8481e+00
% function evaluation | noise-free fitness - Fopt (9.319900000000e+02) | best noise-free fitness - Fopt | measured fitness | best measured fitness | x1 | x2...
1 +1.755363395e+03 +1.755363395e+03 +2.687353395e+03 +2.687353395e+03 -3.4523e+00 -2.7182e+00 -8.4779e-01 +4.4530e+00 +9.0541e-01 +8.2082e-01 +4.4172e-01 -4.7485e+00 -4.1003e+00 -2.3256e+00
12 +1.560798619e+03 +1.560798619e+03 +2.492788619e+03 +2.492788619e+03 -2.3322e+00 -4.4481e+00 +2.5870e+00 +4.8761e-01 +4.9400e+00 -2.9839e+00 +4.0023e+00 -2.7165e+00 -1.9425e+00 -2.9091e+00
482 +9.510848094e+02 +9.510848094e+02 +1.883074809e+03 +1.883074809e+03 +4.9722e+00 -1.4752e+00 +1.4081e+00 +1.5732e+00 +4.0930e+00 -1.2348e+00 +3.4826e+00 -1.7282e+00 -1.6307e+00 -1.1480e+00
% function evaluation | noise-free fitness - Fopt (1.133100000000e+02) | best noise-free fitness - Fopt | measured fitness | best measured fitness | x1 | x2...
1 +1.649947386e+03 +1.649947386e+03 +1.763257386e+03 +1.763257386e+03 +1.4095e+00 +3.7825e+00 +1.3086e+00 +1.2584e+00 -2.1015e+00 -4.9399e+00 -1.7050e+00 +1.5143e+00 -9.8034e-01 -2.4700e+00
3 +1.558055381e+03 +1.558055381e+03 +1.671365381e+03 +1.671365381e+03 +5.7319e-01 -1.4908e+00 +3.9196e+00 -1.3185e+00 -3.2140e+00 -6.0329e-01 -3.3382e+00 -4.4761e-01 +2.7222e+00 -4.8844e+00
508 +8.330215970e+02 +8.330215970e+02 +9.463315970e+02 +9.463315970e+02 +1.4077e+00 +2.3450e+00 +3.3835e+00 -3.7412e+00 +1.6797e-01 -1.1624e+00 -2.0052e+00 -1.8806e+00 +2.5443e-02 -3.4692e+00
% function evaluation | noise-free fitness - Fopt (-3.000200000000e+02) | best noise-free fitness - Fopt | measured fitness | best measured fitness | x1 | x2...
1 +1.649373566e+03 +1.649373566e+03 +1.349353566e+03 +1.349353566e+03 -1.9367e+00 +2.3114e+00 -2.4921e-01 -2.8643e+00 -3.3585e+00 +2.6391e+00 -1.2619e+00 +2.1477e+00 -6.9747e-01 -3.1249e+00
2 +1.491835963e+03 +1.491835963e+03 +1.191815963e+03 +1.191815963e+03 -2.5958e+00 +3.9335e+00 -7.4483e-01 -4.6142e+00 +6.0915e-01 +1.2069e+00 +1.1631e+00 +4.4557e+00 +3.2659e+00 +6.7014e-01
5 +9.297884050e+02 +9.297884050e+02 +6.297684050e+02 +6.297684050e+02 +1.3008e-01 -8.7078e-01 -4.4187e+00 -4.4062e+00 -4.6809e+00 +3.3226e-01 -1.2148e+00 -2.4087e-01 +2.1203e-01 -1.8628e+00
1678 +6.016917025e+02 +6.016917025e+02 +3.016717025e+02 +3.016717025e+02 +1.3289e+00 +1.7912e+00 -7.7770e-02 -2.6478e+00 +1.3169e+00 -2.7544e+00 +1.9382e+00 -9.7744e-01 +1.8003e+00 +1.0057e+00
% function evaluation | noise-free fitness - Fopt (4.471000000000e+01) | best noise-free fitness - Fopt | measured fitness | best measured fitness | x1 | x2...
1 +2.079710822e+03 +2.079710822e+03 +2.124420822e+03 +2.124420822e+03 +1.5420e+00 +2.9160e+00 +1.2899e+00 +4.2046e+00 +3.7091e-01 -9.3413e-01 -4.3015e+00 +3.0045e+00 +2.5888e+00 +2.1773e+00
3 +1.281249250e+03 +1.281249250e+03 +1.325959250e+03 +1.325959250e+03 +1.7103e+00 +2.6215e+00 +3.0912e+00 -1.2361e+00 +1.2096e+00 +5.9465e-01 +1.2659e+00 -1.2616e+00 -1.5266e+00 +4.3662e+00
42 +8.170554621e+02 +8.170554621e+02 +8.617654621e+02 +8.617654621e+02 +3.4540e+00 -5.0047e-02 +2.3213e+00 +1.0374e+00 +5.5278e-01 -3.7790e+00 +2.0638e+00 -1.3980e+00 -1.4893e+00 +4.6303e+00
% function evaluation | noise-free fitness - Fopt (-1.000000000000e+03) | best noise-free fitness - Fopt | measured fitness | best measured fitness | x1 | x2...
1 +1.680356659e+03 +1.680356659e+03 +6.803566593e+02 +6.803566593e+02 -8.3048e-01 +2.0300e+00 +4.5349e+00 -1.7464e+00 +2.3251e+00 -4.0887e+00 +1.9954e+00 -3.6605e+00 +4.4942e+00 +1.0715e+00
3 +1.365020891e+03 +1.365020891e+03 +3.650208909e+02 +3.650208909e+02 -1.9078e+00 +4.4621e+00 -1.6375e+00 -4.3654e+00 -2.7084e-01 -2.5426e+00 -3.5547e-01 +1.0225e-01 -8.8918e-01 -4.2767e+00
270 +9.199638945e+02 +9.199638945e+02 -8.003610554e+01 -8.003610554e+01 -5.4001e-01 +1.6470e+00 +1.9487e+00 -1.2990e+00 +3.1351e+00 -4.2964e+00 +1.9020e+00 -1.8287e+00 +5.1623e-02 +1.6627e+00
% function evaluation | noise-free fitness - Fopt (3.042000000000e+02) | best noise-free fitness - Fopt | measured fitness | best measured fitness | x1 | x2...
1 +2.403489595e+03 +2.403489595e+03 +2.707689595e+03 +2.707689595e+03 -1.2558e+00 +1.0470e+00 -3.6771e+00 -1.8479e+00 +4.7013e+00 +2.6105e+00 +1.9952e+00 -1.9903e-01 -2.7234e+00 +2.0532e+00
6 +1.475072659e+03 +1.475072659e+03 +1.779272659e+03 +1.779272659e+03 -3.0181e+00 -2.8110e+00 -1.2358e+00 -4.3661e+00 +5.4267e-01 -2.4278e+00 +4.9866e+00 -1.6299e+00 -4.1215e-01 +4.6406e+00
44 +7.272573029e+02 +7.272573029e+02 +1.031457303e+03 +1.031457303e+03 -4.1698e+00 +2.4482e+00 +2.2988e+00 -9.4426e-02 -8.5731e-01 +6.2477e-01 -1.0511e+00 -2.9208e-01 +3.3930e+00 +3.9746e+00
3916 +5.370910264e+02 +5.370910264e+02 +8.412910264e+02 +8.412910264e+02 -1.5969e+00 +3.1698e+00 -5.9998e-01 -3.0408e+00 -2.7747e+00 +8.2760e-02 -3.5259e+00 -3.3059e+00 +2.6069e+00 +8.9425e-01
% function evaluation | noise-free fitness - Fopt (-1.046700000000e+02) | best noise-free fitness - Fopt | measured fitness | best measured fitness | x1 | x2...
1 +1.934756440e+03 +1.934756440e+03 +1.830086440e+03 +1.830086440e+03 -4.7606e+00 +3.3563e+00 +2.9520e+00 +3.2612e+00 +2.0982e+00 -4.2272e+00 +2.3947e+00 -3.2636e-01 +2.1681e-01 -1.8439e+00
10 +1.460660624e+03 +1.460660624e+03 +1.355990624e+03 +1.355990624e+03 -9.4855e-02 -8.6560e-01 +2.7919e-01 -4.3320e+00 -4.4965e+00 +9.3643e-01 +1.0558e+00 +1.0783e+00 -2.9771e+00 -4.6326e+00
160 +9.663853033e+02 +9.663853033e+02 +8.617153033e+02 +8.617153033e+02 -4.2330e+00 -9.4659e-01 -3.9519e+00 +7.8864e-01 +3.4257e+00 +1.5779e+00 +3.7460e+00 +4.5532e-01 -1.9057e+00 -3.0288e+00
% function evaluation | noise-free fitness - Fopt (4.869500000000e+02) | best noise-free fitness - Fopt | measured fitness | best measured fitness | x1 | x2...
1 +2.314362093e+03 +2.314362093e+03 +2.801312093e+03 +2.801312093e+03 +3.0958e+00 +1.9140e+00 +4.1916e+00 -4.8315e+00 +9.3009e-01 -4.8224e+00 -2.8784e+00 +1.7393e+00 +2.8464e+00 +2.3917e+00
18 +1.237990901e+03 +1.237990901e+03 +1.724940901e+03 +1.724940901e+03 +3.3056e+00 -1.3324e+00 -4.4128e-01 -2.5859e+00 -4.7085e+00 +1.1297e+00 -2.7054e+00 -2.6341e-01 -6.3705e-02 +1.5339e+00
1117 +9.607997046e+02 +9.607997046e+02 +1.447749705e+03 +1.447749705e+03 -1.7714e+00 +2.7426e-02 +4.5916e+00 -3.1761e+00 -3.5350e+00 +2.5653e+00 +8.7770e-01 +2.8398e+00 +1.0237e+00 -3.6310e+00
3608 +5.963464030e+02 +5.963464030e+02 +1.083296403e+03 +1.083296403e+03 -3.2357e+00 -3.2423e-01 +2.0850e+00 -2.3775e+00 -3.9653e+00 +2.9535e+00 +1.0222e+00 +5.6402e-01 +3.8779e-01 -1.7489e+00
% function evaluation | noise-free fitness - Fopt (9.655000000000e+01) | best noise-free fitness - Fopt | measured fitness | best measured fitness | x1 | x2...
1 +2.497765750e+03 +2.497765750e+03 +2.594315750e+03 +2.594315750e+03 +2.7007e+00 -2.1043e+00 +2.5051e+00 +1.6558e+00 +3.6805e+00 +2.5756e+00 +3.3012e-01 -1.3169e+00 -3.3622e+00 -1.8057e+00
8 +1.563866801e+03 +1.563866801e+03 +1.660416801e+03 +1.660416801e+03 +4.4234e+00 +1.5961e+00 -4.7726e+00 +3.2199e+00 +3.4375e-02 +6.9699e-01 +2.2756e-01 +1.1704e+00 +1.5831e+00 -1.1596e+00
805 +9.466532019e+02 +9.466532019e+02 +1.043203202e+03 +1.043203202e+03 -2.2631e+00 +2.6116e+00 -2.6433e+00 -1.0838e+00 +3.7433e+00 -3.3646e+00 -4.7600e+00 +1.7773e+00 +2.1452e+00 +2.0392e+00
% function evaluation | noise-free fitness - Fopt (6.320000000000e+00) | best noise-free fitness - Fopt | measured fitness | best measured fitness | x1 | x2...
1 +2.444992092e+03 +2.444992092e+03 +2.451312092e+03 +2.451312092e+03 +4.3749e+00 +3.9843e+00 +3.5141e+00 -4.5072e+00 -2.9904e+00 +2.8148e+00 +2.3553e+00 -3.2611e-02 +4.8545e+00 +1.2376e+00
13 +1.469096931e+03 +1.469096931e+03 +1.475416931e+03 +1.475416931e+03 +2.6853e+00 -2.3753e+00 -3.9665e+00 -4.7523e+00 -4.7539e+00 +3.0729e+00 -3.6112e+00 -5.9949e-01 +2.6582e+00 +1.8240e+00
43 +9.020746584e+02 +9.020746584e+02 +9.083946584e+02 +9.083946584e+02 +3.6161e+00 -8.0304e-01 +1.4085e+00 +1.6304e-02 -4.3008e+00 +3.5654e+00 +1.6261e+00 +7.4607e-01 -3.9839e+00 +5.3638e-01
3972 +5.016141956e+02 +5.016141956e+02 +5.079341956e+02 +5.079341956e+02 +2.1027e+00 -2.3151e+00 +3.6315e-01 -2.7125e+00 -2.0611e+00 +3.0093e+00 +3.1855e+00 +1.9085e+00 -2.8220e+00 -5.9046e-01
% function evaluation | noise-free fitness - Fopt (-1.275100000000e+02) | best noise-free fitness - Fopt | measured fitness | best measured fitness | x1 | x2...
1 +2.179522262e+03 +2.179522262e+03 +2.052012262e+03 +2.052012262e+03 +5.2443e-01 -2.2260e+00 +1.8825e+00 -7.1826e-01 +1.2798e+00 -6.2119e-01 +3.8130e-01 +4.5883e+00 +4.5865e+00 -3.5484e+00
3 +1.503697243e+03 +1.503697243e+03 +1.376187243e+03 +1.376187243e+03 +9.1540e-01 -1.9447e+00 -1.6163e+00 +3.1631e+00 +3.2864e+00 -8.7552e-01 +2.2411e+00 +2.1484e+00 +3.0240e+00 +1.0554e-01
133 +8.222805756e+02 +8.222805756e+02 +6.947705756e+02 +6.947705756e+02 -3.2494e+00 -3.6738e+00 -2.7643e+00 +1.9642e+00 +4.8272e+00 -1.8043e+00 +2.0394e+00 -9.7776e-02 +6.3763e-01 -7.8133e-01
% function evaluation | noise-free fitness - Fopt (8.328000000000e+02) | best noise-free fitness - Fopt | measured fitness | best measured fitness | x1 | x2...
1 +2.364704047e+03 +2.364704047e+03 +3.197504047e+03 +3.197504047e+03 -2.0938e+00 -9.3792e-01 +2.4364e-01 +3.0137e+00 +1.5267e+00 +4.8215e+00 +7.3274e-01 -1.4166e+00 +1.8908e+00 +1.1013e+00
21 +1.574915822e+03 +1.574915822e+03 +2.407715822e+03 +2.407715822e+03 -1.7297e+00 -3.8599e+00 -2.7479e-01 -2.0943e+00 +1.8173e+00 +4.5667e+00 +3.3761e+00 -9.0515e-01 -2.4323e+00 +3.0189e+00
349 +9.179219843e+02 +9.179219843e+02 +1.750721984e+03 +1.750721984e+03 +2.6353e+00 -1.8136e+00 -4.8272e-01 -4.9711e+00 +4.2022e+00 -2.7422e+00 +1.1963e+00 -6.5554e-01 -4.0760e+00 +6.5013e-01
