1.3432e-06 1.0178e-07 7.1082e-08 5.9277e-07 8.9992e-07 2.1120e-07 7.4469e-07 3.9268e-07 1.0626e-06 1.7953e-06 8.5769e-08 7.0661e-07 1.3994e-07 1.2748e-06 4.2775e-08 
9.6988e-03 6.8042e-03 1.1816e-02 1.4153e-02 2.5375e-02 5.5885e-02 2.0431e-02 1.2771e-02 1.1512e-02 2.9906e+01 1.8842e-03 5.8258e-04 9.6437e-02 3.5981e-03 1.2854e-02 
3.7270e+00 1.0296e+00 6.2631e+00 1.0032e+00 2.1847e+00 2.0396e+00 5.9453e+00 1.3355e+00 1.0262e+00 2.0929e+00 1.0731e+00 7.7724e+00 2.2735e+00 3.5243e+00 2.0797e+00 
3.4294e+00 3.6029e+00 1.9998e+00 5.9729e+00 4.6500e+00 1.9930e+00 2.4587e-01 3.1190e+00 4.0024e+00 1.9482e+00 1.0914e+00 5.9932e+00 5.2947e+00 7.0907e+00 3.0473e+00 
1.0000e-14 1.0000e+00 1.4211e-14 1.0000e-14 1.0000e+00 1.0000e+00 1.0000e+00 1.0000e+00 1.0000e+00 1.0000e+00 1.0658e-14 1.0000e+00 1.0000e+00 1.0000e-14 1.0000e-14 
1.0433e-03 1.1065e-02 5.8839e-03 3.6726e-03 3.6992e-03 3.4272e-03 2.4552e-03 1.4614e-03 9.0057e-03 1.3923e-01 1.0100e+00 3.3206e-03 9.9798e-03 1.4145e-02 1.1680e-02 
4.5841e-01 6.6159e-01 3.7993e-01 3.2872e-03 1.1741e+00 5.0083e-10 3.7781e+00 9.1221e-03 7.8158e-10 2.1134e-01 3.2825e-01 6.9912e-01 4.4816e-01 4.2913e-09 1.1683e-02 
1.1393e+00 1.0049e+00 1.2608e+00 1.3362e+00 1.5961e-01 8.8109e-01 1.2570e+00 1.1962e+00 1.4415e+00 1.4417e+00 1.2167e+00 1.6374e+00 6.6200e-01 1.4321e+00 1.5826e+00 
7.1886e-01 1.1580e+00 8.8337e-01 5.9011e-01 8.9030e-01 4.1093e+00 1.8818e-01 1.0061e+00 8.1256e-01 1.2767e-01 4.5998e+00 4.3953e-01 1.8513e+00 4.5861e+00 1.0751e+00 
3.6480e+02 1.1377e+02 1.6300e+01 1.3278e+02 2.2675e+03 8.1903e+01 7.0946e+01 2.6868e+02 7.7250e+02 3.8933e+02 2.1143e+02 3.6931e+02 2.4511e+02 8.1378e+02 2.4217e+02 
1.3456e+01 1.6285e+01 6.1398e+01 3.6340e+01 3.1718e+01 1.4378e+01 2.1582e+01 3.5071e+01 2.1096e+01 2.1623e+01 4.1967e+00 2.4003e+00 1.7839e+01 1.5558e+01 5.6903e-01 
3.2011e+00 8.4363e+00 1.4500e+01 5.0878e+00 4.9406e-01 1.0479e-02 6.9676e+00 6.1994e+01 8.9188e-01 2.2892e+01 6.1751e+00 2.0743e+01 1.7651e+01 4.1919e+01 5.2131e+01 
3.6655e+00 4.3629e+00 2.4759e+01 2.2312e+01 8.6433e+00 3.1319e+00 4.8805e+00 1.1039e+01 1.8397e+00 6.3457e-01 9.6790e+00 8.0172e+00 5.8894e-01 2.2048e+00 9.0536e+00 
8.2472e-04 7.3055e-04 2.9161e-04 4.7047e-04 3.6511e-04 1.1572e-04 2.5294e-04 5.1877e-05 4.9014e-04 3.7248e-04 8.5587e-04 6.7750e-05 1.1178e-03 7.8023e-04 5.7496e-04 
1.3969e+01 2.1961e+00 4.1491e+00 5.0756e+00 3.0338e+00 3.0496e+00 6.1679e+00 7.0099e+00 3.0381e+00 7.1170e+00 4.9958e+00 6.9812e+00 4.0642e+00 6.3773e+00 1.2173e+01 
8.0490e-01 5.4382e-02 4.8232e-02 6.6107e-01 2.4658e-01 1.1929e-01 1.3481e-01 7.6958e-02 4.2953e-01 2.6913e+00 1.1909e-01 1.5564e-01 1.5904e+00 1.8466e+00 3.8359e-01 
4.4635e-02 4.3973e-02 9.9363e-03 7.8803e-03 2.8295e-02 9.0353e-03 5.4012e-02 3.4786e-03 2.3177e-01 1.2966e-01 1.1012e-01 2.7923e-01 1.9833e-02 4.4326e-02 2.7914e-02 
8.1799e-02 2.7705e-02 1.2974e-01 3.6443e-01 1.3723e-01 7.3999e-02 1.0340e+00 4.7748e-02 2.9259e-02 2.0481e-01 1.0203e-01 4.7201e-01 4.2733e-01 4.3471e-01 7.9848e-02 
8.2374e-01 2.8887e-01 1.3791e+00 6.4991e-01 7.5071e-01 8.0854e-01 1.3083e+00 6.9943e-01 9.9153e-01 3.0352e-01 3.7957e-01 1.5077e+00 9.7004e-01 9.6666e-01 3.4890e-01 
2.9453e-01 9.5463e-01 7.6580e-01 5.0469e-01 8.9666e-04 9.0813e-01 3.5842e-01 4.3438e-01 2.3813e-01 9.5558e-01 6.7306e-01 4.3541e-01 4.7669e-01 4.9492e-03 2.3735e-01 
3.9351e-10 1.9378e+00 2.2558e+00 4.0621e-08 3.2246e-09 6.9190e-01 9.3000e-01 1.2506e-12 1.9377e+00 3.6380e+00 5.1374e-10 4.1773e+00 1.5103e-07 4.1990e-10 4.4139e-08 
2.5906e+00 1.0327e-07 2.7544e-05 6.9186e-01 1.6459e-06 6.9186e-01 6.8982e-06 9.2179e-04 1.8111e-03 1.9717e+00 2.5908e+00 6.9187e-01 2.5137e-05 1.1126e+01 1.9550e+00 
1.5111e+00 1.3159e+00 1.5313e+00 1.3151e+00 1.0838e+00 1.0630e+00 1.5336e+00 1.5197e+00 1.0135e+00 1.0455e+00 1.0580e+00 1.5539e+00 8.1158e-01 1.3764e+00 8.1810e-01 
9.6207e+00 1.1363e+01 1.4470e+01 1.0546e+01 1.7288e+01 1.6452e+01 1.1571e+01 1.6109e+01 1.3932e+01 8.9499e+00 9.3287e+00 1.4636e+01 2.6169e+00 1.5533e+01 1.4198e+01 
