% function evaluation | noise-free fitness - Fopt (3.590000000000e+01) | best noise-free fitness - Fopt | measured fitness | best measured fitness | x1 | x2...
1 +2.925694785e+05 +2.925694785e+05 +2.926053785e+05 +2.926053785e+05 +2.7111e+00 +3.1366e+00 -4.0409e+00 +7.7521e-01 -3.1066e+00
3 +6.336435362e+04 +6.336435362e+04 +6.340025362e+04 +6.340025362e+04 -7.0578e-01 +3.8445e+00 -2.2221e+00 +4.5505e+00 -7.6906e-01
7 +2.813941084e+04 +2.813941084e+04 +2.817531084e+04 +2.817531084e+04 -4.7716e+00 -2.0904e+00 -1.3210e+00 -5.9043e-01 -2.4294e+00
16 +1.698996118e+04 +1.698996118e+04 +1.702586118e+04 +1.702586118e+04 -4.8641e+00 +4.7376e+00 -3.9544e+00 -2.6547e+00 -1.3233e+00
47 +6.804456070e+03 +6.804456070e+03 +6.840356070e+03 +6.840356070e+03 -4.2787e+00 +2.9096e+00 -5.0000e+00 -4.7766e-01 -2.0131e+00
48 +1.692245558e+02 +1.692245558e+02 +2.051245558e+02 +2.051245558e+02 -3.1555e+00 +1.7768e+00 -1.2211e+00 +2.8288e+00 -3.7241e+00
77 +1.270981614e+02 +1.270981614e+02 +1.629981614e+02 +1.629981614e+02 -3.7966e+00 +4.2567e-01 +1.8085e+00 +2.0062e+00 -4.0241e+00
109 +9.008229887e+01 +9.008229887e+01 +1.259822989e+02 +1.259822989e+02 -1.8354e+00 +4.2746e+00 +2.5084e+00 -5.9921e-01 -4.3491e+00
171 +4.239577974e+01 +4.239577974e+01 +7.829577974e+01 +7.829577974e+01 +3.0636e-01 +1.4773e+00 +2.9119e+00 +3.4964e+00 -4.8524e+00
209 +2.829961586e+01 +2.829961586e+01 +6.419961586e+01 +6.419961586e+01 +6.7126e-01 +6.7292e-01 +3.6612e+00 +1.9293e+00 -4.5002e+00
256 +2.338244679e+01 +2.338244679e+01 +5.928244679e+01 +5.928244679e+01 +2.5087e+00 +1.7305e+00 +3.0125e+00 +4.4292e+00 -4.4810e+00
492 +1.260726409e+01 +1.260726409e+01 +4.850726409e+01 +4.850726409e+01 +1.8982e+00 -3.0359e-01 +3.4170e+00 +2.1040e+00 -3.5665e+00
542 +5.269292273e+00 +5.269292273e+00 +4.116929227e+01 +4.116929227e+01 +1.8589e+00 +6.6404e-01 +3.2530e+00 +2.6009e+00 -2.3401e+00
655 +3.421658507e+00 +3.421658507e+00 +3.932165851e+01 +3.932165851e+01 +1.9821e+00 +9.6531e-01 +2.7619e+00 +2.7050e+00 -2.1867e+00
852 +1.326925337e+00 +1.326925337e+00 +3.722692534e+01 +3.722692534e+01 +2.3365e+00 +1.1780e+00 +2.6836e+00 +3.4277e+00 -1.7557e+00
1132 +7.771173352e-01 +7.771173352e-01 +3.667711734e+01 +3.667711734e+01 +2.4475e+00 +1.1812e+00 +2.7296e+00 +3.3639e+00 -1.7782e+00
1354 +3.495013963e-01 +3.495013963e-01 +3.624950140e+01 +3.624950140e+01 +2.6481e+00 +1.0715e+00 +2.7288e+00 +3.4307e+00 -1.6916e+00
2052 +2.426526585e-01 +2.426526585e-01 +3.614265266e+01 +3.614265266e+01 +2.6081e+00 +1.0240e+00 +2.6955e+00 +3.3335e+00 -1.6040e+00
2234 +1.494174395e-01 +1.494174395e-01 +3.604941744e+01 +3.604941744e+01 +2.6546e+00 +1.0972e+00 +2.6588e+00 +3.3460e+00 -1.5698e+00
2354 +9.409313444e-02 +9.409313444e-02 +3.599409313e+01 +3.599409313e+01 +2.6759e+00 +1.1565e+00 +2.6051e+00 +3.3279e+00 -1.5097e+00
3095 +6.257145027e-02 +6.257145027e-02 +3.596257145e+01 +3.596257145e+01 +2.6979e+00 +1.1381e+00 +2.6031e+00 +3.4172e+00 -1.4974e+00
3335 +3.551895007e-02 +3.551895007e-02 +3.593551895e+01 +3.593551895e+01 +2.7569e+00 +1.1138e+00 +2.6169e+00 +3.4610e+00 -1.4975e+00
3791 +2.473243930e-02 +2.473243930e-02 +3.592473244e+01 +3.592473244e+01 +2.7605e+00 +1.1194e+00 +2.5568e+00 +3.4367e+00 -1.4725e+00
3892 +1.530609703e-02 +1.530609703e-02 +3.591530610e+01 +3.591530610e+01 +2.7576e+00 +1.1187e+00 +2.5741e+00 +3.4350e+00 -1.4630e+00
4092 +9.837401249e-03 +9.837401249e-03 +3.590983740e+01 +3.590983740e+01 +2.7616e+00 +1.1167e+00 +2.5943e+00 +3.4354e+00 -1.4628e+00
4425 +4.000783421e-03 +4.000783421e-03 +3.590400078e+01 +3.590400078e+01 +2.7633e+00 +1.1115e+00 +2.5950e+00 +3.4221e+00 -1.4420e+00
4465 +1.990688800e-03 +1.990688800e-03 +3.590199069e+01 +3.590199069e+01 +2.7699e+00 +1.1103e+00 +2.5968e+00 +3.4211e+00 -1.4369e+00
4692 +1.149969394e-03 +1.149969394e-03 +3.590114997e+01 +3.590114997e+01 +2.7721e+00 +1.1067e+00 +2.5898e+00 +3.4186e+00 -1.4350e+00
% function evaluation | noise-free fitness - Fopt (3.137000000000e+01) | best noise-free fitness - Fopt | measured fitness | best measured fitness | x1 | x2...
1 +8.565284813e+01 +8.565284813e+01 +1.170228481e+02 +1.170228481e+02 +7.2046e-01 -4.2752e+00 -2.2335e+00 +2.5800e-02 -2.9046e+00
29 +6.052824336e+01 +6.052824336e+01 +9.189824336e+01 +9.189824336e+01 -1.9976e+00 -6.8888e-01 -3.7262e+00 +4.2236e-01 -4.1067e+00
49 +2.406192004e+01 +2.406192004e+01 +5.543192004e+01 +5.543192004e+01 +7.8398e-01 -3.1698e-01 -5.0000e+00 +1.5627e+00 -3.3349e+00
384 +1.574352627e+01 +1.574352627e+01 +4.711352627e+01 +4.711352627e+01 -1.4110e-01 -4.3380e-01 -3.6927e+00 +1.9849e+00 -2.4460e+00
624 +9.233022890e+00 +9.233022890e+00 +4.060302289e+01 +4.060302289e+01 -2.1250e-01 +9.7815e-02 -3.7397e+00 +2.5605e+00 -2.5851e+00
782 +3.230330932e+00 +3.230330932e+00 +3.460033093e+01 +3.460033093e+01 -7.5258e-02 +1.2431e+00 -3.8889e+00 +3.0691e+00 -2.6083e+00
904 +1.446898419e+00 +1.446898419e+00 +3.281689842e+01 +3.281689842e+01 -9.7266e-02 +1.4975e+00 -3.8892e+00 +3.1319e+00 -2.1270e+00
1024 +7.468979809e-01 +7.468979809e-01 +3.211689798e+01 +3.211689798e+01 -6.0014e-02 +1.5219e+00 -3.9787e+00 +3.3858e+00 -2.0072e+00
1459 +4.883357293e-01 +4.883357293e-01 +3.185833573e+01 +3.185833573e+01 -1.1328e-01 +1.6250e+00 -4.0066e+00 +3.4795e+00 -1.8830e+00
1825 +3.892508601e-01 +3.892508601e-01 +3.175925086e+01 +3.175925086e+01 -9.4769e-02 +1.7011e+00 -4.1235e+00 +3.5469e+00 -1.8951e+00
1974 +1.980114858e-01 +1.980114858e-01 +3.156801149e+01 +3.156801149e+01 -2.8163e-01 +1.7783e+00 -3.9411e+00 +3.5955e+00 -1.8631e+00
2334 +9.171137375e-02 +9.171137375e-02 +3.146171137e+01 +3.146171137e+01 -3.0159e-01 +1.8254e+00 -3.8444e+00 +3.6307e+00 -1.8618e+00
3214 +3.923709456e-02 +3.923709456e-02 +3.140923709e+01 +3.140923709e+01 -3.0081e-01 +1.8880e+00 -3.8437e+00 +3.6486e+00 -1.8981e+00
3894 +2.189077107e-02 +2.189077107e-02 +3.139189077e+01 +3.139189077e+01 -2.8819e-01 +1.8831e+00 -3.8893e+00 +3.6802e+00 -1.9467e+00
4298 +1.522988099e-02 +1.522988099e-02 +3.138522988e+01 +3.138522988e+01 -2.9182e-01 +1.8593e+00 -3.8574e+00 +3.6855e+00 -1.9272e+00
% function evaluation | noise-free fitness - Fopt (-1.000000000000e+03) | best noise-free fitness - Fopt | measured fitness | best measured fitness | x1 | x2...
1 +4.905803294e+05 +4.905803294e+05 +4.895803294e+05 +4.895803294e+05 +3.9752e+00 +3.8053e+00 +3.3392e+00 -2.3673e+00 +2.5512e+00
2 +2.465126947e+05 +2.465126947e+05 +2.455126947e+05 +2.455126947e+05 +4.4187e+00 -4.1279e+00 -1.7630e+00 +1.9977e+00 +2.5588e+00
3 +3.594497512e+04 +3.594497512e+04 +3.494497512e+04 +3.494497512e+04 +8.6031e-01 -4.2345e-01 +3.0334e+00 +3.0211e+00 +2.4053e+00
13 +2.425448859e+04 +2.425448859e+04 +2.325448859e+04 +2.325448859e+04 -4.5513e+00 +2.8963e+00 +3.3374e+00 +3.4343e+00 +1.3394e+00
47 +1.163245823e+02 +1.163245823e+02 -8.836754177e+02 -8.836754177e+02 -5.0000e+00 +1.1643e+00 +4.0034e+00 +1.1252e+00 +1.5365e+00
72 +8.505658571e+01 +8.505658571e+01 -9.149434143e+02 -9.149434143e+02 -3.1297e+00 +1.0970e+00 +4.5094e+00 +2.0861e+00 +1.0395e+00
123 +6.251791244e+01 +6.251791244e+01 -9.374820876e+02 -9.374820876e+02 -5.0000e+00 +0.0000e+00 +5.0000e+00 +2.9790e+00 -8.2019e-01
130 +2.469349438e+01 +2.469349438e+01 -9.753065056e+02 -9.753065056e+02 -2.1361e+00 -2.3468e+00 +4.3728e+00 +5.0000e+00 -1.2741e-01
209 +7.486180345e+00 +7.486180345e+00 -9.925138197e+02 -9.925138197e+02 -1.1411e+00 -2.8984e+00 +3.5934e+00 +5.0000e+00 -1.0154e+00
577 +5.504491232e+00 +5.504491232e+00 -9.944955088e+02 -9.944955088e+02 -1.1906e+00 -3.6975e+00 +3.9772e+00 +3.6873e+00 -5.8249e-01
890 +3.357184934e+00 +3.357184934e+00 -9.966428151e+02 -9.966428151e+02 -1.3661e+00 -3.6648e+00 +3.6426e+00 +2.6483e+00 -9.4193e-01
927 +2.491448015e+00 +2.491448015e+00 -9.975085520e+02 -9.975085520e+02 -1.1082e+00 -3.3066e+00 +3.5072e+00 +3.6659e+00 -9.4114e-01
1236 +1.416631699e+00 +1.416631699e+00 -9.985833683e+02 -9.985833683e+02 -6.7724e-01 -2.9589e+00 +3.3885e+00 +3.6186e+00 -9.9320e-01
1436 +9.500524283e-01 +9.500524283e-01 -9.990499476e+02 -9.990499476e+02 -6.2119e-01 -3.2142e+00 +3.3151e+00 +3.4894e+00 -8.4477e-01
1882 +5.639916462e-01 +5.639916462e-01 -9.994360084e+02 -9.994360084e+02 -5.7789e-01 -3.1350e+00 +3.1058e+00 +3.5814e+00 -9.6947e-01
1990 +3.906898196e-01 +3.906898196e-01 -9.996093102e+02 -9.996093102e+02 -4.6734e-01 -3.1869e+00 +2.8309e+00 +3.6119e+00 -9.2668e-01
2036 +2.285968330e-01 +2.285968330e-01 -9.997714032e+02 -9.997714032e+02 -4.0263e-01 -3.1815e+00 +2.8991e+00 +3.5624e+00 -9.2555e-01
2458 +1.569300193e-01 +1.569300193e-01 -9.998430700e+02 -9.998430700e+02 -3.4706e-01 -3.2719e+00 +2.9073e+00 +3.5728e+00 -7.9248e-01
2538 +9.002929498e-02 +9.002929498e-02 -9.999099707e+02 -9.999099707e+02 -2.6489e-01 -3.2830e+00 +2.8979e+00 +3.5567e+00 -7.7377e-01
2778 +5.642648422e-02 +5.642648422e-02 -9.999435735e+02 -9.999435735e+02 -2.3450e-01 -3.3047e+00 +2.8945e+00 +3.5847e+00 -7.9590e-01
3162 +3.600339488e-02 +3.600339488e-02 -9.999639966e+02 -9.999639966e+02 -2.2404e-01 -3.3436e+00 +2.8861e+00 +3.6058e+00 -8.2287e-01
3526 +2.299915290e-02 +2.299915290e-02 -9.999770008e+02 -9.999770008e+02 -2.1807e-01 -3.3023e+00 +2.8680e+00 +3.5837e+00 -8.2308e-01
3646 +1.578860260e-02 +1.578860260e-02 -9.999842114e+02 -9.999842114e+02 -2.2573e-01 -3.3195e+00 +2.8636e+00 +3.5596e+00 -8.2330e-01
3858 +8.759673803e-03 +8.759673803e-03 -9.999912403e+02 -9.999912403e+02 -1.9927e-01 -3.3170e+00 +2.8435e+00 +3.5667e+00 -8.2066e-01
4554 +5.883908556e-03 +5.883908556e-03 -9.999941161e+02 -9.999941161e+02 -1.9228e-01 -3.3343e+00 +2.8377e+00 +3.5796e+00 -8.2181e-01
% function evaluation | noise-free fitness - Fopt (1.319200000000e+02) | best noise-free fitness - Fopt | measured fitness | best measured fitness | x1 | x2...
1 +1.904482963e+06 +1.904482963e+06 +1.904614883e+06 +1.904614883e+06 +3.4545e+00 +6.8311e-01 +2.2499e+00 +4.9617e+00 -2.8170e+00
2 +7.311481317e+05 +7.311481317e+05 +7.312800517e+05 +7.312800517e+05 +1.8850e+00 +2.6169e+00 -1.4890e+00 +2.0580e+00 -4.8664e+00
3 +5.818870355e+05 +5.818870355e+05 +5.820189555e+05 +5.820189555e+05 +1.6107e+00 -2.8986e+00 -3.0848e+00 -3.6070e+00 -1.5769e+00
6 +3.947649489e+05 +3.947649489e+05 +3.948968689e+05 +3.948968689e+05 -4.9708e+00 -2.4882e+00 -2.9550e-01 +3.2867e+00 -3.4165e+00
11 +7.853608549e+04 +7.853608549e+04 +7.866800549e+04 +7.866800549e+04 -3.2354e+00 +2.7019e+00 -2.0644e+00 +1.4152e+00 -9.9066e-01
48 +6.211398332e+04 +6.211398332e+04 +6.224590332e+04 +6.224590332e+04 -4.6564e+00 +9.2764e-02 -3.8131e+00 -5.9250e-01 +1.6585e+00
88 +8.666766411e+03 +8.666766411e+03 +8.798686411e+03 +8.798686411e+03 -5.0000e+00 +3.2257e+00 -3.0231e+00 +1.6564e-01 +6.9177e-01
110 +3.195189202e+03 +3.195189202e+03 +3.327109202e+03 +3.327109202e+03 -5.0000e+00 +3.6521e+00 -4.0567e+00 +2.7433e-01 -7.3464e-01
125 +8.856881079e+02 +8.856881079e+02 +1.017608108e+03 +1.017608108e+03 -5.0000e+00 +5.0000e+00 -3.5852e+00 -3.4409e-01 +0.0000e+00
128 +2.025056859e+01 +2.025056859e+01 +1.521705686e+02 +1.521705686e+02 -5.0000e+00 +5.0000e+00 -3.2410e+00 +8.1650e-01 -1.0861e+00
178 +1.235850234e+01 +1.235850234e+01 +1.442785023e+02 +1.442785023e+02 -4.9348e+00 +4.1094e+00 -3.1424e+00 +0.0000e+00 -7.6273e-01
207 +6.158690057e+00 +6.158690057e+00 +1.380786901e+02 +1.380786901e+02 -4.9025e+00 +2.7783e+00 -3.7883e+00 -3.0953e-01 -1.3971e+00
394 +3.665963556e+00 +3.665963556e+00 +1.355859636e+02 +1.355859636e+02 -4.8615e+00 +2.7418e+00 -3.1963e+00 -3.2205e-01 -1.3983e+00
674 +2.377654114e+00 +2.377654114e+00 +1.342976541e+02 +1.342976541e+02 -4.7789e+00 +2.2842e+00 -3.3863e+00 -1.4200e-01 -1.3974e+00
809 +1.425485739e+00 +1.425485739e+00 +1.333454857e+02 +1.333454857e+02 -4.7339e+00 +1.8540e+00 -3.1462e+00 -6.2568e-01 -1.1501e+00
1455 +8.432063684e-01 +8.432063684e-01 +1.327632064e+02 +1.327632064e+02 -4.5395e+00 +1.9350e+00 -3.3594e+00 -3.8918e-01 -1.4407e+00
1535 +6.222112712e-01 +6.222112712e-01 +1.325422113e+02 +1.325422113e+02 -4.4436e+00 +1.9185e+00 -3.3985e+00 -4.2951e-01 -1.2565e+00
1749 +3.535077648e-01 +3.535077648e-01 +1.322735078e+02 +1.322735078e+02 -4.2921e+00 +1.9704e+00 -3.4226e+00 -4.2628e-01 -1.2774e+00
2238 +2.384658353e-01 +2.384658353e-01 +1.321584658e+02 +1.321584658e+02 -4.2625e+00 +1.8984e+00 -3.5191e+00 -4.5829e-01 -1.3977e+00
2256 +9.551522032e-02 +9.551522032e-02 +1.320155152e+02 +1.320155152e+02 -4.1242e+00 +1.9372e+00 -3.5698e+00 -4.7505e-01 -1.3345e+00
3304 +5.493900149e-02 +5.493900149e-02 +1.319749390e+02 +1.319749390e+02 -4.1010e+00 +1.9172e+00 -3.6007e+00 -4.5472e-01 -1.4103e+00
3520 +3.175652575e-02 +3.175652575e-02 +1.319517565e+02 +1.319517565e+02 -4.0657e+00 +1.9083e+00 -3.6726e+00 -4.6709e-01 -1.4678e+00
3638 +1.434012263e-02 +1.434012263e-02 +1.319343401e+02 +1.319343401e+02 -4.0322e+00 +1.9140e+00 -3.6852e+00 -4.5360e-01 -1.4969e+00
3840 +9.550786926e-03 +9.550786926e-03 +1.319295508e+02 +1.319295508e+02 -4.0199e+00 +1.9189e+00 -3.6698e+00 -4.4229e-01 -1.4836e+00
4158 +5.776783116e-03 +5.776783116e-03 +1.319257768e+02 +1.319257768e+02 -4.0129e+00 +1.9064e+00 -3.6870e+00 -4.7888e-01 -1.4989e+00
4880 +3.807040197e-03 +3.807040197e-03 +1.319238070e+02 +1.319238070e+02 -4.0093e+00 +1.9122e+00 -3.6811e+00 -4.6305e-01 -1.4879e+00
% function evaluation | noise-free fitness - Fopt (5.908400000000e+02) | best noise-free fitness - Fopt | measured fitness | best measured fitness | x1 | x2...
1 +3.393420496e+05 +3.393420496e+05 +3.399328896e+05 +3.399328896e+05 +1.5068e+00 -7.7524e-01 -3.5382e+00 +3.0691e+00 +1.4919e+00
2 +7.834521607e+04 +7.834521607e+04 +7.893605607e+04 +7.893605607e+04 -3.8817e+00 -1.5154e+00 -1.0215e+00 -4.5594e+00 -1.3909e+00
7 +8.490850847e+03 +8.490850847e+03 +9.081690847e+03 +9.081690847e+03 +2.0204e+00 -4.6032e+00 -3.8623e+00 -9.3244e-01 +1.2679e+00
81 +3.467976713e+01 +3.467976713e+01 +6.255197671e+02 +6.255197671e+02 +2.9483e+00 -4.9579e+00 -2.4284e+00 -5.0000e+00 -1.6464e-01
233 +2.291485716e+01 +2.291485716e+01 +6.137548572e+02 +6.137548572e+02 +2.7600e+00 -4.9901e+00 -3.9436e+00 -2.6143e+00 -1.7160e-01
529 +1.261088062e+01 +1.261088062e+01 +6.034508806e+02 +6.034508806e+02 +2.7072e+00 -4.7829e+00 -3.6942e+00 -2.1430e+00 +1.9974e-01
713 +9.830976742e+00 +9.830976742e+00 +6.006709767e+02 +6.006709767e+02 +2.1900e+00 -4.4033e+00 -4.2065e+00 -1.9070e+00 +4.0483e-01
1009 +5.318998959e+00 +5.318998959e+00 +5.961589990e+02 +5.961589990e+02 +1.7620e+00 -4.1251e+00 -3.6669e+00 -1.8230e+00 -7.5840e-02
1115 +1.371569179e+00 +1.371569179e+00 +5.922115692e+02 +5.922115692e+02 +1.7441e+00 -3.7174e+00 -3.6376e+00 -1.4345e+00 -1.6929e-01
1148 +8.941358703e-01 +8.941358703e-01 +5.917341359e+02 +5.917341359e+02 +1.4010e+00 -3.5044e+00 -3.6817e+00 -1.3122e+00 -4.3257e-01
1396 +6.055763666e-01 +6.055763666e-01 +5.914455764e+02 +5.914455764e+02 +1.4619e+00 -3.3144e+00 -3.4649e+00 -1.6153e+00 -4.0002e-01
1555 +3.967768294e-01 +3.967768294e-01 +5.912367768e+02 +5.912367768e+02 +1.5298e+00 -3.2614e+00 -3.3836e+00 -1.5985e+00 -4.7410e-01
2241 +2.229195988e-01 +2.229195988e-01 +5.910629196e+02 +5.910629196e+02 +1.5566e+00 -3.3957e+00 -3.4085e+00 -1.4158e+00 -3.7961e-01
2281 +1.536987227e-01 +1.536987227e-01 +5.909936987e+02 +5.909936987e+02 +1.5210e+00 -3.3590e+00 -3.3955e+00 -1.3655e+00 -4.3153e-01
2877 +7.573479374e-02 +7.573479374e-02 +5.909157348e+02 +5.909157348e+02 +1.4717e+00 -3.3105e+00 -3.4476e+00 -1.3027e+00 -4.0744e-01
2957 +5.529861016e-02 +5.529861016e-02 +5.908952986e+02 +5.908952986e+02 +1.4762e+00 -3.3202e+00 -3.4586e+00 -1.2890e+00 -3.8256e-01
3477 +3.637152414e-02 +3.637152414e-02 +5.908763715e+02 +5.908763715e+02 +1.4598e+00 -3.3106e+00 -3.4724e+00 -1.2418e+00 -3.8216e-01
3684 +2.067333297e-02 +2.067333297e-02 +5.908606733e+02 +5.908606733e+02 +1.4605e+00 -3.3295e+00 -3.4698e+00 -1.2218e+00 -3.5139e-01
3799 +1.431873873e-02 +1.431873873e-02 +5.908543187e+02 +5.908543187e+02 +1.4650e+00 -3.3328e+00 -3.4667e+00 -1.2106e+00 -3.3659e-01
4264 +5.842703682e-03 +5.842703682e-03 +5.908458427e+02 +5.908458427e+02 +1.4590e+00 -3.3328e+00 -3.4795e+00 -1.1952e+00 -3.1232e-01
4959 +3.699166008e-03 +3.699166008e-03 +5.908436992e+02 +5.908436992e+02 +1.4402e+00 -3.3297e+00 -3.4973e+00 -1.1739e+00 -3.0949e-01
% function evaluation | noise-free fitness - Fopt (3.098000000000e+01) | best noise-free fitness - Fopt | measured fitness | best measured fitness | x1 | x2...
1 +1.002771335e+05 +1.002771335e+05 +1.003081135e+05 +1.003081135e+05 +2.8683e+00 -3.7871e+00 -2.0412e+00 -6.3687e-01 +1.2981e+00
3 +3.349803496e+04 +3.349803496e+04 +3.352901496e+04 +3.352901496e+04 -4.6465e+00 -2.6322e+00 -4.9165e-02 +1.7549e+00 -3.3227e+00
13 +2.058601667e+04 +2.058601667e+04 +2.061699667e+04 +2.061699667e+04 -2.1577e+00 -1.9975e+00 +3.9278e+00 -1.7651e+00 -4.2328e+00
55 +1.147378942e+04 +1.147378942e+04 +1.150476942e+04 +1.150476942e+04 -4.3973e+00 -3.5491e+00 +1.8002e+00 -4.8102e-01 -2.0377e+00
64 +1.003107020e+03 +1.003107020e+03 +1.034087020e+03 +1.034087020e+03 +1.1638e+00 -3.0010e+00 +2.8591e+00 -2.4785e+00 -3.3218e-01
84 +1.251846067e+01 +1.251846067e+01 +4.349846067e+01 +4.349846067e+01 +1.3603e+00 -2.9243e+00 -9.9878e-01 -4.1219e+00 -1.6159e-02
404 +8.946715966e+00 +8.946715966e+00 +3.992671597e+01 +3.992671597e+01 +2.3267e+00 -3.3342e+00 -6.9189e-01 -5.0000e+00 -3.6427e-01
415 +3.948054474e+00 +3.948054474e+00 +3.492805447e+01 +3.492805447e+01 +2.2077e+00 -2.7601e+00 -2.1102e+00 -4.4779e+00 +6.4386e-01
761 +1.332245997e+00 +1.332245997e+00 +3.231224600e+01 +3.231224600e+01 +2.2878e+00 -2.5748e+00 -2.0821e+00 -4.5037e+00 -2.8199e-01
1208 +8.238094875e-01 +8.238094875e-01 +3.180380949e+01 +3.180380949e+01 +2.2636e+00 -2.5991e+00 -2.1211e+00 -4.1565e+00 -1.1530e-01
1541 +5.889652427e-01 +5.889652427e-01 +3.156896524e+01 +3.156896524e+01 +2.1500e+00 -2.4126e+00 -2.4324e+00 -4.1632e+00 -7.6396e-03
1918 +3.659939648e-01 +3.659939648e-01 +3.134599396e+01 +3.134599396e+01 +2.2046e+00 -2.5599e+00 -2.4262e+00 -4.1409e+00 -5.8826e-02
2238 +1.509353779e-01 +1.509353779e-01 +3.113093538e+01 +3.113093538e+01 +2.1067e+00 -2.5844e+00 -2.5927e+00 -3.8401e+00 +4.1040e-02
2264 +8.240531706e-02 +8.240531706e-02 +3.106240532e+01 +3.106240532e+01 +2.2158e+00 -2.5252e+00 -2.5959e+00 -3.9522e+00 +7.1287e-02
3141 +4.597907575e-02 +4.597907575e-02 +3.102597908e+01 +3.102597908e+01 +2.1460e+00 -2.5193e+00 -2.6700e+00 -3.8043e+00 +7.2397e-02
3278 +3.669634398e-02 +3.669634398e-02 +3.101669634e+01 +3.101669634e+01 +2.1515e+00 -2.5204e+00 -2.7006e+00 -3.8517e+00 +1.0799e-01
3318 +2.210916536e-02 +2.210916536e-02 +3.100210917e+01 +3.100210917e+01 +2.1455e+00 -2.5228e+00 -2.7172e+00 -3.8257e+00 +9.7631e-02
4261 +8.692631538e-03 +8.692631538e-03 +3.098869263e+01 +3.098869263e+01 +2.1662e+00 -2.4913e+00 -2.7166e+00 -3.8262e+00 +8.0089e-02
4541 +4.676426126e-03 +4.676426126e-03 +3.098467643e+01 +3.098467643e+01 +2.1625e+00 -2.4878e+00 -2.7328e+00 -3.8191e+00 +7.6518e-02
4821 +3.686569500e-03 +3.686569500e-03 +3.098368657e+01 +3.098368657e+01 +2.1629e+00 -2.4888e+00 -2.7377e+00 -3.8213e+00 +7.9632e-02
% function evaluation | noise-free fitness - Fopt (-1.445400000000e+02) | best noise-free fitness - Fopt | measured fitness | best measured fitness | x1 | x2...
1 +2.906367314e+05 +2.906367314e+05 +2.904921914e+05 +2.904921914e+05 +4.2926e+00 -3.2536e+00 -3.8308e+00 +1.0866e+00 +2.3706e+00
2 +6.341566127e+04 +6.341566127e+04 +6.327112127e+04 +6.327112127e+04 -1.0155e+00 +3.1546e+00 -1.9998e+00 -4.2805e+00 +1.2941e+00
37 +3.248522296e+04 +3.248522296e+04 +3.234068296e+04 +3.234068296e+04 +7.8808e-01 +9.9123e-01 -3.7197e+00 -2.1867e+00 +3.7162e+00
47 +1.740883077e+04 +1.740883077e+04 +1.726429077e+04 +1.726429077e+04 +5.4831e-01 +1.0195e+00 -4.1967e+00 -1.3642e+00 +3.9766e+00
50 +1.456008086e+04 +1.456008086e+04 +1.441554086e+04 +1.441554086e+04 -1.1404e+00 -2.1219e-01 -3.8375e+00 +1.5027e+00 +4.6482e+00
89 +7.763614353e+01 +7.763614353e+01 -6.690385647e+01 -6.690385647e+01 -3.2071e+00 +3.6415e+00 -5.0000e+00 -1.8391e+00 +1.0879e+00
154 +3.060113236e+01 +3.060113236e+01 -1.139388676e+02 -1.139388676e+02 -2.0800e+00 +1.8842e+00 -4.9475e+00 -1.2483e+00 +2.6555e+00
219 +2.214758441e+01 +2.214758441e+01 -1.223924156e+02 -1.223924156e+02 -1.6511e+00 +1.1542e-01 -4.8997e+00 -2.1001e+00 +1.8074e+00
293 +1.278297641e+01 +1.278297641e+01 -1.317570236e+02 -1.317570236e+02 -1.5126e+00 -4.1605e-01 -4.9883e+00 -7.3232e-01 +2.6883e+00
299 +9.363807310e+00 +9.363807310e+00 -1.351761927e+02 -1.351761927e+02 -1.8746e+00 -3.8180e-01 -4.9014e+00 -4.4936e-01 +1.7835e+00
514 +5.338313689e+00 +5.338313689e+00 -1.392016863e+02 -1.392016863e+02 -1.0656e+00 -8.5158e-01 -4.7955e+00 -3.3079e-01 +1.9077e+00
873 +3.854545743e+00 +3.854545743e+00 -1.406854543e+02 -1.406854543e+02 -1.3913e+00 -1.1647e+00 -4.7390e+00 +3.8417e-01 +1.8683e+00
1362 +2.469756092e+00 +2.469756092e+00 -1.420702439e+02 -1.420702439e+02 -1.2270e+00 -9.1758e-01 -4.4064e+00 +2.9734e-01 +1.8699e+00
1742 +1.229511380e+00 +1.229511380e+00 -1.433104886e+02 -1.433104886e+02 -1.9754e+00 -6.7106e-01 -3.8330e+00 +1.1743e-01 +2.0942e+00
1813 +9.318606865e-01 +9.318606865e-01 -1.436081393e+02 -1.436081393e+02 -1.7658e+00 -2.8786e-01 -3.6914e+00 +3.8431e-03 +2.1551e+00
2188 +4.917691125e-01 +4.917691125e-01 -1.440482309e+02 -1.440482309e+02 -1.7665e+00 -5.1155e-01 -3.5418e+00 -1.2503e-01 +2.1926e+00
2322 +3.006877108e-01 +3.006877108e-01 -1.442393123e+02 -1.442393123e+02 -1.7515e+00 -5.0690e-01 -3.5649e+00 +1.0426e-01 +2.1151e+00
2642 +2.391478211e-01 +2.391478211e-01 -1.443008522e+02 -1.443008522e+02 -1.8045e+00 -5.3425e-01 -3.5152e+00 -3.4947e-02 +2.1102e+00
2802 +1.476418177e-01 +1.476418177e-01 -1.443923582e+02 -1.443923582e+02 -1.8065e+00 -5.1125e-01 -3.4637e+00 +3.7080e-02 +2.0923e+00
3452 +9.017656828e-02 +9.017656828e-02 -1.444498234e+02 -1.444498234e+02 -1.8001e+00 -5.6417e-01 -3.4368e+00 +4.5441e-02 +2.1058e+00
3812 +5.862058196e-02 +5.862058196e-02 -1.444813794e+02 -1.444813794e+02 -1.8226e+00 -5.3631e-01 -3.3847e+00 +3.2920e-02 +2.1011e+00
4068 +3.330188554e-02 +3.330188554e-02 -1.445066981e+02 -1.445066981e+02 -1.8143e+00 -5.3064e-01 -3.3413e+00 -8.0781e-03 +2.0739e+00
4160 +1.951097918e-02 +1.951097918e-02 -1.445204890e+02 -1.445204890e+02 -1.8585e+00 -5.4009e-01 -3.3228e+00 -3.6416e-02 +2.0676e+00
4436 +1.475536558e-02 +1.475536558e-02 -1.445252446e+02 -1.445252446e+02 -1.8656e+00 -5.4127e-01 -3.3153e+00 -2.5880e-02 +2.0638e+00
4748 +9.944045742e-03 +9.944045742e-03 -1.445300560e+02 -1.445300560e+02 -1.8688e+00 -5.3360e-01 -3.3044e+00 -2.4018e-02 +2.0649e+00
4882 +3.403161565e-03 +3.403161565e-03 -1.445365968e+02 -1.445365968e+02 -1.8898e+00 -5.0933e-01 -3.2699e+00 -3.4496e-02 +2.0691e+00
4956 +2.455178418e-03 +2.455178418e-03 -1.445375448e+02 -1.445375448e+02 -1.8891e+00 -5.1771e-01 -3.2704e+00 -3.4076e-02 +2.0684e+00
% function evaluation | noise-free fitness - Fopt (-9.649000000000e+01) | best noise-free fitness - Fopt | measured fitness | best measured fitness | x1 | x2...
1 +1.608935899e+05 +1.608935899e+05 +1.607970999e+05 +1.607970999e+05 -3.7513e+00 -1.4987e-01 +1.2195e+00 -3.2750e+00 -4.0535e+00
2 +9.927944478e+04 +9.927944478e+04 +9.918295478e+04 +9.918295478e+04 +3.7871e+00 -1.2633e+00 +2.1249e+00 -3.4081e+00 +1.5490e+00
3 +3.306101686e+04 +3.306101686e+04 +3.296452686e+04 +3.296452686e+04 -1.7778e-01 +1.8699e+00 +3.5902e-01 -1.0728e+00 -2.8744e+00
4 +2.152456885e+02 +2.152456885e+02 +1.187556885e+02 +1.187556885e+02 -3.0917e+00 -4.4628e+00 -3.0368e+00 +2.1684e+00 -1.2113e+00
8 +4.538983099e+01 +4.538983099e+01 -5.110016901e+01 -5.110016901e+01 -4.8129e+00 +3.1228e-01 -7.5991e-01 -1.5022e+00 +1.2034e+00
60 +3.018475166e+01 +3.018475166e+01 -6.630524834e+01 -6.630524834e+01 -4.4295e+00 +2.8694e-01 +5.0111e-01 +6.0040e-01 +4.0630e-01
124 +2.453135171e+01 +2.453135171e+01 -7.195864829e+01 -7.195864829e+01 -4.2577e+00 +8.5651e-01 +1.2140e+00 +1.3835e+00 +4.8803e-01
127 +1.230492078e+01 +1.230492078e+01 -8.418507922e+01 -8.418507922e+01 -5.0000e+00 +7.3365e-01 +1.6021e+00 -4.9628e-01 +1.8748e+00
406 +2.787542302e+00 +2.787542302e+00 -9.370245770e+01 -9.370245770e+01 -3.3559e+00 +1.6467e+00 +2.3861e+00 -6.1508e-01 +1.5542e+00
744 +1.337779443e+00 +1.337779443e+00 -9.515222056e+01 -9.515222056e+01 -3.1441e+00 +1.7617e+00 +2.7950e+00 -3.9606e-01 +1.6262e+00
784 +5.504309082e-01 +5.504309082e-01 -9.593956909e+01 -9.593956909e+01 -3.2201e+00 +1.7876e+00 +3.0281e+00 -3.0397e-01 +1.8552e+00
1504 +3.924628952e-01 +3.924628952e-01 -9.609753710e+01 -9.609753710e+01 -3.0375e+00 +1.8325e+00 +3.1529e+00 -2.9680e-01 +1.8832e+00
1846 +1.701729841e-01 +1.701729841e-01 -9.631982702e+01 -9.631982702e+01 -3.0580e+00 +1.7278e+00 +3.1356e+00 -4.0643e-01 +1.8827e+00
1944 +1.010896121e-01 +1.010896121e-01 -9.638891039e+01 -9.638891039e+01 -3.0809e+00 +1.6553e+00 +3.1340e+00 -4.4852e-01 +1.8887e+00
2104 +7.688444795e-02 +7.688444795e-02 -9.641311555e+01 -9.641311555e+01 -3.0802e+00 +1.6569e+00 +3.1348e+00 -4.9693e-01 +1.8857e+00
2491 +3.996262896e-02 +3.996262896e-02 -9.645003737e+01 -9.645003737e+01 -3.0571e+00 +1.6552e+00 +3.1723e+00 -4.9828e-01 +1.9207e+00
2618 +3.342133137e-02 +3.342133137e-02 -9.645657867e+01 -9.645657867e+01 -3.0299e+00 +1.6306e+00 +3.1817e+00 -5.0392e-01 +1.9355e+00
3110 +2.185087605e-02 +2.185087605e-02 -9.646814912e+01 -9.646814912e+01 -3.0350e+00 +1.6430e+00 +3.1694e+00 -5.3962e-01 +1.9294e+00
3178 +1.361111646e-02 +1.361111646e-02 -9.647638888e+01 -9.647638888e+01 -3.0201e+00 +1.6424e+00 +3.1702e+00 -5.7045e-01 +1.9308e+00
3218 +9.823773554e-03 +9.823773554e-03 -9.648017623e+01 -9.648017623e+01 -3.0068e+00 +1.6466e+00 +3.1703e+00 -5.9075e-01 +1.9268e+00
3778 +4.008549750e-03 +4.008549750e-03 -9.648599145e+01 -9.648599145e+01 -2.9956e+00 +1.6436e+00 +3.1891e+00 -5.8478e-01 +1.9359e+00
3824 +3.789393726e-03 +3.789393726e-03 -9.648621061e+01 -9.648621061e+01 -2.9947e+00 +1.6427e+00 +3.1936e+00 -5.7744e-01 +1.9426e+00
4172 +2.209200282e-03 +2.209200282e-03 -9.648779080e+01 -9.648779080e+01 -2.9803e+00 +1.6483e+00 +3.2019e+00 -5.7684e-01 +1.9446e+00
4864 +1.461425004e-03 +1.461425004e-03 -9.648853857e+01 -9.648853857e+01 -2.9770e+00 +1.6505e+00 +3.2014e+00 -5.8252e-01 +1.9457e+00
% function evaluation | noise-free fitness - Fopt (1.000000000000e+03) | best noise-free fitness - Fopt | measured fitness | best measured fitness | x1 | x2...
1 +5.574512838e+05 +5.574512838e+05 +5.584512838e+05 +5.584512838e+05 -1.1041e+00 +4.0050e+00 +3.2195e+00 +4.1343e-01 -2.4509e+00
4 +3.258713387e+05 +3.258713387e+05 +3.268713387e+05 +3.268713387e+05 +2.6151e+00 -3.2454e+00 +1.2348e+00 +3.4520e+00 +2.0486e+00
6 +1.176936550e+05 +1.176936550e+05 +1.186936550e+05 +1.186936550e+05 +4.1622e+00 +2.2194e+00 +4.1076e+00 +2.8480e+00 +2.2084e+00
29 +6.395201997e+04 +6.395201997e+04 +6.495201997e+04 +6.495201997e+04 +1.6693e+00 +3.8279e+00 +3.5699e+00 +1.4824e+00 +2.4708e+00
49 +2.218332814e+04 +2.218332814e+04 +2.318332814e+04 +2.318332814e+04 -2.7743e-02 +3.5541e+00 +1.0433e+00 +1.0261e+00 +3.9907e+00
56 +1.014454780e+04 +1.014454780e+04 +1.114454780e+04 +1.114454780e+04 +1.6176e+00 +4.5719e+00 -5.9886e-01 -2.0056e+00 +4.5838e+00
85 +9.552611178e+03 +9.552611178e+03 +1.055261118e+04 +1.055261118e+04 +1.3679e+00 +5.0000e+00 -1.1092e-02 -3.7120e+00 +5.0000e+00
86 +1.961730595e+03 +1.961730595e+03 +2.961730595e+03 +2.961730595e+03 +1.3209e+00 +5.0000e+00 +6.8270e-01 -3.2411e+00 +5.0000e+00
95 +2.148002842e+01 +2.148002842e+01 +1.021480028e+03 +1.021480028e+03 +2.5643e+00 +5.0000e+00 +1.7870e+00 -7.8188e-01 +3.7022e+00
125 +7.231390660e+00 +7.231390660e+00 +1.007231391e+03 +1.007231391e+03 +2.9853e+00 +5.0000e+00 -1.4744e-02 -3.4018e-03 +3.9338e+00
553 +5.866577715e+00 +5.866577715e+00 +1.005866578e+03 +1.005866578e+03 +2.5248e+00 +4.7317e+00 +1.4102e-01 +1.4561e-01 +3.7367e+00
721 +3.299474148e+00 +3.299474148e+00 +1.003299474e+03 +1.003299474e+03 +2.8213e+00 +4.1196e+00 +1.4574e-01 +8.7802e-01 +3.8191e+00
881 +2.243695033e+00 +2.243695033e+00 +1.002243695e+03 +1.002243695e+03 +2.4238e+00 +3.9588e+00 +4.2909e-01 +8.1860e-01 +3.8491e+00
961 +1.452880918e+00 +1.452880918e+00 +1.001452881e+03 +1.001452881e+03 +2.1548e+00 +3.8329e+00 +6.3508e-01 +8.9402e-01 +3.8006e+00
1164 +6.718952431e-01 +6.718952431e-01 +1.000671895e+03 +1.000671895e+03 +1.8678e+00 +3.5483e+00 +6.5667e-01 +9.7928e-01 +3.8759e+00
1373 +5.203848868e-01 +5.203848868e-01 +1.000520385e+03 +1.000520385e+03 +1.9875e+00 +3.4568e+00 +4.6584e-01 +1.0135e+00 +3.9135e+00
1613 +3.947328093e-01 +3.947328093e-01 +1.000394733e+03 +1.000394733e+03 +1.8990e+00 +3.3338e+00 +4.6969e-01 +1.0134e+00 +3.8855e+00
2053 +2.197532710e-01 +2.197532710e-01 +1.000219753e+03 +1.000219753e+03 +1.8445e+00 +3.3183e+00 +5.5623e-01 +1.1386e+00 +3.8894e+00
2401 +1.286630768e-01 +1.286630768e-01 +1.000128663e+03 +1.000128663e+03 +1.7986e+00 +3.2223e+00 +6.6505e-01 +1.1617e+00 +3.8973e+00
2561 +8.869507723e-02 +8.869507723e-02 +1.000088695e+03 +1.000088695e+03 +1.7474e+00 +3.2416e+00 +6.7943e-01 +1.2005e+00 +3.8558e+00
3133 +5.710522552e-02 +5.710522552e-02 +1.000057105e+03 +1.000057105e+03 +1.7654e+00 +3.1423e+00 +7.1643e-01 +1.2414e+00 +3.8521e+00
3561 +3.969999107e-02 +3.969999107e-02 +1.000039700e+03 +1.000039700e+03 +1.7649e+00 +3.1050e+00 +7.0389e-01 +1.2775e+00 +3.8558e+00
3921 +2.485520820e-02 +2.485520820e-02 +1.000024855e+03 +1.000024855e+03 +1.7501e+00 +3.1142e+00 +6.9793e-01 +1.2884e+00 +3.8586e+00
4201 +1.473469169e-02 +1.473469169e-02 +1.000014735e+03 +1.000014735e+03 +1.7208e+00 +3.1073e+00 +6.9430e-01 +1.2734e+00 +3.8597e+00
4641 +9.798641876e-03 +9.798641876e-03 +1.000009799e+03 +1.000009799e+03 +1.7076e+00 +3.0994e+00 +7.0758e-01 +1.2832e+00 +3.8693e+00
% function evaluation | noise-free fitness - Fopt (-1.547600000000e+02) | best noise-free fitness - Fopt | measured fitness | best measured fitness | x1 | x2...
1 +5.873056933e+05 +5.873056933e+05 +5.871509333e+05 +5.871509333e+05 +3.5810e+00 +4.8061e+00 -4.3881e+00 +3.3914e+00 -3.6587e+00
2 +1.295144412e+05 +1.295144412e+05 +1.293596812e+05 +1.293596812e+05 +4.6784e+00 +4.5096e+00 +3.6015e+00 -4.7599e+00 +4.6876e+00
10 +5.606898868e+04 +5.606898868e+04 +5.591422868e+04 +5.591422868e+04 +8.7519e-01 +1.8773e-01 +6.0340e-01 -3.9225e+00 +2.2045e+00
29 +3.804832790e+04 +3.804832790e+04 +3.789356790e+04 +3.789356790e+04 -7.6773e-01 +4.7397e+00 -2.3286e+00 -6.2660e-01 +4.1652e+00
42 +9.291865999e+03 +9.291865999e+03 +9.137105999e+03 +9.137105999e+03 +2.3001e+00 +2.2167e+00 +1.7026e+00 -2.8588e+00 +5.0000e+00
70 +3.044212412e+01 +3.044212412e+01 -1.243178759e+02 -1.243178759e+02 +1.4971e-01 +2.4485e+00 +2.7889e+00 -2.5230e-01 +5.0000e+00
140 +2.055103108e+01 +2.055103108e+01 -1.342089689e+02 -1.342089689e+02 +1.5526e+00 +1.8154e+00 +1.7604e+00 -7.3013e-01 +5.0000e+00
240 +1.256579057e+01 +1.256579057e+01 -1.421942094e+02 -1.421942094e+02 +1.9009e+00 +2.4081e+00 +1.3090e+00 -1.2750e+00 +5.0000e+00
296 +8.891607663e+00 +8.891607663e+00 -1.458683923e+02 -1.458683923e+02 +1.1659e+00 +3.3698e+00 +1.7823e-01 -1.8195e+00 +5.0000e+00
4327 +5.716916890e+00 +5.716916890e+00 -1.490430831e+02 -1.490430831e+02 +1.2586e+00 +3.5498e+00 -3.0305e-01 -1.6304e+00 +4.5110e+00
4403 +3.948634214e+00 +3.948634214e+00 -1.508113658e+02 -1.508113658e+02 +1.2117e+00 +3.5456e+00 -3.1703e-01 -1.7832e+00 +4.2187e+00
4517 +2.493921162e+00 +2.493921162e+00 -1.522660788e+02 -1.522660788e+02 +1.2120e+00 +3.3768e+00 -4.0792e-01 -1.8148e+00 +3.8634e+00
4554 +1.374806609e+00 +1.374806609e+00 -1.533851934e+02 -1.533851934e+02 +1.2531e+00 +3.1369e+00 -1.2073e-01 -1.8739e+00 +3.6531e+00
4577 +6.516673591e-01 +6.516673591e-01 -1.541083326e+02 -1.541083326e+02 +1.3534e+00 +3.0367e+00 +1.8373e-01 -1.9896e+00 +3.4313e+00
4604 +4.365007832e-01 +4.365007832e-01 -1.543234992e+02 -1.543234992e+02 +1.3294e+00 +2.9485e+00 +2.4256e-01 -1.9024e+00 +3.2638e+00
4610 +2.949348225e-01 +2.949348225e-01 -1.544650652e+02 -1.544650652e+02 +1.3537e+00 +2.9175e+00 +2.2770e-01 -1.9963e+00 +3.2079e+00
4645 +2.189556000e-01 +2.189556000e-01 -1.545410444e+02 -1.545410444e+02 +1.3960e+00 +2.9136e+00 +3.0540e-01 -1.9778e+00 +3.0988e+00
4994 +1.392262262e-01 +1.392262262e-01 -1.546207738e+02 -1.546207738e+02 +1.4818e+00 +2.9673e+00 +1.5830e-01 -1.9792e+00 +3.1630e+00
% function evaluation | noise-free fitness - Fopt (3.914000000000e+01) | best noise-free fitness - Fopt | measured fitness | best measured fitness | x1 | x2...
1 +8.057983963e+05 +8.057983963e+05 +8.058375363e+05 +8.058375363e+05 +2.9655e+00 -7.5503e-02 +4.4011e+00 +1.3926e+00 -9.5433e-01
2 +4.015180170e+05 +4.015180170e+05 +4.015571570e+05 +4.015571570e+05 +1.3944e-01 -3.4299e-01 -7.9190e-01 +1.0695e+00 -3.5488e+00
7 +1.851995363e+05 +1.851995363e+05 +1.852386763e+05 +1.852386763e+05 -3.9153e+00 +2.7309e+00 -1.0974e+00 -5.4047e-01 +8.1366e-01
12 +1.319222781e+05 +1.319222781e+05 +1.319614181e+05 +1.319614181e+05 -2.1239e+00 -4.6262e+00 -4.3164e+00 +1.9021e+00 +4.1401e-01
16 +2.761151501e+04 +2.761151501e+04 +2.765065501e+04 +2.765065501e+04 -2.5260e+00 -3.6770e+00 -2.9913e+00 -4.5258e+00 +4.2090e+00
39 +1.366195611e+04 +1.366195611e+04 +1.370109611e+04 +1.370109611e+04 -4.8420e+00 -2.7294e-01 -8.2385e-02 -2.1128e-02 +3.0350e+00
76 +3.232489051e+03 +3.232489051e+03 +3.271629051e+03 +3.271629051e+03 -2.8110e+00 -3.4524e+00 -7.6133e-01 +1.2312e+00 +4.7803e+00
81 +2.423040038e+03 +2.423040038e+03 +2.462180038e+03 +2.462180038e+03 -5.0000e+00 -4.2521e+00 -3.0692e+00 +4.6972e-01 +5.0000e+00
94 +1.065256069e+02 +1.065256069e+02 +1.456656069e+02 +1.456656069e+02 -5.0000e+00 -1.5465e+00 -3.8211e+00 +1.9380e+00 +5.0000e+00
97 +9.354162697e+01 +9.354162697e+01 +1.326816270e+02 +1.326816270e+02 -2.5029e+00 -4.0693e+00 -4.9959e+00 +8.1956e-01 +5.0000e+00
109 +3.668533655e+01 +3.668533655e+01 +7.582533655e+01 +7.582533655e+01 -3.1151e+00 -2.1561e+00 -1.5200e+00 +2.8481e+00 +5.0000e+00
210 +2.466823033e+01 +2.466823033e+01 +6.380823033e+01 +6.380823033e+01 -1.4190e+00 -3.2354e+00 -1.9053e+00 +2.0538e+00 +5.0000e+00
338 +1.401311164e+01 +1.401311164e+01 +5.315311164e+01 +5.315311164e+01 -1.6557e+00 -3.1300e+00 -3.3735e-01 +3.0600e+00 +5.0000e+00
4521 +9.208415975e+00 +9.208415975e+00 +4.834841598e+01 +4.834841598e+01 -1.2068e+00 -2.9120e+00 -3.6672e-01 +2.9481e+00 +4.4495e+00
4603 +5.815855324e+00 +5.815855324e+00 +4.495585532e+01 +4.495585532e+01 -1.1544e+00 -2.9779e+00 -4.9478e-01 +2.5475e+00 +4.0503e+00
4611 +3.937961923e+00 +3.937961923e+00 +4.307796192e+01 +4.307796192e+01 -1.1532e+00 -2.6274e+00 -4.0891e-01 +2.4640e+00 +3.7645e+00
4646 +2.431398861e+00 +2.431398861e+00 +4.157139886e+01 +4.157139886e+01 -1.1379e+00 -2.7032e+00 -4.8398e-01 +2.2054e+00 +3.5252e+00
4896 +1.412352604e+00 +1.412352604e+00 +4.055235260e+01 +4.055235260e+01 -1.3048e+00 -2.8520e+00 -6.2764e-01 +1.9607e+00 +3.3674e+00
% function evaluation | noise-free fitness - Fopt (-1.186000000000e+01) | best noise-free fitness - Fopt | measured fitness | best measured fitness | x1 | x2...
1 +3.121738983e+05 +3.121738983e+05 +3.121620383e+05 +3.121620383e+05 +2.6746e+00 -3.8811e+00 +2.0091e+00 +1.8799e+00 +3.9112e+00
2 +6.492021256e+04 +6.492021256e+04 +6.490835256e+04 +6.490835256e+04 -7.2018e-02 +6.3867e-01 -2.4712e+00 -3.6132e+00 +2.8360e-01
4 +6.007395329e+04 +6.007395329e+04 +6.006209329e+04 +6.006209329e+04 +4.6977e+00 +2.8909e+00 -5.8727e-01 -1.3643e+00 +2.9133e+00
8 +3.238719777e+04 +3.238719777e+04 +3.237533777e+04 +3.237533777e+04 +4.4779e+00 -2.7035e-01 +4.4232e+00 -1.2682e+00 -3.8106e+00
17 +2.470736260e+04 +2.470736260e+04 +2.469550260e+04 +2.469550260e+04 +4.1197e+00 +3.4003e+00 +3.2125e+00 -2.2746e+00 -3.3440e+00
42 +1.205715452e+02 +1.205715452e+02 +1.087115452e+02 +1.087115452e+02 +4.9280e+00 +5.0000e+00 +2.5288e+00 -5.0000e+00 -1.9258e+00
84 +3.956347114e+01 +3.956347114e+01 +2.770347114e+01 +2.770347114e+01 +4.6690e+00 +3.6644e+00 -2.0385e-01 -2.3829e+00 +0.0000e+00
123 +1.700967269e+01 +1.700967269e+01 +5.149672687e+00 +5.149672687e+00 +5.0000e+00 +2.5708e+00 -1.6777e+00 -3.3997e+00 +1.9781e+00
241 +1.264747254e+01 +1.264747254e+01 +7.874725438e-01 +7.874725438e-01 +5.0000e+00 +2.6701e+00 -2.2666e+00 -2.9240e+00 +2.2685e+00
1018 +7.908353039e+00 +7.908353039e+00 -3.951646961e+00 -3.951646961e+00 +4.6274e+00 +3.7857e+00 -2.5915e+00 -4.4544e+00 +2.7323e+00
1166 +5.944748886e+00 +5.944748886e+00 -5.915251114e+00 -5.915251114e+00 +4.2942e+00 +3.4206e+00 -2.4939e+00 -4.1943e+00 +2.6475e+00
1208 +3.914583307e+00 +3.914583307e+00 -7.945416693e+00 -7.945416693e+00 +4.0207e+00 +2.7656e+00 -2.6034e+00 -3.9403e+00 +2.7993e+00
1273 +2.012404078e+00 +2.012404078e+00 -9.847595922e+00 -9.847595922e+00 +3.3666e+00 +2.5974e+00 -2.4197e+00 -3.5155e+00 +2.1275e+00
1487 +1.387080506e+00 +1.387080506e+00 -1.047291949e+01 -1.047291949e+01 +3.3446e+00 +2.5596e+00 -2.5367e+00 -3.3854e+00 +2.1659e+00
1687 +8.006180851e-01 +8.006180851e-01 -1.105938191e+01 -1.105938191e+01 +3.3054e+00 +2.5426e+00 -2.6257e+00 -3.4769e+00 +2.3974e+00
1828 +5.281863305e-01 +5.281863305e-01 -1.133181367e+01 -1.133181367e+01 +3.0723e+00 +2.6393e+00 -2.6241e+00 -3.4972e+00 +2.2125e+00
1933 +2.322152100e-01 +2.322152100e-01 -1.162778479e+01 -1.162778479e+01 +3.0069e+00 +2.6814e+00 -2.6679e+00 -3.4716e+00 +2.2979e+00
2211 +1.539883001e-01 +1.539883001e-01 -1.170601170e+01 -1.170601170e+01 +2.9961e+00 +2.6372e+00 -2.7199e+00 -3.4151e+00 +2.2832e+00
2728 +9.890808968e-02 +9.890808968e-02 -1.176109191e+01 -1.176109191e+01 +2.9572e+00 +2.7124e+00 -2.8016e+00 -3.4561e+00 +2.2780e+00
2948 +4.293970310e-02 +4.293970310e-02 -1.181706030e+01 -1.181706030e+01 +2.9546e+00 +2.7058e+00 -2.7902e+00 -3.3797e+00 +2.3146e+00
3193 +2.983669640e-02 +2.983669640e-02 -1.183016330e+01 -1.183016330e+01 +2.9405e+00 +2.6925e+00 -2.8000e+00 -3.3927e+00 +2.3274e+00
3839 +2.129410268e-02 +2.129410268e-02 -1.183870590e+01 -1.183870590e+01 +2.9187e+00 +2.6461e+00 -2.7857e+00 -3.3670e+00 +2.3264e+00
3902 +1.398970473e-02 +1.398970473e-02 -1.184601030e+01 -1.184601030e+01 +2.9157e+00 +2.6457e+00 -2.7819e+00 -3.3900e+00 +2.3488e+00
4359 +9.358044156e-03 +9.358044156e-03 -1.185064196e+01 -1.185064196e+01 +2.9130e+00 +2.6492e+00 -2.8121e+00 -3.3917e+00 +2.3512e+00
4747 +5.513257437e-03 +5.513257437e-03 -1.185448674e+01 -1.185448674e+01 +2.9114e+00 +2.6487e+00 -2.8032e+00 -3.4036e+00 +2.3645e+00
4902 +3.421803751e-03 +3.421803751e-03 -1.185657820e+01 -1.185657820e+01 +2.9012e+00 +2.6403e+00 -2.8056e+00 -3.3983e+00 +2.3617e+00
% function evaluation | noise-free fitness - Fopt (7.068000000000e+01) | best noise-free fitness - Fopt | measured fitness | best measured fitness | x1 | x2...
1 +3.375053083e+04 +3.375053083e+04 +3.382121083e+04 +3.382121083e+04 +2.7323e+00 +4.3235e-01 -2.4257e+00 +5.0203e-01 +1.1614e+00
4 +2.317439959e+04 +2.317439959e+04 +2.324507959e+04 +2.324507959e+04 -8.4897e-01 +3.0199e+00 -4.2958e+00 -1.0271e+00 -5.5990e-01
14 +5.546850342e+02 +5.546850342e+02 +6.253650342e+02 +6.253650342e+02 +9.0655e-01 -9.5923e-01 -3.4681e+00 +3.2814e+00 +4.1477e+00
26 +6.220744335e+01 +6.220744335e+01 +1.328874433e+02 +1.328874433e+02 +2.6458e+00 +1.1935e+00 -4.8418e+00 -2.1681e-01 +3.1954e+00
168 +2.914297962e+01 +2.914297962e+01 +9.982297962e+01 +9.982297962e+01 +1.0860e+00 +2.0465e+00 -3.8244e+00 +2.0684e+00 +1.5580e+00
261 +2.147963358e+01 +2.147963358e+01 +9.215963358e+01 +9.215963358e+01 +3.1361e-01 +4.6477e+00 -4.0078e+00 +2.4141e+00 +9.8222e-01
349 +1.472383288e+01 +1.472383288e+01 +8.540383288e+01 +8.540383288e+01 -1.5394e-01 +4.1805e+00 -3.7846e+00 +2.0883e+00 +5.0148e-01
496 +9.381004611e+00 +9.381004611e+00 +8.006100461e+01 +8.006100461e+01 -2.2710e-01 +2.7602e+00 -2.3817e+00 +2.1322e+00 +3.7270e-02
759 +2.704281357e+00 +2.704281357e+00 +7.338428136e+01 +7.338428136e+01 -1.6878e-01 +3.0972e+00 -2.2518e+00 +1.3329e+00 +1.8765e-01
1118 +2.481267185e+00 +2.481267185e+00 +7.316126718e+01 +7.316126718e+01 -3.8637e-01 +3.0402e+00 -2.2844e+00 +1.0168e+00 +2.1616e-01
1143 +1.366372850e+00 +1.366372850e+00 +7.204637285e+01 +7.204637285e+01 -2.2668e-02 +3.4894e+00 -2.2145e+00 +7.2928e-01 +4.2457e-01
1274 +8.657815915e-01 +8.657815915e-01 +7.154578159e+01 +7.154578159e+01 -1.5832e-01 +3.4423e+00 -2.2419e+00 +5.1273e-01 +1.1801e-01
1554 +4.377800509e-01 +4.377800509e-01 +7.111778005e+01 +7.111778005e+01 -2.5935e-01 +3.4286e+00 -2.2387e+00 +5.9362e-01 +1.2406e-01
2278 +3.586180020e-01 +3.586180020e-01 +7.103861800e+01 +7.103861800e+01 -2.5421e-01 +3.2823e+00 -2.2701e+00 +4.4808e-01 +9.3786e-02
2594 +2.034610784e-01 +2.034610784e-01 +7.088346108e+01 +7.088346108e+01 -2.1409e-01 +3.1607e+00 -2.1956e+00 +3.1803e-01 +1.0395e-01
3138 +1.268642923e-01 +1.268642923e-01 +7.080686429e+01 +7.080686429e+01 -2.3702e-01 +3.1522e+00 -2.1005e+00 +4.0920e-01 +2.8299e-02
3196 +8.016509263e-02 +8.016509263e-02 +7.076016509e+01 +7.076016509e+01 -2.5042e-01 +3.1299e+00 -2.0645e+00 +3.3348e-01 +7.4151e-02
3439 +6.131988744e-02 +6.131988744e-02 +7.074131989e+01 +7.074131989e+01 -2.5376e-01 +3.1509e+00 -2.0630e+00 +3.3688e-01 +5.8993e-02
3905 +3.627505689e-02 +3.627505689e-02 +7.071627506e+01 +7.071627506e+01 -2.5995e-01 +3.1633e+00 -2.0398e+00 +3.5314e-01 +2.1606e-02
4215 +2.144336984e-02 +2.144336984e-02 +7.070144337e+01 +7.070144337e+01 -2.8244e-01 +3.1724e+00 -2.0150e+00 +3.5449e-01 +2.2611e-02
4396 +1.536699695e-02 +1.536699695e-02 +7.069536700e+01 +7.069536700e+01 -2.6843e-01 +3.1837e+00 -2.0384e+00 +3.3209e-01 +4.5899e-03
4975 +9.979779586e-03 +9.979779586e-03 +7.068997978e+01 +7.068997978e+01 -2.6934e-01 +3.1938e+00 -2.0451e+00 +3.1980e-01 +1.0554e-03
% function evaluation | noise-free fitness - Fopt (-6.260000000000e+00) | best noise-free fitness - Fopt | measured fitness | best measured fitness | x1 | x2...
1 +7.515389927e+04 +7.515389927e+04 +7.514763927e+04 +7.514763927e+04 -3.8421e+00 +1.6842e+00 -3.9101e+00 +1.7449e+00 -1.4020e+00
3 +3.772584909e+04 +3.772584909e+04 +3.771958909e+04 +3.771958909e+04 -1.0377e-01 -2.7032e+00 -2.7523e+00 +1.4954e+00 +1.0980e+00
30 +7.055013490e+01 +7.055013490e+01 +6.429013490e+01 +6.429013490e+01 -3.8508e+00 -4.1380e+00 -1.8677e-01 -2.9033e+00 -3.8555e+00
72 +6.209315479e+01 +6.209315479e+01 +5.583315479e+01 +5.583315479e+01 -5.0000e+00 -5.0000e+00 -6.9105e-01 -3.7679e+00 -2.0845e+00
147 +3.712690520e+01 +3.712690520e+01 +3.086690520e+01 +3.086690520e+01 -3.8110e+00 -5.0000e+00 +3.3310e-01 -3.7486e+00 -8.2265e-01
253 +2.409670732e+01 +2.409670732e+01 +1.783670732e+01 +1.783670732e+01 -3.0681e+00 -4.8897e+00 -4.0344e-01 -2.0851e+00 +4.3477e-02
463 +1.467377378e+01 +1.467377378e+01 +8.413773780e+00 +8.413773780e+00 -1.8730e+00 -5.0000e+00 -1.4601e+00 -1.5901e+00 +1.2655e+00
1291 +8.657859716e+00 +8.657859716e+00 +2.397859716e+00 +2.397859716e+00 -7.8271e-01 -4.7733e+00 -1.1332e+00 -1.8727e+00 +9.6823e-01
2207 +5.991960203e+00 +5.991960203e+00 -2.680397967e-01 -2.680397967e-01 -3.2950e-01 -4.1349e+00 -1.1692e+00 -1.2893e+00 +9.2578e-01
2331 +3.813786339e+00 +3.813786339e+00 -2.446213661e+00 -2.446213661e+00 -2.5345e-01 -3.6493e+00 -1.3970e+00 -1.2892e+00 +7.4660e-01
2422 +2.180922155e+00 +2.180922155e+00 -4.079077845e+00 -4.079077845e+00 +2.4886e-02 -3.0651e+00 -1.4020e+00 -1.1298e+00 +5.2601e-01
2478 +1.171550725e+00 +1.171550725e+00 -5.088449275e+00 -5.088449275e+00 -1.3438e-01 -2.6937e+00 -1.4497e+00 -1.3597e+00 +6.3954e-01
2556 +9.489377167e-01 +9.489377167e-01 -5.311062283e+00 -5.311062283e+00 -3.2890e-02 -2.3594e+00 -1.5047e+00 -1.2982e+00 +3.8405e-01
2680 +4.622526636e-01 +4.622526636e-01 -5.797747336e+00 -5.797747336e+00 +4.3121e-02 -2.3533e+00 -1.5654e+00 -1.0593e+00 +6.3541e-01
2920 +3.853626015e-01 +3.853626015e-01 -5.874637398e+00 -5.874637398e+00 +2.5513e-02 -2.1863e+00 -1.5531e+00 -1.1700e+00 +5.2133e-01
2931 +2.395843780e-01 +2.395843780e-01 -6.020415622e+00 -6.020415622e+00 +5.4603e-02 -2.0302e+00 -1.5326e+00 -1.0271e+00 +6.4736e-01
3009 +1.347657563e-01 +1.347657563e-01 -6.125234244e+00 -6.125234244e+00 +1.6722e-01 -1.9208e+00 -1.5620e+00 -9.5580e-01 +6.3643e-01
3103 +9.805895743e-02 +9.805895743e-02 -6.161941043e+00 -6.161941043e+00 +1.9504e-01 -1.9795e+00 -1.5718e+00 -1.0109e+00 +5.4198e-01
3663 +5.208510394e-02 +5.208510394e-02 -6.207914896e+00 -6.207914896e+00 +2.3298e-01 -1.9794e+00 -1.5723e+00 -9.9623e-01 +5.8819e-01
4088 +2.563849623e-02 +2.563849623e-02 -6.234361504e+00 -6.234361504e+00 +2.5262e-01 -1.9348e+00 -1.5823e+00 -9.9936e-01 +5.9995e-01
4263 +2.413475883e-02 +2.413475883e-02 -6.235865241e+00 -6.235865241e+00 +2.6042e-01 -1.9306e+00 -1.5799e+00 -9.9853e-01 +5.9467e-01
4823 +1.543331615e-02 +1.543331615e-02 -6.244566684e+00 -6.244566684e+00 +2.7595e-01 -1.9503e+00 -1.6011e+00 -9.9328e-01 +6.3402e-01
% function evaluation | noise-free fitness - Fopt (1.838600000000e+02) | best noise-free fitness - Fopt | measured fitness | best measured fitness | x1 | x2...
1 +3.705665993e+05 +3.705665993e+05 +3.707504593e+05 +3.707504593e+05 +1.0323e+00 +3.9762e+00 +4.7569e+00 -4.4445e+00 +7.2827e-01
2 +3.602716107e+04 +3.602716107e+04 +3.621102107e+04 +3.621102107e+04 +2.2085e+00 -1.3542e+00 +5.5073e-01 +2.8107e+00 -4.9214e+00
6 +1.255494966e+02 +1.255494966e+02 +3.094094966e+02 +3.094094966e+02 +4.9015e+00 -8.0820e-01 -3.2939e+00 -7.0633e-01 +3.5348e+00
28 +9.391203274e+01 +9.391203274e+01 +2.777720327e+02 +2.777720327e+02 +4.9525e+00 -4.6969e+00 +1.4479e+00 +3.3979e+00 -2.6648e+00
30 +4.500019813e+01 +4.500019813e+01 +2.288601981e+02 +2.288601981e+02 +2.6738e+00 -3.4531e+00 -5.7473e-01 -3.6115e-01 +1.3046e+00
140 +3.927240418e+01 +3.927240418e+01 +2.231324042e+02 +2.231324042e+02 +3.5970e+00 -8.1878e-01 +1.1542e+00 -1.4836e+00 -1.1498e+00
252 +2.425366169e+01 +2.425366169e+01 +2.081136617e+02 +2.081136617e+02 +1.7938e+00 -3.0506e+00 +5.2313e-01 -1.1642e+00 +1.5884e+00
304 +1.006319166e+01 +1.006319166e+01 +1.939231917e+02 +1.939231917e+02 +1.9304e+00 -3.9397e+00 +2.5622e+00 -1.4034e+00 +3.2629e+00
379 +7.703625211e+00 +7.703625211e+00 +1.915636252e+02 +1.915636252e+02 +1.7270e+00 -4.3823e+00 +2.5962e+00 -8.3559e-01 +2.9039e+00
617 +2.651086327e+00 +2.651086327e+00 +1.865110863e+02 +1.865110863e+02 +6.2863e-01 -3.6829e+00 +3.0989e+00 -1.4356e+00 +2.8440e+00
764 +2.383046487e+00 +2.383046487e+00 +1.862430465e+02 +1.862430465e+02 +5.8644e-01 -3.7612e+00 +3.1995e+00 -1.1440e+00 +2.6158e+00
1137 +1.341984598e+00 +1.341984598e+00 +1.852019846e+02 +1.852019846e+02 +9.9787e-01 -3.5905e+00 +3.5077e+00 -1.3688e+00 +2.0208e+00
1164 +7.232873389e-01 +7.232873389e-01 +1.845832873e+02 +1.845832873e+02 +7.0811e-01 -3.6718e+00 +3.5349e+00 -1.4499e+00 +2.1879e+00
1417 +3.923865148e-01 +3.923865148e-01 +1.842523865e+02 +1.842523865e+02 +5.7950e-01 -3.7780e+00 +3.6546e+00 -1.3901e+00 +2.2421e+00
1688 +2.214409897e-01 +2.214409897e-01 +1.840814410e+02 +1.840814410e+02 +4.1394e-01 -3.7325e+00 +3.7184e+00 -1.4112e+00 +2.2501e+00
2130 +1.516135660e-01 +1.516135660e-01 +1.840116136e+02 +1.840116136e+02 +4.3948e-01 -3.7114e+00 +3.7650e+00 -1.5018e+00 +2.2925e+00
2370 +9.965867306e-02 +9.965867306e-02 +1.839596587e+02 +1.839596587e+02 +4.6270e-01 -3.7139e+00 +3.8272e+00 -1.4247e+00 +2.2675e+00
2644 +5.794420624e-02 +5.794420624e-02 +1.839179442e+02 +1.839179442e+02 +3.7622e-01 -3.7159e+00 +3.8334e+00 -1.4624e+00 +2.3380e+00
3257 +3.083123205e-02 +3.083123205e-02 +1.838908312e+02 +1.838908312e+02 +3.3898e-01 -3.7152e+00 +3.8682e+00 -1.4550e+00 +2.3255e+00
3524 +1.574950445e-02 +1.574950445e-02 +1.838757495e+02 +1.838757495e+02 +3.2036e-01 -3.7123e+00 +3.9003e+00 -1.4732e+00 +2.3231e+00
