% function evaluation | noise-free fitness - Fopt (7.948000000000e+01) | best noise-free fitness - Fopt | measured fitness | best measured fitness | x1 | x2...
1 +9.620534121e+01 +9.620534121e+01 +1.756853412e+02 +1.756853412e+02 -2.9823e+00 -1.8921e+00 +4.7780e-01 +4.7338e+00 +3.9702e+00 +8.2278e-02 -2.5933e+00 -1.3938e+00 +5.7174e-01 +1.2154e+00
2 +5.193519850e+01 +5.193519850e+01 +1.314151985e+02 +1.314151985e+02 +1.7555e+00 -4.7702e+00 +1.5448e-01 +1.1353e+00 -4.8471e+00 -7.6397e-01 -1.4571e+00 +2.5888e+00 -2.2182e+00 +1.5154e+00
45 +2.679637078e+01 +2.679637078e+01 +1.062763708e+02 +1.062763708e+02 +3.7575e+00 -2.2391e+00 +1.2169e-01 +6.2656e-01 -2.7064e+00 -1.0516e+00 +2.5160e+00 +6.6625e-01 -4.6920e-01 -3.3960e+00
147 +1.807855808e+01 +1.807855808e+01 +9.755855808e+01 +9.755855808e+01 +2.4092e+00 -2.3057e+00 +3.3744e-01 -2.7209e-01 -4.1112e+00 +5.8214e-01 -2.8415e-01 +1.0930e+00 -2.9236e+00 -1.8457e+00
1823 +1.360010194e+01 +1.360010194e+01 +9.308010194e+01 +9.308010194e+01 -7.6335e-01 -5.4749e-01 -9.8586e-02 +2.1519e+00 -1.3106e+00 -6.7584e-01 +1.4129e+00 -1.5612e+00 +7.2655e-03 -2.1786e+00
% function evaluation | noise-free fitness - Fopt (3.944800000000e+02) | best noise-free fitness - Fopt | measured fitness | best measured fitness | x1 | x2...
1 +2.000013008e+02 +2.000013008e+02 +5.944813008e+02 +5.944813008e+02 +2.6080e+00 +2.9052e+00 -2.0738e+00 +2.6856e+00 -2.4902e+00 +2.8487e+00 +1.1437e-01 -1.1444e+00 -1.2053e-01 +4.2217e+00
2 +1.496191744e+02 +1.496191744e+02 +5.440991744e+02 +5.440991744e+02 -4.3064e+00 +2.4813e+00 +1.1642e+00 +1.1154e+00 -2.6706e+00 +2.6018e+00 +4.1856e+00 +3.8495e+00 -2.1857e+00 +1.0936e+00
10 +9.559015749e+01 +9.559015749e+01 +4.900701575e+02 +4.900701575e+02 +1.2433e+00 -1.5674e+00 -1.6947e+00 +3.6488e+00 -3.6534e+00 +1.5897e-01 +3.0533e+00 +1.0428e+00 +6.7365e-01 +1.5441e+00
85 +5.761987989e+01 +5.761987989e+01 +4.520998799e+02 +4.520998799e+02 +4.5727e-01 -2.5539e+00 +1.5096e+00 +3.9883e+00 +1.9427e+00 -3.2455e+00 +4.4570e+00 +8.7546e-01 -3.2921e+00 -3.6245e+00
328 +3.399043890e+01 +3.399043890e+01 +4.284704389e+02 +4.284704389e+02 -4.1984e+00 +9.3253e-01 -1.8416e+00 +1.5981e+00 -1.2755e+00 -9.4686e-01 +3.7602e+00 -1.7047e+00 -2.4683e-01 -3.6842e+00
4656 +1.931733704e+01 +1.931733704e+01 +4.137973370e+02 +4.137973370e+02 -3.4860e+00 -4.2854e+00 -3.2876e+00 +4.0682e+00 -2.2159e+00 -3.2358e+00 +3.9355e+00 +4.3971e-01 -3.3089e+00 -3.3684e+00
% function evaluation | noise-free fitness - Fopt (-2.471100000000e+02) | best noise-free fitness - Fopt | measured fitness | best measured fitness | x1 | x2...
1 +1.606381418e+02 +1.606381418e+02 -8.647185817e+01 -8.647185817e+01 -1.1349e+00 -1.9822e+00 +4.8302e-01 +6.1772e-01 -1.2338e+00 +1.0642e+00 -4.7889e+00 +2.5139e+00 -3.7218e+00 +5.9488e-01
4 +1.228910705e+02 +1.228910705e+02 -1.242189295e+02 -1.242189295e+02 -5.4060e-01 +4.8522e+00 +1.7448e+00 -3.9784e+00 -3.6924e-02 +1.3680e+00 +1.7499e+00 +3.7395e+00 +6.3229e-01 -7.9808e-01
14 +7.082556653e+01 +7.082556653e+01 -1.762844335e+02 -1.762844335e+02 -3.3909e+00 +3.0350e+00 -3.2944e-01 -4.9479e+00 -2.7704e+00 -2.4741e+00 +3.5895e+00 +1.4250e+00 +1.9224e+00 +5.3515e-01
41 +6.030823458e+01 +6.030823458e+01 -1.868017654e+02 -1.868017654e+02 -3.1033e+00 +4.0170e+00 +3.1373e+00 -4.9660e-01 -2.6307e+00 -1.1396e+00 +3.3901e+00 -1.8995e+00 +1.6926e+00 +1.8001e+00
76 +3.838821279e+01 +3.838821279e+01 -2.087217872e+02 -2.087217872e+02 -4.2220e+00 -1.9332e+00 +2.6440e-02 -6.5598e-01 -6.9562e-01 -8.6660e-01 +3.1003e+00 -2.9035e+00 -2.2623e+00 +1.3509e+00
799 +2.226559963e+01 +2.226559963e+01 -2.248444004e+02 -2.248444004e+02 -3.3978e+00 +1.6799e+00 -2.7761e+00 -2.5463e+00 -2.4863e+00 +3.8340e+00 +2.3432e+00 -6.8108e-01 +2.2890e-01 +2.3070e+00
% function evaluation | noise-free fitness - Fopt (-1.520400000000e+02) | best noise-free fitness - Fopt | measured fitness | best measured fitness | x1 | x2...
1 +1.217092394e+02 +1.217092394e+02 -3.033076060e+01 -3.033076060e+01 +3.5768e+00 +4.7652e-01 -1.7096e+00 -4.4045e+00 +1.2421e+00 -2.6854e+00 +2.7388e+00 +2.7246e+00 +4.0022e+00 +4.6258e+00
5 +6.064323863e+01 +6.064323863e+01 -9.139676137e+01 -9.139676137e+01 +1.7228e+00 -9.2179e-01 -3.1023e+00 +4.6293e+00 -2.6788e+00 -1.7889e+00 +5.0199e-01 -4.3774e+00 +2.7023e+00 +2.0283e+00
28 +3.386335873e+01 +3.386335873e+01 -1.181766413e+02 -1.181766413e+02 -1.8270e+00 -1.3478e+00 -2.2775e+00 +3.8713e-01 -4.1474e-01 +4.8568e-01 +1.8053e-01 +1.0818e+00 +1.2529e+00 +3.7341e+00
1702 +2.335539957e+01 +2.335539957e+01 -1.286846004e+02 -1.286846004e+02 +1.7398e+00 +2.2207e+00 -4.0243e+00 +3.8869e+00 +4.5773e+00 -7.5978e-01 -2.2314e+00 -3.4826e+00 +3.3091e+00 +3.3964e+00
% function evaluation | noise-free fitness - Fopt (-2.525000000000e+01) | best noise-free fitness - Fopt | measured fitness | best measured fitness | x1 | x2...
1 +8.905472170e+01 +8.905472170e+01 +6.380472170e+01 +6.380472170e+01 +4.0317e+00 +3.2626e+00 +2.8388e+00 -6.2738e-01 +3.8819e+00 +2.9967e+00 -9.2639e-01 -2.4639e+00 +3.8428e+00 +3.8339e+00
11 +4.741201750e+01 +4.741201750e+01 +2.216201750e+01 +2.216201750e+01 +3.6835e+00 +3.1803e+00 -2.9948e-01 +2.9031e-01 +4.2280e+00 +7.0076e-01 -4.5577e+00 +2.6303e+00 -9.7356e-01 -4.3650e+00
27 +3.454118475e+01 +3.454118475e+01 +9.291184752e+00 +9.291184752e+00 +1.6935e+00 +3.3239e-01 -4.4886e+00 -2.3627e+00 +4.9703e+00 +8.2239e-01 -4.2452e-01 -3.9207e+00 -1.5879e+00 -3.4490e+00
127 +2.326149200e+01 +2.326149200e+01 -1.988507999e+00 -1.988507999e+00 +2.3155e+00 -9.6715e-03 -7.1907e-01 -3.6180e+00 +3.5966e+00 -3.1340e+00 -4.2414e+00 +6.2392e-01 +9.0912e-01 -2.6363e+00
2155 +8.814409831e+00 +8.814409831e+00 -1.643559017e+01 -1.643559017e+01 +4.1414e+00 -1.4822e+00 -1.8178e+00 -1.8602e+00 +3.9506e+00 +1.5278e-01 -2.2977e+00 -2.6461e-01 +2.1917e+00 -3.0048e+00
% function evaluation | noise-free fitness - Fopt (-2.017200000000e+02) | best noise-free fitness - Fopt | measured fitness | best measured fitness | x1 | x2...
1 +1.810967963e+02 +1.810967963e+02 -2.062320369e+01 -2.062320369e+01 -4.6279e+00 +1.7215e+00 -9.1759e-01 -2.8511e+00 -1.1413e+00 -4.8581e+00 +6.3221e-01 +1.6724e+00 -4.6448e+00 +4.0933e+00
2 +1.478351753e+02 +1.478351753e+02 -5.388482469e+01 -5.388482469e+01 +1.2971e+00 +1.5313e+00 -3.0379e+00 -2.6904e+00 -1.2209e+00 +2.9709e+00 +1.1434e+00 -2.0072e+00 +9.8967e-01 +2.5237e+00
4 +6.865226425e+01 +6.865226425e+01 -1.330677358e+02 -1.330677358e+02 +2.5735e+00 -3.6016e-01 +1.0329e+00 -6.4506e-01 -1.2580e+00 -8.8162e-01 +8.0612e-01 +1.1365e+00 -2.1530e+00 -2.3010e+00
37 +6.103570646e+01 +6.103570646e+01 -1.406842935e+02 -1.406842935e+02 +2.0468e+00 -3.4677e+00 -1.0446e+00 -7.3510e-01 +4.6615e+00 +3.1755e-01 -1.2404e+00 -1.1689e-01 +1.5778e+00 +1.0091e+00
199 +3.336261508e+01 +3.336261508e+01 -1.683573849e+02 -1.683573849e+02 -2.5573e+00 -2.4188e+00 +1.1557e+00 -9.0376e-01 +3.5872e+00 -1.1444e+00 +5.7718e-01 +2.0942e+00 -9.0332e-01 -2.4781e+00
375 +2.481771464e+01 +2.481771464e+01 -1.769022854e+02 -1.769022854e+02 -3.6805e-01 -4.6997e+00 -2.1097e+00 +1.3815e+00 -2.1626e-01 +1.0299e+00 +6.6251e-04 +1.0511e+00 -1.0268e+00 -2.7813e+00
4341 +1.425876105e+01 +1.425876105e+01 -1.874612390e+02 -1.874612390e+02 -1.0438e+00 -3.0252e+00 -2.9295e+00 -1.0370e-01 +2.4397e+00 +1.6417e+00 -2.3268e+00 +2.8914e+00 +6.3998e-01 -4.3660e+00
% function evaluation | noise-free fitness - Fopt (-1.000000000000e+03) | best noise-free fitness - Fopt | measured fitness | best measured fitness | x1 | x2...
1 +1.669331628e+02 +1.669331628e+02 -8.330668372e+02 -8.330668372e+02 -3.0252e+00 -3.8978e+00 -3.4192e+00 +4.1176e+00 +3.3995e+00 +6.3714e-01 +1.7521e+00 +4.4654e-01 +1.0101e+00 -4.8478e+00
2 +9.218181247e+01 +9.218181247e+01 -9.078181875e+02 -9.078181875e+02 -4.6712e+00 -8.8455e-01 -4.5151e+00 -4.6797e+00 +4.8109e+00 -1.1518e+00 +4.5967e-01 -2.5363e+00 +1.5320e+00 +3.7885e+00
8 +5.998983272e+01 +5.998983272e+01 -9.400101673e+02 -9.400101673e+02 -4.5671e-01 +4.0151e-02 +4.3510e+00 -7.8839e-01 +6.9117e-01 +3.2973e+00 +4.1592e+00 -1.4348e+00 -3.8165e+00 +2.7920e+00
26 +2.645557001e+01 +2.645557001e+01 -9.735444300e+02 -9.735444300e+02 -2.1503e+00 +3.2712e-01 -3.5230e-02 +3.1249e-01 -2.4814e-01 -3.7937e-01 +1.5285e+00 -4.2283e+00 -2.2369e+00 +1.4275e+00
652 +1.687028800e+01 +1.687028800e+01 -9.831297120e+02 -9.831297120e+02 -1.3325e+00 -5.6017e-02 +1.3377e+00 -9.7272e-01 +3.3194e+00 -5.1760e-01 -1.4097e+00 -1.6083e+00 -3.0447e+00 +2.8316e+00
1361 +1.508295001e+01 +1.508295001e+01 -9.849170500e+02 -9.849170500e+02 -9.2735e-01 +1.8664e+00 +2.2804e+00 +4.4525e-01 +2.2941e+00 +5.8167e-01 +1.3414e+00 -2.3006e+00 -2.9445e+00 +4.2564e+00
% function evaluation | noise-free fitness - Fopt (-4.290000000000e+01) | best noise-free fitness - Fopt | measured fitness | best measured fitness | x1 | x2...
1 +1.563113623e+02 +1.563113623e+02 +1.134113623e+02 +1.134113623e+02 -2.6838e+00 -1.0686e+00 -3.5301e+00 -3.7643e+00 -4.3001e+00 -9.4085e-02 +3.3177e+00 -2.3927e+00 -2.4891e+00 -1.0654e+00
8 +9.339100311e+01 +9.339100311e+01 +5.049100311e+01 +5.049100311e+01 +1.6552e+00 -5.9388e-01 -4.2660e-02 -2.9564e+00 +2.2535e+00 -4.5040e+00 +1.1008e+00 +3.0008e+00 +3.4136e+00 +1.2074e+00
19 +5.173653962e+01 +5.173653962e+01 +8.836539616e+00 +8.836539616e+00 +3.7720e+00 +4.9413e+00 +1.6467e+00 +4.0071e+00 -8.1061e-01 +1.4279e+00 +8.7807e-01 +4.2522e-01 +3.5670e+00 -2.3255e+00
249 +3.953537867e+01 +3.953537867e+01 -3.364621328e+00 -3.364621328e+00 -1.6496e+00 -1.4984e-01 +3.2567e+00 -3.2275e+00 -2.8882e+00 +1.5949e-01 -1.4434e-01 +1.3210e+00 +1.4738e+00 -2.5042e+00
526 +2.288859873e+01 +2.288859873e+01 -2.001140127e+01 -2.001140127e+01 +2.3727e+00 +3.1137e+00 +2.2455e+00 +1.4374e-01 -2.6909e+00 -2.7084e-01 +6.8478e-01 +3.2146e+00 +5.7209e-01 -4.7574e+00
3486 +1.513322419e+01 +1.513322419e+01 -2.776677581e+01 -2.776677581e+01 +1.8610e+00 -6.8382e-01 +2.4848e+00 -1.2484e+00 -1.3843e+00 -2.2096e+00 +1.2277e+00 -4.7533e-01 +3.3775e+00 -3.4518e+00
% function evaluation | noise-free fitness - Fopt (-1.013200000000e+02) | best noise-free fitness - Fopt | measured fitness | best measured fitness | x1 | x2...
1 +2.253086655e+02 +2.253086655e+02 +1.239886655e+02 +1.239886655e+02 +3.4870e+00 -3.0345e+00 -1.5353e+00 +4.7328e+00 -1.0050e+00 +3.7458e+00 +1.2404e+00 +4.9425e+00 +1.5957e+00 +2.5039e+00
2 +1.079073651e+02 +1.079073651e+02 +6.587365131e+00 +6.587365131e+00 +3.1281e+00 -2.2141e+00 +2.9042e+00 -1.7830e+00 +1.9668e+00 +1.1189e+00 -1.8336e+00 +5.9543e-01 -1.0287e+00 -4.8611e-01
5 +4.755203848e+01 +4.755203848e+01 -5.376796152e+01 -5.376796152e+01 +3.7896e+00 +3.9338e+00 +3.5370e-01 -1.7708e-01 -2.5662e+00 -4.2713e+00 -6.6511e-01 -1.3803e+00 -4.8047e+00 +8.6370e-02
76 +3.414122859e+01 +3.414122859e+01 -6.717877141e+01 -6.717877141e+01 -1.9755e+00 +4.9148e+00 +4.1514e+00 -4.9862e+00 -4.4042e+00 -5.9661e-01 +1.4887e+00 -4.5305e+00 -2.5684e+00 +2.3906e+00
1560 +2.448933566e+01 +2.448933566e+01 -7.683066434e+01 -7.683066434e+01 +1.2045e+00 +4.4942e+00 +2.4340e+00 -4.5304e+00 -1.7685e+00 +1.9277e+00 +1.7913e+00 -2.9868e+00 -4.3372e+00 +4.2057e+00
2793 +1.129476237e+01 +1.129476237e+01 -9.002523763e+01 -9.002523763e+01 +2.7751e+00 +2.0107e+00 +2.3009e+00 -9.9467e-01 -2.6062e+00 -2.1764e+00 +2.4965e+00 -3.6790e+00 -3.2279e+00 +6.2084e-01
% function evaluation | noise-free fitness - Fopt (3.650000000000e+00) | best noise-free fitness - Fopt | measured fitness | best measured fitness | x1 | x2...
1 +1.622709022e+02 +1.622709022e+02 +1.659209022e+02 +1.659209022e+02 -3.0380e+00 +1.0998e-01 +1.7110e+00 -2.4624e+00 +3.5454e+00 +2.9181e+00 -1.9426e+00 +2.8971e+00 +6.1183e-02 -8.1887e-01
5 +1.286718068e+02 +1.286718068e+02 +1.323218068e+02 +1.323218068e+02 -1.4601e+00 -2.8582e+00 -1.2575e+00 -4.0032e+00 -2.8076e+00 -5.1587e-01 +4.8431e+00 +3.9191e+00 +1.9936e+00 -1.3548e+00
12 +9.143750962e+01 +9.143750962e+01 +9.508750962e+01 +9.508750962e+01 -4.1707e+00 -4.3629e+00 +6.0259e-02 +1.7888e+00 -3.7925e+00 -1.6597e+00 +1.8809e+00 -3.5000e+00 +2.4077e+00 -1.1172e+00
17 +5.929872752e+01 +5.929872752e+01 +6.294872752e+01 +6.294872752e+01 +1.8858e+00 -3.2605e+00 +1.2861e+00 +2.3880e+00 -4.8846e+00 -3.4076e+00 -2.2503e-01 -2.0996e+00 +1.9606e+00 -2.7946e+00
34 +3.953238762e+01 +3.953238762e+01 +4.318238762e+01 +4.318238762e+01 -3.0677e-01 -2.0074e+00 -4.3763e-01 +2.0730e+00 +1.7656e+00 -2.0123e+00 +2.0412e+00 -2.3367e+00 -2.3966e+00 +8.7412e-01
841 +1.742361239e+01 +1.742361239e+01 +2.107361239e+01 +2.107361239e+01 -2.3792e-01 -2.2454e+00 -1.2211e+00 +4.2420e+00 -1.7722e-01 -9.2161e-01 +3.6401e+00 -1.0697e+00 -4.2859e+00 -1.5273e+00
2665 +1.234022711e+01 +1.234022711e+01 +1.599022711e+01 +1.599022711e+01 +3.9802e-01 -9.1580e-01 +1.9040e-01 +1.9485e+00 -3.6645e+00 -3.0019e+00 +2.9795e+00 -8.2198e-01 -2.0145e+00 -2.1063e+00
% function evaluation | noise-free fitness - Fopt (2.205300000000e+02) | best noise-free fitness - Fopt | measured fitness | best measured fitness | x1 | x2...
1 +1.738445694e+02 +1.738445694e+02 +3.943745694e+02 +3.943745694e+02 -6.9100e-01 -4.2581e+00 +1.7075e+00 +1.5486e-01 -3.5607e+00 +2.7743e+00 +3.5388e+00 -1.8558e+00 -1.3722e+00 +2.5509e+00
5 +1.332002866e+02 +1.332002866e+02 +3.537302866e+02 +3.537302866e+02 -2.7897e+00 -3.6145e+00 +3.5043e+00 -2.5352e+00 +4.2912e-01 -4.4780e+00 +4.3772e+00 +3.0098e+00 +2.4288e+00 -3.4950e-01
12 +8.619340990e+01 +8.619340990e+01 +3.067234099e+02 +3.067234099e+02 -9.5450e-01 -5.1972e-01 +3.7859e+00 +4.4403e+00 +4.8617e+00 -4.4850e+00 -3.0709e+00 +4.9684e+00 +4.9743e+00 +1.1063e-01
129 +5.394411714e+01 +5.394411714e+01 +2.744741171e+02 +2.744741171e+02 +4.6687e+00 -5.5025e-02 +3.2064e+00 +2.3477e+00 +2.4236e+00 -1.8304e+00 -4.9176e+00 +6.2320e-01 +3.7886e+00 +5.7504e-01
625 +3.928488613e+01 +3.928488613e+01 +2.598148861e+02 +2.598148861e+02 +8.4286e-01 -1.5119e+00 +1.1869e+00 -9.9286e-02 -1.3593e+00 -1.9640e+00 -3.6230e+00 +1.9080e+00 +1.8391e+00 +4.3032e+00
1366 +2.151825162e+01 +2.151825162e+01 +2.420482516e+02 +2.420482516e+02 +2.5534e+00 -4.2609e+00 +1.2458e+00 -1.1786e+00 +1.8803e+00 -3.9631e+00 +2.7273e-01 +4.6467e+00 +7.1220e-01 +2.3892e+00
1543 +1.151606206e+01 +1.151606206e+01 +2.320460621e+02 +2.320460621e+02 +3.5649e+00 -3.1021e+00 +6.5528e-01 +5.0255e-01 +2.7031e+00 -4.7600e+00 -3.9316e+00 +2.1284e+00 +2.8660e+00 +2.8171e+00
% function evaluation | noise-free fitness - Fopt (4.212900000000e+02) | best noise-free fitness - Fopt | measured fitness | best measured fitness | x1 | x2...
1 +1.712758413e+02 +1.712758413e+02 +5.925658413e+02 +5.925658413e+02 -3.9610e+00 -3.1545e+00 +3.2551e+00 -4.4927e+00 -3.1968e+00 -3.4251e+00 -2.4020e+00 -2.7515e+00 -1.0205e+00 +3.5295e+00
3 +1.218398441e+02 +1.218398441e+02 +5.431298441e+02 +5.431298441e+02 +6.0693e-01 -3.7965e-01 -9.3362e-01 +1.1444e+00 +2.4719e+00 -2.2015e+00 -3.6057e+00 -3.3728e-01 +3.5372e+00 -2.1136e-01
5 +9.851269646e+01 +9.851269646e+01 +5.198026965e+02 +5.198026965e+02 +2.4979e+00 -1.6043e+00 +4.4711e+00 -3.5387e+00 -1.8716e+00 +1.8753e+00 +1.7378e+00 +1.8253e+00 +3.5484e+00 +9.3334e-01
13 +3.350723284e+01 +3.350723284e+01 +4.547972328e+02 +4.547972328e+02 +5.2193e-01 +1.0441e+00 +1.6805e+00 -2.4271e+00 -3.6347e-01 +3.2838e+00 +1.7340e+00 +2.7503e+00 +1.8180e+00 +7.5455e-02
1380 +2.282859213e+01 +2.282859213e+01 +4.441185921e+02 +4.441185921e+02 -2.3926e+00 +3.4298e+00 -9.7355e-01 -2.0031e+00 +2.2761e+00 +4.5962e+00 -1.4232e+00 +2.6240e+00 -1.1243e-01 -2.9601e+00
% function evaluation | noise-free fitness - Fopt (-7.900000000000e+01) | best noise-free fitness - Fopt | measured fitness | best measured fitness | x1 | x2...
1 +1.108397748e+02 +1.108397748e+02 +3.183977483e+01 +3.183977483e+01 +2.0848e+00 -1.7532e+00 -4.0190e+00 +3.8525e+00 -2.0758e+00 +1.1091e+00 +1.1866e-01 -1.9285e+00 +4.2720e+00 -3.1031e+00
3 +8.747810462e+01 +8.747810462e+01 +8.478104621e+00 +8.478104621e+00 +3.3342e+00 -8.1340e-01 -2.4493e+00 +3.9357e+00 -4.1443e+00 -2.3052e+00 +1.7787e-01 +2.5626e+00 +4.3596e+00 +1.5964e+00
4 +5.670164796e+01 +5.670164796e+01 -2.229835204e+01 -2.229835204e+01 -2.8066e+00 +2.9454e+00 -1.3982e+00 -7.1996e-01 -4.4708e+00 -4.9852e+00 +1.5073e+00 +1.6879e-01 +2.3894e+00 -3.7626e+00
61 +3.964592072e+01 +3.964592072e+01 -3.935407928e+01 -3.935407928e+01 -4.1850e-01 -1.7328e+00 -1.2329e+00 -5.9014e-01 -4.7625e+00 +3.4163e-01 +1.5167e+00 -7.5250e-01 +4.4300e-01 +2.9210e+00
86 +1.574589805e+01 +1.574589805e+01 -6.325410195e+01 -6.325410195e+01 -3.0707e+00 +1.2206e+00 +7.2677e-01 +1.4308e+00 -8.5153e-01 -2.1061e+00 -2.6755e+00 +2.1099e+00 -3.5267e-01 +6.1685e-01
% function evaluation | noise-free fitness - Fopt (-4.133000000000e+01) | best noise-free fitness - Fopt | measured fitness | best measured fitness | x1 | x2...
1 +1.689692084e+02 +1.689692084e+02 +1.276392084e+02 +1.276392084e+02 +3.2365e+00 -3.4325e+00 +5.7450e-01 -4.7462e+00 +9.1932e-01 +3.0851e+00 -1.1648e-01 +4.2261e+00 +3.2790e+00 +3.2443e+00
2 +1.507756364e+02 +1.507756364e+02 +1.094456364e+02 +1.094456364e+02 -3.3896e-01 +3.6091e-01 -3.0558e+00 +3.9320e+00 -3.9185e+00 -4.4209e+00 +4.6180e+00 -2.5638e+00 +4.8730e-01 +8.0341e-01
5 +9.617072376e+01 +9.617072376e+01 +5.484072376e+01 +5.484072376e+01 +4.1897e+00 -1.1015e+00 +1.5815e+00 -2.6531e+00 -2.3015e+00 -2.8198e+00 -2.5014e-01 +2.3570e-01 +2.7373e+00 -9.3286e-02
24 +5.287587842e+01 +5.287587842e+01 +1.154587842e+01 +1.154587842e+01 +4.1008e-01 +2.1578e+00 -3.5557e+00 -4.0234e+00 -7.5471e-01 +4.8649e-01 -3.2997e+00 -2.7323e+00 -3.3438e+00 +2.5119e+00
40 +3.330600986e+01 +3.330600986e+01 -8.023990136e+00 -8.023990136e+00 -1.1228e+00 +5.2272e-01 +1.7367e+00 +1.4659e+00 +3.6472e+00 -2.8514e+00 -2.3342e+00 -2.7562e+00 +6.5086e-01 +1.8798e+00
304 +1.524695821e+01 +1.524695821e+01 -2.608304179e+01 -2.608304179e+01 +4.8688e-02 +1.0287e-01 -2.1549e+00 -9.7082e-01 +2.3074e+00 -4.1351e+00 -1.1192e+00 -1.3988e+00 -2.0092e+00 +1.0694e+00
% function evaluation | noise-free fitness - Fopt (2.127500000000e+02) | best noise-free fitness - Fopt | measured fitness | best measured fitness | x1 | x2...
1 +9.419718219e+01 +9.419718219e+01 +3.069471822e+02 +3.069471822e+02 -2.2718e+00 -3.5725e+00 +2.1542e+00 -4.9522e+00 -3.2734e+00 -2.4241e+00 +5.5521e-01 -8.8711e-01 +3.6158e-01 -3.7495e+00
15 +2.764247455e+01 +2.764247455e+01 +2.403924745e+02 +2.403924745e+02 -3.2942e+00 -2.1591e+00 -2.6527e+00 -2.4674e+00 +2.0746e+00 -2.2100e+00 +1.6845e+00 +6.2920e-01 +7.5660e-01 +4.2035e+00
1678 +1.886868097e+01 +1.886868097e+01 +2.316186810e+02 +2.316186810e+02 -3.6007e+00 -8.6334e-01 -1.1268e+00 -2.8002e+00 -1.1848e+00 -3.8936e+00 -4.4759e-01 +7.2393e-01 -1.7796e+00 +2.3925e+00
