% function evaluation | noise-free fitness - Fopt (1.000000000000e+03) | best noise-free fitness - Fopt | measured fitness | best measured fitness | x1 | x2...
1 +6.444288210e+02 +6.444288210e+02 +1.644428821e+03 +1.644428821e+03 +4.7473e+00 -2.3681e+00 -3.5994e+00 -3.9491e+00 +1.8900e+00 -2.5714e+00 -3.0534e+00 +9.9732e-02 -6.6957e-01 -9.3478e-01
3 +3.860901154e+02 +3.860901154e+02 +1.386090115e+03 +1.386090115e+03 +2.2941e+00 +4.6809e+00 -3.1183e+00 +2.7738e+00 +1.8840e+00 -3.5528e+00 -1.9240e+00 -7.1274e-01 -2.3394e+00 +1.7284e+00
43 +2.470840769e+02 +2.470840769e+02 +1.247084077e+03 +1.247084077e+03 -4.2935e+00 -8.6263e-01 +4.2800e+00 +2.1456e+00 +3.0998e-01 -2.8185e+00 -8.3577e-01 -8.7184e-01 -1.6917e+00 -1.5774e+00
3226 +1.206957378e+02 +1.206957378e+02 +1.120695738e+03 +1.120695738e+03 -2.9647e+00 +5.3396e-01 +4.0449e+00 +3.4314e+00 +1.1769e+00 -3.0718e+00 -1.0258e+00 +1.1681e+00 -1.7911e+00 -1.9510e+00
% function evaluation | noise-free fitness - Fopt (7.003000000000e+01) | best noise-free fitness - Fopt | measured fitness | best measured fitness | x1 | x2...
1 +2.996195362e+02 +2.996195362e+02 +3.696495362e+02 +3.696495362e+02 -4.6207e+00 -3.2899e+00 -2.3288e+00 +2.5159e+00 -1.5531e+00 -3.5412e+00 +8.5389e-01 +2.3759e-01 -1.1923e+00 +6.4659e-01
30 +1.642951578e+02 +1.642951578e+02 +2.343251578e+02 +2.343251578e+02 -6.7322e-01 +1.9042e-01 -3.5989e+00 -1.9248e+00 +9.6835e-01 -4.8710e+00 +4.5608e-01 +3.8166e+00 -3.5900e+00 -3.0258e-01
4700 +1.338024797e+02 +1.338024797e+02 +2.038324797e+02 +2.038324797e+02 -4.1027e-01 -2.8132e+00 -2.5652e+00 +6.7564e-01 +7.1397e-01 -3.4607e+00 -3.2038e+00 -2.0283e+00 -2.1181e+00 +2.9454e-01
% function evaluation | noise-free fitness - Fopt (-4.822000000000e+01) | best noise-free fitness - Fopt | measured fitness | best measured fitness | x1 | x2...
1 +4.294525723e+02 +4.294525723e+02 +3.812325723e+02 +3.812325723e+02 +4.5914e+00 +1.8191e+00 -1.9727e+00 +2.1400e+00 -1.7345e+00 +1.2328e+00 -1.5872e+00 +4.5678e-01 -3.9025e+00 +4.2014e+00
6 +3.609241972e+02 +3.609241972e+02 +3.127041972e+02 +3.127041972e+02 -1.2277e+00 -3.3184e-01 +2.2245e+00 +1.1529e-01 +5.1392e-01 +4.0105e+00 +1.7131e+00 -8.4677e-01 -4.6275e+00 +4.9483e+00
79 +2.389784057e+02 +2.389784057e+02 +1.907584057e+02 +1.907584057e+02 -1.8660e+00 -2.5012e+00 -2.7643e+00 -4.5999e+00 -3.9909e+00 +3.1548e+00 -4.1178e+00 -1.7542e+00 -3.4060e+00 +4.0018e+00
408 +1.460522135e+02 +1.460522135e+02 +9.783221346e+01 +9.783221346e+01 -1.6383e+00 -2.7056e+00 -2.2915e+00 -5.8379e-01 -3.3907e+00 +3.2755e+00 -3.4814e+00 +7.8968e-01 -2.2737e+00 +1.2958e+00
% function evaluation | noise-free fitness - Fopt (2.547000000000e+01) | best noise-free fitness - Fopt | measured fitness | best measured fitness | x1 | x2...
1 +5.594330889e+02 +5.594330889e+02 +5.849030889e+02 +5.849030889e+02 -3.7692e+00 +3.9686e-01 +3.8017e+00 -1.2782e-01 +4.3100e+00 +3.5202e+00 -4.1123e+00 -3.5520e+00 -1.3782e-01 +1.3160e+00
5 +3.910454123e+02 +3.910454123e+02 +4.165154123e+02 +4.165154123e+02 -7.0786e-01 -1.6693e+00 -3.2469e+00 +2.4442e+00 -3.5073e+00 -1.9467e+00 -1.8695e+00 -1.5192e+00 -1.2633e+00 +9.1099e-01
47 +2.195512476e+02 +2.195512476e+02 +2.450212476e+02 +2.450212476e+02 -1.3706e+00 -8.7162e-01 +5.1891e-01 -3.1492e+00 -4.3709e+00 +3.3184e+00 -2.3230e-01 +4.7799e+00 +4.4387e+00 -3.1657e-01
% function evaluation | noise-free fitness - Fopt (-1.008100000000e+02) | best noise-free fitness - Fopt | measured fitness | best measured fitness | x1 | x2...
1 +2.663278999e+02 +2.663278999e+02 +1.655178999e+02 +1.655178999e+02 +9.9908e-01 -1.0506e+00 -2.7435e+00 -7.1446e-01 +2.8822e-01 +2.7859e-01 +3.9403e+00 -1.1907e+00 -2.7763e+00 -4.6196e-01
16 +2.481331076e+02 +2.481331076e+02 +1.473231076e+02 +1.473231076e+02 -4.4010e-01 +3.7398e+00 +4.2997e+00 -4.9418e+00 +4.0487e+00 -1.1035e+00 +1.3142e+00 +1.3462e-01 -1.6599e+00 -9.4980e-02
3055 +1.335201735e+02 +1.335201735e+02 +3.271017349e+01 +3.271017349e+01 +3.4501e+00 +8.0408e-01 +1.2534e+00 -1.3769e+00 +5.4769e-01 +6.4222e-01 -3.1428e+00 +1.6389e+00 -4.7857e+00 -3.0931e-01
% function evaluation | noise-free fitness - Fopt (8.333000000000e+01) | best noise-free fitness - Fopt | measured fitness | best measured fitness | x1 | x2...
1 +1.404819059e+03 +1.404819059e+03 +1.488149059e+03 +1.488149059e+03 +2.5653e+00 +4.0008e+00 -2.8525e-01 +2.6865e+00 +2.3894e+00 +2.7045e+00 -8.2135e-01 -4.1529e+00 +4.5349e+00 +4.3775e+00
2 +5.159820043e+02 +5.159820043e+02 +5.993120043e+02 +5.993120043e+02 -7.9727e-01 -3.1760e+00 -1.0254e+00 +3.9810e+00 -3.5677e+00 +4.6966e+00 +1.9764e+00 +3.7643e+00 -2.1030e+00 -2.0195e+00
40 +2.377845520e+02 +2.377845520e+02 +3.211145520e+02 +3.211145520e+02 -7.7998e-01 -4.9861e+00 +2.6761e+00 +2.4422e+00 +3.0534e+00 +4.4303e-01 -2.1144e+00 +1.4826e+00 -9.9090e-01 +4.6091e+00
56 +1.418091122e+02 +1.418091122e+02 +2.251391122e+02 +2.251391122e+02 +2.9902e-01 -3.7548e+00 +2.6530e+00 +3.2081e+00 +5.9084e-01 -3.0582e+00 -1.9044e+00 -1.0124e+00 +1.3514e+00 +2.9132e+00
% function evaluation | noise-free fitness - Fopt (2.085600000000e+02) | best noise-free fitness - Fopt | measured fitness | best measured fitness | x1 | x2...
1 +7.944639263e+02 +7.944639263e+02 +1.003023926e+03 +1.003023926e+03 +1.7137e+00 +2.9500e+00 -3.7729e+00 +3.4034e+00 -2.8172e-01 -2.6684e+00 +1.0557e+00 -1.7963e+00 +4.8876e+00 -9.6087e-03
6 +3.535306622e+02 +3.535306622e+02 +5.620906622e+02 +5.620906622e+02 +4.7161e+00 +1.6733e+00 -1.1437e+00 -2.7838e+00 +1.1111e+00 -1.3066e+00 +3.1156e+00 +2.3996e+00 -3.3437e+00 -4.5618e-01
247 +2.253869518e+02 +2.253869518e+02 +4.339469518e+02 +4.339469518e+02 +3.4359e+00 +2.1666e+00 +1.5364e-01 -2.6413e-01 -4.4118e+00 -1.8100e+00 -9.1835e-02 +2.1101e+00 -1.5144e+00 -3.6558e+00
2486 +1.353782096e+02 +1.353782096e+02 +3.439382096e+02 +3.439382096e+02 -1.4525e+00 +4.0766e+00 +2.1476e+00 -4.7817e-01 -3.9710e+00 -4.4863e+00 +2.6814e-01 +3.0944e+00 -2.4251e+00 -4.8748e+00
% function evaluation | noise-free fitness - Fopt (-1.345800000000e+02) | best noise-free fitness - Fopt | measured fitness | best measured fitness | x1 | x2...
1 +4.618024917e+02 +4.618024917e+02 +3.272224917e+02 +3.272224917e+02 -1.8193e-01 +4.3249e-02 -1.4027e+00 -1.8574e-01 +2.8604e+00 +2.5294e+00 -2.7210e+00 +5.8914e-01 +1.9965e+00 +1.5577e+00
21 +3.003883450e+02 +3.003883450e+02 +1.658083450e+02 +1.658083450e+02 +1.6656e+00 -2.0857e+00 +2.0664e+00 -2.0142e+00 -1.4487e+00 +3.9808e+00 +8.8478e-01 +4.7032e-01 -2.5822e+00 +2.8433e+00
111 +2.484459489e+02 +2.484459489e+02 +1.138659489e+02 +1.138659489e+02 -2.5152e+00 -1.0499e+00 -9.5775e-01 -2.6394e+00 +1.2507e+00 +2.7597e+00 +4.7434e+00 -2.4591e+00 +1.5689e-01 -7.6690e-01
4229 +1.022758562e+02 +1.022758562e+02 -3.230414380e+01 -3.230414380e+01 -1.8946e+00 -1.5755e+00 +3.9830e+00 +8.1946e-01 -1.8096e+00 +2.0215e+00 +2.5519e+00 +1.5155e+00 -2.5982e+00 +4.3046e+00
% function evaluation | noise-free fitness - Fopt (1.205900000000e+02) | best noise-free fitness - Fopt | measured fitness | best measured fitness | x1 | x2...
1 +4.942081766e+02 +4.942081766e+02 +6.147981766e+02 +6.147981766e+02 +4.6006e+00 -3.6448e+00 -6.4950e-01 +2.1156e+00 +4.8616e+00 +2.0791e+00 -4.0870e+00 +1.1826e-01 +2.4748e+00 +9.7899e-01
7 +3.598120958e+02 +3.598120958e+02 +4.804020958e+02 +4.804020958e+02 -6.6709e-02 -2.1289e+00 -1.2530e+00 +4.7530e+00 +2.6510e+00 +1.3888e-01 -3.8462e+00 -1.6560e+00 -3.4125e+00 -1.0140e+00
10 +1.743769252e+02 +1.743769252e+02 +2.949669252e+02 +2.949669252e+02 -2.5306e-01 -6.8990e-01 +3.2883e-01 -1.7505e+00 +4.0357e+00 -2.6948e+00 +1.2311e+00 -7.3446e-01 -2.6728e+00 +4.3008e+00
% function evaluation | noise-free fitness - Fopt (1.000000000000e+03) | best noise-free fitness - Fopt | measured fitness | best measured fitness | x1 | x2...
1 +1.697924626e+02 +1.697924626e+02 +1.169792463e+03 +1.169792463e+03 -3.0470e+00 -2.8901e+00 -1.8870e+00 +4.0432e+00 +1.6932e+00 +3.6939e+00 +2.0293e+00 +4.0567e+00 +2.5663e+00 -4.4337e+00
3661 +1.335559825e+02 +1.335559825e+02 +1.133555983e+03 +1.133555983e+03 -2.2060e+00 -2.3861e+00 -2.3660e+00 +3.1072e-01 +3.6194e-01 +2.7935e+00 +3.2654e+00 +1.2475e+00 -1.4984e+00 -3.2046e+00
% function evaluation | noise-free fitness - Fopt (-9.166000000000e+01) | best noise-free fitness - Fopt | measured fitness | best measured fitness | x1 | x2...
1 +1.250698801e+03 +1.250698801e+03 +1.159038801e+03 +1.159038801e+03 +3.3232e+00 -3.7472e+00 +9.8809e-01 -3.5673e+00 +2.1488e+00 +4.4302e+00 -3.8489e+00 +2.5569e+00 -1.1652e-01 +4.0698e+00
2 +5.568223351e+02 +5.568223351e+02 +4.651623351e+02 +4.651623351e+02 +2.9528e+00 +2.6868e+00 -2.8973e+00 +4.7144e+00 +2.8421e+00 +1.1363e+00 +4.6324e+00 -3.8456e-01 -1.5338e+00 -2.7862e+00
3 +3.928842661e+02 +3.928842661e+02 +3.012242661e+02 +3.012242661e+02 +1.8855e+00 -3.6130e+00 +1.7126e+00 -3.3156e+00 +3.5833e+00 -2.0204e+00 +3.8127e+00 +1.0163e+00 -1.1284e+00 -7.9816e-01
223 +2.319268712e+02 +2.319268712e+02 +1.402668712e+02 +1.402668712e+02 -1.3401e-01 -1.5518e+00 +3.6823e+00 +4.9481e+00 +1.7243e+00 -3.6077e+00 +3.0115e+00 -2.7597e+00 +1.0376e+00 -7.2206e-01
2207 +1.583637204e+02 +1.583637204e+02 +6.670372042e+01 +6.670372042e+01 +3.3828e-02 -9.5864e-01 +4.8660e+00 +1.5301e+00 +1.3637e+00 -5.5368e-02 +4.4494e+00 -1.1787e+00 +2.4636e+00 +2.9068e+00
% function evaluation | noise-free fitness - Fopt (5.961500000000e+02) | best noise-free fitness - Fopt | measured fitness | best measured fitness | x1 | x2...
1 +1.652725166e+03 +1.652725166e+03 +2.248875166e+03 +2.248875166e+03 +1.3958e+00 +4.3337e+00 -4.8149e-02 -4.2152e+00 +4.2156e+00 +6.2600e-01 -1.1906e+00 +1.7845e-01 +2.4699e-01 +6.0574e-01
2 +9.852091183e+02 +9.852091183e+02 +1.581359118e+03 +1.581359118e+03 -5.3030e-01 +3.8279e+00 +4.7153e+00 -1.3856e+00 -4.0115e+00 +3.5982e+00 -5.7526e-01 -4.9906e+00 -3.2947e+00 -2.4438e+00
5 +4.025399389e+02 +4.025399389e+02 +9.986899389e+02 +9.986899389e+02 +2.3455e+00 +2.0567e+00 -9.2176e-01 +4.2483e+00 +2.4145e+00 +3.4040e+00 -4.8601e+00 -4.8438e+00 +2.2213e+00 +2.5590e+00
38 +3.864419961e+02 +3.864419961e+02 +9.825919961e+02 +9.825919961e+02 -3.6383e+00 -1.4079e+00 -4.3808e-01 -2.6324e-01 -3.3788e+00 -4.1726e+00 -1.5547e+00 +9.4984e-01 -1.4983e+00 +4.3455e+00
713 +2.130949100e+02 +2.130949100e+02 +8.092449100e+02 +8.092449100e+02 -2.7484e+00 -3.4670e-01 +1.9997e-01 +2.1638e+00 -1.7549e+00 +1.4900e-01 -3.4423e+00 -4.8813e+00 +1.7402e+00 +3.0256e+00
2501 +1.382837902e+02 +1.382837902e+02 +7.344337902e+02 +7.344337902e+02 -3.2357e+00 -6.7096e-01 -9.8129e-01 +3.3382e+00 -3.3597e+00 -1.8403e+00 -1.2359e+00 -4.9849e+00 +1.7431e+00 +1.9252e+00
% function evaluation | noise-free fitness - Fopt (1.325100000000e+02) | best noise-free fitness - Fopt | measured fitness | best measured fitness | x1 | x2...
1 +2.016025436e+03 +2.016025436e+03 +2.148535436e+03 +2.148535436e+03 +4.8646e+00 +2.8217e+00 -4.5497e+00 -4.4362e+00 -2.0434e+00 -3.2150e+00 +3.1686e+00 -1.3763e+00 -2.4092e-01 +2.8980e+00
4 +1.413868786e+03 +1.413868786e+03 +1.546378786e+03 +1.546378786e+03 -2.9685e+00 -1.7117e+00 +3.0255e+00 -4.3318e-01 +4.3397e+00 +2.9722e+00 -3.8686e+00 +2.9630e+00 -2.1184e+00 -2.8916e+00
6 +9.472189208e+02 +9.472189208e+02 +1.079728921e+03 +1.079728921e+03 +3.9107e+00 -8.8777e-01 +3.6832e+00 -4.3234e+00 +2.6089e+00 -4.6922e+00 -2.6489e+00 +2.0064e+00 -2.3322e+00 -4.0643e+00
16 +5.935277485e+02 +5.935277485e+02 +7.260377485e+02 +7.260377485e+02 -2.4162e-02 +1.6295e+00 -1.0650e+00 +3.6745e+00 -2.5729e-01 -1.6867e+00 +4.9905e+00 +4.0612e+00 -2.4167e+00 -1.6051e+00
26 +3.706758802e+02 +3.706758802e+02 +5.031858802e+02 +5.031858802e+02 +3.0248e+00 -2.5958e-02 -8.6358e-01 +1.3625e-01 -6.2356e-01 +1.4866e+00 +4.3819e+00 +2.1481e+00 +1.9199e-01 -3.0716e+00
190 +2.447076640e+02 +2.447076640e+02 +3.772176640e+02 +3.772176640e+02 +2.0367e+00 +7.1241e-01 +4.0686e+00 -3.3527e+00 +1.5928e+00 +2.8802e+00 +2.1505e+00 -2.4257e+00 +5.2068e-01 -2.4772e+00
658 +1.504894938e+02 +1.504894938e+02 +2.829994938e+02 +2.829994938e+02 +3.1164e+00 +3.2654e+00 +2.4319e+00 -4.5227e+00 +1.2276e+00 +1.6544e+00 +4.1039e+00 +2.3083e+00 -3.1678e+00 -1.9602e+00
% function evaluation | noise-free fitness - Fopt (-2.401800000000e+02) | best noise-free fitness - Fopt | measured fitness | best measured fitness | x1 | x2...
1 +5.822857938e+02 +5.822857938e+02 +3.421057938e+02 +3.421057938e+02 -3.1036e+00 +2.6182e+00 +1.7071e-01 -1.9844e+00 -3.7119e+00 -1.7865e+00 +3.3138e+00 -2.4751e+00 +1.9987e-02 +8.4765e-01
7 +3.304933241e+02 +3.304933241e+02 +9.031332411e+01 +9.031332411e+01 -4.1986e+00 +2.7573e+00 -1.6865e+00 -3.8192e+00 +1.5821e+00 -1.2807e+00 -2.4576e-01 -2.0056e+00 +4.7297e+00 +8.0882e-01
27 +2.403374483e+02 +2.403374483e+02 +1.574483194e-01 +1.574483194e-01 -3.3309e+00 +3.1584e+00 +8.2501e-01 -4.0396e+00 +3.5293e-01 -3.7927e+00 -3.6764e+00 -6.3486e-01 +1.2952e+00 -4.1675e-01
4759 +1.407938232e+02 +1.407938232e+02 -9.938617677e+01 -9.938617677e+01 -5.1124e-01 +3.3083e+00 -3.3602e-01 -2.0310e+00 +1.0127e+00 +3.1427e+00 -2.1605e+00 -1.6493e+00 +3.2356e+00 -3.6913e+00
% function evaluation | noise-free fitness - Fopt (-3.941600000000e+02) | best noise-free fitness - Fopt | measured fitness | best measured fitness | x1 | x2...
1 +3.099670024e+02 +3.099670024e+02 -8.419299760e+01 -8.419299760e+01 +5.6238e-02 -9.4121e-03 +1.2729e+00 -7.7012e-01 -6.7745e-01 +2.2406e+00 -3.9226e+00 -4.6446e+00 -3.9560e+00 +4.4570e-01
334 +2.232582731e+02 +2.232582731e+02 -1.709017269e+02 -1.709017269e+02 -1.7290e+00 -3.0081e+00 +3.0565e+00 -8.2041e-01 +3.0628e+00 +4.9801e+00 -3.0202e+00 -1.7749e+00 -9.1120e-01 -3.7943e+00
1494 +1.277291599e+02 +1.277291599e+02 -2.664308401e+02 -2.664308401e+02 -1.7518e+00 -2.8089e+00 +1.8875e+00 +4.2312e+00 +2.0667e+00 -8.1239e-01 -1.1103e+00 -2.0733e+00 +6.5829e-01 -3.0727e+00
