% function evaluation | noise-free fitness - Fopt (-2.098800000000e+02) | best noise-free fitness - Fopt | measured fitness | best measured fitness | x1 | x2...
1 +3.502756605e+07 +3.502756605e+07 +3.502735617e+07 +3.502735617e+07 -2.4999e-01 +4.2325e+00 +3.3328e+00 -2.9665e+00 -1.0676e-01 +2.5541e+00 -2.1666e-02 +4.6624e+00 -4.5105e+00 -3.2998e+00
3 +6.328883641e+06 +6.328883641e+06 +6.328673761e+06 +6.328673761e+06 +2.8067e+00 +4.1445e+00 -4.6392e+00 +1.0513e+00 +2.2342e+00 -2.8031e-01 -1.7748e+00 -1.1083e+00 +3.2221e+00 +1.2941e+00
7 +4.329558634e+06 +4.329558634e+06 +4.329348754e+06 +4.329348754e+06 +1.7254e+00 -1.5927e+00 +2.3837e-01 +4.9793e+00 -1.4516e-01 +4.0738e+00 +1.8618e+00 -4.6727e+00 -3.2816e+00 +4.2758e+00
8 +3.370404292e+06 +3.370404292e+06 +3.370194412e+06 +3.370194412e+06 -6.8863e-01 +5.7875e-01 +2.7078e+00 +1.0936e+00 +4.3200e+00 -4.3218e+00 +8.4141e-02 -4.2487e+00 -1.3911e+00 +4.2887e+00
14 +1.297103360e+06 +1.297103360e+06 +1.296893480e+06 +1.296893480e+06 -3.7344e+00 -2.7181e+00 -2.3430e+00 -3.7191e+00 +3.5292e+00 -1.4750e+00 -1.2319e+00 -3.4716e+00 +5.8412e-02 +3.1034e+00
26 +2.293104045e+05 +2.293104045e+05 +2.291005245e+05 +2.291005245e+05 -2.7442e+00 -3.4133e+00 -2.6805e+00 -1.9585e+00 -1.1330e+00 -9.8132e-01 +4.6467e+00 -1.3704e+00 -1.1762e+00 +2.8086e+00
726 +1.354353550e+05 +1.354353550e+05 +1.352254750e+05 +1.352254750e+05 +2.2332e+00 +1.7378e+00 +1.7041e+00 +3.7583e+00 +2.2195e+00 -4.5962e+00 +3.1974e+00 -1.4055e-01 -1.4496e+00 +2.6043e+00
% function evaluation | noise-free fitness - Fopt (-9.209000000000e+01) | best noise-free fitness - Fopt | measured fitness | best measured fitness | x1 | x2...
1 +6.958765465e+06 +6.958765465e+06 +6.958673375e+06 +6.958673375e+06 -2.6987e+00 -6.7464e-01 +2.3456e+00 +2.4669e+00 +3.2762e+00 -3.6875e+00 +8.5817e-01 +3.1550e+00 -3.5935e+00 +9.1867e-03
8 +5.924416137e+06 +5.924416137e+06 +5.924324047e+06 +5.924324047e+06 -8.1572e-01 +4.5340e+00 +1.3918e+00 +2.1878e+00 +4.4234e+00 -4.6705e-01 -1.8097e+00 +3.1541e+00 -4.8291e+00 +1.6671e+00
17 +1.952435336e+06 +1.952435336e+06 +1.952343246e+06 +1.952343246e+06 +2.5248e+00 +3.1160e+00 -1.9823e+00 +2.1951e+00 +4.4745e+00 +4.8678e+00 +4.3403e+00 +1.8002e+00 +2.9279e+00 +1.3930e+00
26 +8.685523393e+05 +8.685523393e+05 +8.684602493e+05 +8.684602493e+05 -1.9914e+00 +2.7861e+00 +8.3425e-01 +4.3212e+00 -2.7142e+00 +9.6601e-01 +4.3151e+00 +2.3243e+00 +1.1529e+00 +2.2908e+00
169 +6.208088612e+05 +6.208088612e+05 +6.207167712e+05 +6.207167712e+05 +2.1627e+00 +2.3560e+00 +4.0419e+00 +8.2801e-01 -4.1071e-01 -1.1844e+00 +3.0148e+00 +9.6499e-01 -9.7262e-01 +1.5964e+00
293 +1.791469859e+05 +1.791469859e+05 +1.790548959e+05 +1.790548959e+05 -2.7317e+00 +2.1115e+00 -1.2427e+00 -4.4198e+00 +1.3111e+00 +2.8800e+00 +1.0570e+00 +1.3420e+00 +2.4762e-02 +1.8335e+00
495 +7.187980526e+04 +7.187980526e+04 +7.178771526e+04 +7.178771526e+04 +3.8273e+00 +4.1609e+00 +3.5663e+00 -1.8801e+00 -3.6604e+00 -3.9886e+00 +1.3353e+00 +1.0513e+00 +3.8884e-01 +1.8990e+00
% function evaluation | noise-free fitness - Fopt (-8.789000000000e+01) | best noise-free fitness - Fopt | measured fitness | best measured fitness | x1 | x2...
1 +1.918760985e+06 +1.918760985e+06 +1.918673095e+06 +1.918673095e+06 +1.4657e+00 +2.0187e+00 +1.4981e+00 +3.9956e+00 +3.3580e+00 +1.9403e+00 +2.7222e+00 -3.6729e+00 -3.2028e+00 +2.8290e+00
8 +4.319770905e+05 +4.319770905e+05 +4.318892005e+05 +4.318892005e+05 -3.5336e+00 +6.1630e-01 -2.0561e+00 -8.0339e-01 +3.2814e+00 -4.6662e+00 -2.2303e+00 +2.9922e+00 -2.5966e+00 +2.8881e+00
147 +1.681875737e+05 +1.681875737e+05 +1.680996837e+05 +1.680996837e+05 +1.7410e+00 +4.1806e+00 -9.2559e-01 -2.1253e+00 +2.1438e+00 -2.6283e-01 -1.9829e-01 +2.3525e+00 -2.9225e+00 +3.5409e+00
721 +1.379597839e+05 +1.379597839e+05 +1.378718939e+05 +1.378718939e+05 +2.1520e+00 +3.7792e+00 -1.2329e+00 -4.7148e+00 -1.3000e+00 -6.8605e-02 -4.2721e+00 +2.6579e+00 -2.1601e+00 +3.5059e+00
3837 +4.109415721e+04 +4.109415721e+04 +4.100626721e+04 +4.100626721e+04 -3.0613e+00 -1.3428e+00 +4.9352e+00 +4.3465e+00 +1.5477e+00 +1.0586e+00 -2.0117e+00 +1.5341e+00 -2.7881e+00 +3.4506e+00
% function evaluation | noise-free fitness - Fopt (3.201900000000e+02) | best noise-free fitness - Fopt | measured fitness | best measured fitness | x1 | x2...
1 +1.481371043e+07 +1.481371043e+07 +1.481403062e+07 +1.481403062e+07 -3.2053e+00 -1.9268e+00 -1.3285e+00 -2.8679e+00 -4.7249e+00 +6.9545e-01 -3.3697e+00 -3.7076e+00 +4.3957e+00 +1.6061e-01
2 +2.489546520e+06 +2.489546520e+06 +2.489866710e+06 +2.489866710e+06 +3.7124e+00 -1.4599e+00 -4.3101e+00 +4.4177e+00 -3.4574e-01 +3.3792e+00 -4.1264e+00 +3.4819e+00 -2.1837e+00 -8.3340e-01
20 +1.006617456e+06 +1.006617456e+06 +1.006937646e+06 +1.006937646e+06 +4.4485e+00 +1.5000e+00 +2.0447e+00 +1.9923e+00 +4.6791e+00 -4.2359e+00 +2.0581e+00 +1.0390e+00 -3.3080e+00 -9.1965e-01
71 +1.623587048e+05 +1.623587048e+05 +1.626788948e+05 +1.626788948e+05 -5.3522e-01 +2.5017e+00 +1.2551e+00 -4.0513e+00 +3.5013e+00 +1.0603e-01 +1.4190e+00 -1.6983e+00 -4.1189e+00 -3.5932e-01
633 +1.041740590e+05 +1.041740590e+05 +1.044942490e+05 +1.044942490e+05 -2.7122e+00 -5.0545e-01 -3.3855e+00 +4.8006e+00 -6.9011e-01 +3.0285e+00 +1.0718e+00 -1.2883e+00 -3.4478e+00 -3.9265e-01
% function evaluation | noise-free fitness - Fopt (-1.042400000000e+02) | best noise-free fitness - Fopt | measured fitness | best measured fitness | x1 | x2...
1 +2.427977849e+07 +2.427977849e+07 +2.427967425e+07 +2.427967425e+07 +1.0041e+00 +1.4874e-01 -3.8250e+00 +3.6389e+00 +4.1682e+00 +4.3347e+00 -4.9595e+00 -3.3110e+00 +1.7073e+00 +1.6380e+00
3 +1.027147191e+07 +1.027147191e+07 +1.027136767e+07 +1.027136767e+07 -3.4582e+00 -1.4909e+00 +4.5696e+00 +4.1934e+00 -4.1089e+00 -5.6437e-01 -4.5252e+00 -4.8922e-01 -3.8527e+00 -2.5671e+00
4 +6.262546381e+06 +6.262546381e+06 +6.262442141e+06 +6.262442141e+06 +4.1352e+00 -4.2670e+00 -1.9185e+00 -8.4394e-01 -1.9008e+00 -2.0189e+00 -3.3334e+00 +1.0674e+00 -1.5647e+00 -1.9206e+00
17 +3.948672773e+06 +3.948672773e+06 +3.948568533e+06 +3.948568533e+06 -1.5743e+00 -8.3364e-01 -1.4400e+00 -9.6461e-01 +1.6023e+00 -3.7809e+00 -2.7917e+00 +2.6317e+00 +6.1213e-01 -4.4408e+00
51 +2.095584758e+06 +2.095584758e+06 +2.095480518e+06 +2.095480518e+06 +3.2151e+00 -3.9879e+00 -2.6777e+00 +4.1730e+00 +1.6933e+00 -4.2658e+00 -3.3728e+00 +2.9676e+00 +2.0467e-01 -2.5313e+00
54 +1.026713661e+06 +1.026713661e+06 +1.026609421e+06 +1.026609421e+06 +4.8826e+00 -4.6961e+00 +1.6636e+00 -3.9327e+00 +3.2684e+00 -1.6083e+00 +2.1207e+00 +3.7882e+00 +3.8178e+00 -3.9465e+00
91 +4.599200875e+05 +4.599200875e+05 +4.598158475e+05 +4.598158475e+05 +3.4247e+00 +1.6317e+00 -4.6985e+00 -2.3429e+00 -4.7267e+00 +9.3966e-01 +1.8753e+00 +4.6527e+00 +3.5143e+00 -3.4837e+00
111 +2.121396071e+05 +2.121396071e+05 +2.120353671e+05 +2.120353671e+05 -1.9271e-01 -2.5637e+00 +4.7294e+00 +3.7107e+00 +5.9159e-01 -4.6116e+00 +3.3655e+00 +2.7924e+00 +2.2258e+00 -2.7025e+00
2464 +6.327678573e+04 +6.327678573e+04 +6.317254573e+04 +6.317254573e+04 +4.0146e+00 -2.1412e+00 -4.6195e+00 -4.8116e+00 +8.4754e-01 -4.8060e+00 +2.1465e+00 +3.6186e+00 +2.7591e+00 -3.1965e+00
% function evaluation | noise-free fitness - Fopt (-3.570000000000e+01) | best noise-free fitness - Fopt | measured fitness | best measured fitness | x1 | x2...
1 +2.890261556e+07 +2.890261556e+07 +2.890257986e+07 +2.890257986e+07 -4.2746e+00 -1.7992e+00 +1.3866e+00 -5.3117e-01 -2.2017e+00 +2.2429e+00 +1.4365e+00 -4.6971e+00 +3.9834e+00 -2.7444e+00
2 +2.371214385e+06 +2.371214385e+06 +2.371178685e+06 +2.371178685e+06 -2.6959e+00 +3.2119e+00 +4.8307e-01 +1.5674e+00 -2.4253e+00 +4.0498e+00 -1.1641e+00 +1.5860e+00 +6.6353e-01 +1.0911e+00
4 +1.019610803e+06 +1.019610803e+06 +1.019575103e+06 +1.019575103e+06 -8.5659e-01 -1.0125e+00 +1.9883e-01 -2.3955e+00 -3.7839e+00 +1.6540e+00 -1.3623e+00 +1.1977e-01 +6.4447e-01 +2.8961e+00
56 +7.825801086e+05 +7.825801086e+05 +7.825444086e+05 +7.825444086e+05 +4.6480e+00 +3.9356e+00 +3.9396e+00 +1.7207e+00 -1.4927e+00 +4.7746e-01 +2.3735e+00 +2.4550e+00 +5.6088e-01 +2.4818e+00
79 +3.093492973e+05 +3.093492973e+05 +3.093135973e+05 +3.093135973e+05 +3.4177e+00 -4.5284e+00 -3.4009e+00 -1.4995e+00 +3.8785e+00 -4.4237e+00 -2.1356e+00 -1.7169e+00 -5.2024e-01 +2.1068e+00
161 +2.134788997e+05 +2.134788997e+05 +2.134431997e+05 +2.134431997e+05 -1.6918e+00 +2.7037e+00 +1.5005e+00 +4.4038e+00 +3.9988e+00 -3.4152e+00 +4.5931e+00 -2.3278e+00 -6.8611e-01 +2.1444e+00
1628 +6.027733938e+04 +6.027733938e+04 +6.024163938e+04 +6.024163938e+04 -6.3291e-01 +3.6842e+00 +2.4504e+00 -1.0119e+00 -2.8147e+00 +6.7773e-01 +1.6024e+00 -4.1575e-01 -4.9866e-01 +2.2570e+00
% function evaluation | noise-free fitness - Fopt (2.070000000000e+01) | best noise-free fitness - Fopt | measured fitness | best measured fitness | x1 | x2...
1 +5.816482995e+06 +5.816482995e+06 +5.816503695e+06 +5.816503695e+06 -2.9407e+00 +9.4562e-02 -1.3490e+00 -3.2020e+00 +4.3765e+00 -3.6965e+00 +1.5107e-01 +1.5007e+00 +3.8980e+00 -3.0066e+00
2 +7.199320248e+05 +7.199320248e+05 +7.199527248e+05 +7.199527248e+05 +3.0929e+00 -2.3526e+00 +1.8382e+00 +6.6863e-01 -4.2633e+00 -2.2381e+00 -2.5518e+00 +4.6358e+00 +2.2762e+00 -1.1242e-01
160 +4.558354337e+05 +4.558354337e+05 +4.558561337e+05 +4.558561337e+05 -3.3353e+00 +2.5509e+00 +3.2773e+00 -2.2901e+00 -2.2068e+00 +9.0153e-01 -3.2672e+00 -8.5644e-01 +1.9254e+00 -5.5971e-01
490 +2.772568779e+05 +2.772568779e+05 +2.772775779e+05 +2.772775779e+05 +3.7993e+00 +3.3263e+00 -2.1251e+00 -6.7532e-01 -2.4334e+00 +4.4115e+00 +3.4672e-01 +3.5102e+00 +2.6664e+00 -7.7818e-01
590 +2.411415603e+05 +2.411415603e+05 +2.411622603e+05 +2.411622603e+05 -4.9188e+00 -6.3200e-01 +2.6829e+00 -2.9234e+00 -3.2534e+00 -9.3837e-01 -1.4863e+00 +1.4944e+00 +1.4150e+00 -5.4512e-01
1704 +6.204881324e+04 +6.204881324e+04 +6.206951324e+04 +6.206951324e+04 -4.0773e+00 +2.1009e+00 -5.7377e-01 +1.6591e+00 -2.0567e+00 -2.5668e+00 -2.7266e+00 +1.6331e+00 +2.2912e+00 -5.5569e-01
% function evaluation | noise-free fitness - Fopt (3.807000000000e+01) | best noise-free fitness - Fopt | measured fitness | best measured fitness | x1 | x2...
1 +1.675437453e+07 +1.675437453e+07 +1.675441260e+07 +1.675441260e+07 -3.2800e+00 +2.9676e+00 +4.2192e+00 -2.6295e+00 -1.6042e+00 -3.1926e+00 -1.4468e+00 +3.5176e+00 +1.3513e+00 -5.2450e-02
5 +5.816499721e+06 +5.816499721e+06 +5.816537791e+06 +5.816537791e+06 -3.3522e+00 +1.8622e+00 -4.7570e+00 -4.9330e+00 -2.7859e+00 -2.2866e+00 +1.3466e+00 +4.1113e+00 -4.6197e+00 -3.0367e+00
7 +6.231893974e+05 +6.231893974e+05 +6.232274674e+05 +6.232274674e+05 -4.2285e+00 +8.8955e-01 -2.5366e+00 +2.7669e+00 +4.7671e-01 +8.1324e-01 -3.5548e+00 -1.7369e+00 -1.0218e+00 -3.2177e+00
375 +3.477164810e+05 +3.477164810e+05 +3.477545510e+05 +3.477545510e+05 +1.3628e+00 +4.3637e+00 -1.3584e+00 -1.1537e+00 -2.2728e+00 -4.9788e+00 +3.2818e+00 -2.7961e+00 -1.5501e+00 -4.1686e+00
748 +1.068082514e+05 +1.068082514e+05 +1.068463214e+05 +1.068463214e+05 -7.2109e-01 +1.1207e+00 +1.5096e+00 +2.3784e+00 +4.0461e+00 -3.3966e-01 +3.6189e+00 -3.4266e+00 -9.3901e-01 -3.9425e+00
4334 +5.858579998e+04 +5.858579998e+04 +5.862386998e+04 +5.862386998e+04 +7.7734e-01 +4.2352e+00 +4.3340e+00 -1.8617e+00 -5.6794e-01 -1.3093e+00 +3.4484e+00 -3.0813e+00 -1.3505e+00 -3.5245e+00
% function evaluation | noise-free fitness - Fopt (-4.542000000000e+01) | best noise-free fitness - Fopt | measured fitness | best measured fitness | x1 | x2...
1 +1.003614724e+07 +1.003614724e+07 +1.003610182e+07 +1.003610182e+07 -4.8808e+00 -2.8074e+00 +5.4704e-01 +2.2424e+00 +1.5015e+00 +2.8465e+00 +4.4218e+00 +8.6974e-01 +1.7052e-01 -4.6144e+00
5 +2.183621864e+06 +2.183621864e+06 +2.183576444e+06 +2.183576444e+06 +3.0618e-01 +7.6730e-01 +9.9261e-01 -7.1048e-01 +2.3810e+00 -1.9399e+00 +4.5778e+00 +2.9164e+00 -2.9060e+00 -2.0720e-01
10 +7.541290147e+05 +7.541290147e+05 +7.540835947e+05 +7.540835947e+05 -3.0597e+00 +4.3822e+00 +2.6696e+00 -4.5322e+00 -1.5767e+00 -3.9631e+00 +1.8263e+00 +1.8992e+00 -2.1019e+00 -9.2250e-01
149 +2.301530195e+05 +2.301530195e+05 +2.301075995e+05 +2.301075995e+05 -2.1582e+00 +1.3861e+00 +1.0568e+00 +4.7416e+00 -4.6021e+00 +1.0602e+00 +3.5559e+00 +3.2816e+00 -1.8965e+00 -2.0677e+00
1413 +5.484209839e+04 +5.484209839e+04 +5.479667839e+04 +5.479667839e+04 +1.4148e-01 -4.8753e+00 +4.3068e+00 -4.7714e+00 -4.8283e+00 +4.5021e+00 +3.2768e+00 +4.0033e+00 -2.1655e+00 -1.6264e+00
% function evaluation | noise-free fitness - Fopt (6.695000000000e+01) | best noise-free fitness - Fopt | measured fitness | best measured fitness | x1 | x2...
1 +9.630508376e+06 +9.630508376e+06 +9.630575326e+06 +9.630575326e+06 -2.6094e+00 -2.6847e+00 -5.1905e-01 -2.9122e+00 -4.7840e+00 -1.7990e-01 -4.6274e+00 +2.5257e+00 -2.2876e+00 +1.6365e+00
5 +1.987027796e+06 +1.987027796e+06 +1.987094746e+06 +1.987094746e+06 -9.8680e-01 -4.5065e+00 -4.6679e-01 -1.7594e+00 -3.1617e+00 +2.1356e+00 +8.3562e-01 -2.9994e+00 -2.9451e+00 -7.5508e-01
33 +8.045722649e+05 +8.045722649e+05 +8.046392149e+05 +8.046392149e+05 -4.3762e+00 +4.5977e+00 +4.1072e+00 +2.3164e+00 -2.7917e+00 -4.9506e+00 +1.3844e+00 +2.1614e+00 -1.2373e+00 -6.6633e-01
73 +5.812819850e+05 +5.812819850e+05 +5.813489350e+05 +5.813489350e+05 -8.8484e-01 +3.9703e+00 +1.1717e+00 -3.1159e+00 -1.7635e+00 -2.2119e+00 -1.9902e-01 +3.1566e+00 -2.4031e+00 -1.7567e+00
86 +1.327827417e+05 +1.327827417e+05 +1.328496917e+05 +1.328496917e+05 -7.6808e-01 +4.6248e+00 +2.6138e+00 +1.2778e+00 +1.1521e+00 +2.1952e+00 +4.3460e+00 +2.6627e+00 -2.4901e+00 -1.3846e+00
% function evaluation | noise-free fitness - Fopt (5.832000000000e+01) | best noise-free fitness - Fopt | measured fitness | best measured fitness | x1 | x2...
1 +5.880577014e+06 +5.880577014e+06 +5.880635334e+06 +5.880635334e+06 -4.6923e+00 -4.8231e-02 -2.3666e+00 +1.2038e+00 -3.9138e+00 +2.4131e+00 -1.6578e+00 -1.0272e+00 -1.9977e+00 -3.4467e+00
3 +2.746205711e+06 +2.746205711e+06 +2.746264031e+06 +2.746264031e+06 +4.4306e-02 +4.9514e+00 -3.4018e-01 -4.1449e+00 +4.8546e+00 +4.1870e+00 -4.7703e+00 -4.4548e+00 +2.9579e+00 -3.8556e+00
15 +1.023168073e+06 +1.023168073e+06 +1.023226393e+06 +1.023226393e+06 -4.1295e+00 -2.4542e+00 +6.8708e-01 -3.9515e+00 -3.0812e-01 -1.0133e+00 -4.6673e+00 -9.2694e-01 +2.3680e+00 -4.1786e+00
34 +7.165343274e+05 +7.165343274e+05 +7.165926474e+05 +7.165926474e+05 +3.4998e+00 -2.2729e+00 +4.5231e+00 +3.8720e+00 +3.0052e-01 +1.3834e+00 +1.8388e+00 +8.5841e-01 +2.7373e+00 -3.3900e+00
172 +2.056138119e+05 +2.056138119e+05 +2.056721319e+05 +2.056721319e+05 -1.5979e-01 -3.7985e+00 -4.2119e-01 -2.4031e+00 +4.2824e+00 +5.0335e-01 -8.3168e-01 +3.6005e+00 +3.5206e+00 -3.9457e+00
1604 +8.583067766e+04 +8.583067766e+04 +8.588899766e+04 +8.588899766e+04 -5.1251e-01 +4.8857e+00 -1.4436e+00 -1.2181e+00 -1.6196e+00 -3.5613e+00 -6.7333e-02 +4.1268e+00 +2.4806e+00 -3.9504e+00
% function evaluation | noise-free fitness - Fopt (1.932700000000e+02) | best noise-free fitness - Fopt | measured fitness | best measured fitness | x1 | x2...
1 +3.776110022e+06 +3.776110022e+06 +3.776303292e+06 +3.776303292e+06 -4.1509e+00 -1.1514e+00 -4.5170e-01 -1.4169e+00 +1.0868e+00 +2.5929e+00 +3.5356e+00 +1.9059e+00 -4.3946e+00 -4.6058e-01
4 +8.113670163e+05 +8.113670163e+05 +8.115602863e+05 +8.115602863e+05 -2.6211e+00 +1.8484e+00 -2.7783e-01 -4.4001e+00 +3.0724e+00 -4.9270e+00 -3.1335e+00 +5.7723e-01 -2.7048e+00 -1.5275e+00
55 +3.869754518e+05 +3.869754518e+05 +3.871687218e+05 +3.871687218e+05 +2.7331e-01 -1.6802e+00 -3.0365e+00 -1.3376e+00 -2.5635e+00 +4.7544e+00 +6.3022e-01 -8.7272e-01 -1.1300e+00 -1.4992e+00
478 +2.181954733e+05 +2.181954733e+05 +2.183887433e+05 +2.183887433e+05 +2.7617e+00 +1.7639e+00 -3.8270e+00 -4.2770e+00 -4.7916e+00 +1.1307e+00 -3.6450e-01 -2.3472e+00 -1.8984e+00 -1.1301e+00
% function evaluation | noise-free fitness - Fopt (-4.190100000000e+02) | best noise-free fitness - Fopt | measured fitness | best measured fitness | x1 | x2...
1 +2.507253701e+05 +2.507253701e+05 +2.503063601e+05 +2.503063601e+05 -4.8847e+00 -1.4620e+00 +1.7092e+00 +3.0919e+00 +3.6564e+00 -6.6242e-01 -4.7133e+00 -4.6713e-02 +1.4117e+00 -4.1168e+00
2101 +1.513944407e+05 +1.513944407e+05 +1.509754307e+05 +1.509754307e+05 -2.3301e+00 +1.5422e+00 -4.7260e-01 -1.2070e+00 -3.2403e+00 -4.1722e+00 +1.1916e+00 -8.9840e-03 +3.2641e-01 -3.9776e+00
4110 +5.759536721e+04 +5.759536721e+04 +5.717635721e+04 +5.717635721e+04 -1.8410e+00 -4.5733e+00 -3.7619e+00 -3.3578e+00 -2.3586e+00 -5.4099e-01 +6.0658e-03 -6.7074e-02 +6.8041e-01 -4.0464e+00
% function evaluation | noise-free fitness - Fopt (4.076100000000e+02) | best noise-free fitness - Fopt | measured fitness | best measured fitness | x1 | x2...
1 +6.944281938e+06 +6.944281938e+06 +6.944689548e+06 +6.944689548e+06 -2.1476e+00 -3.1109e+00 -1.0864e-01 +4.5094e-01 -3.5699e+00 -3.5959e+00 +2.9529e+00 +5.8262e-01 -2.0184e+00 +3.3862e+00
2 +2.853967350e+06 +2.853967350e+06 +2.854374960e+06 +2.854374960e+06 -3.3355e+00 -3.4635e+00 +3.7883e+00 +1.0779e-02 +4.0681e+00 -4.7115e+00 +1.6844e+00 -8.8269e-01 +4.4254e+00 +1.5707e+00
14 +7.451996996e+05 +7.451996996e+05 +7.456073096e+05 +7.456073096e+05 -4.4674e+00 +5.0616e-01 -1.2628e+00 +1.1364e+00 +5.9938e-01 -4.6255e+00 +7.9981e-01 +1.0981e+00 +4.2555e+00 +2.7727e+00
36 +5.309515886e+05 +5.309515886e+05 +5.313591986e+05 +5.313591986e+05 -4.9506e+00 -2.6296e+00 +9.9541e-01 -1.0046e+00 -3.9939e+00 -2.5656e+00 +3.2744e+00 -2.7458e+00 +3.5143e+00 +3.4465e+00
156 +3.738010611e+05 +3.738010611e+05 +3.742086711e+05 +3.742086711e+05 +1.1931e+00 +4.1353e+00 +4.0191e+00 -1.8970e+00 +3.5212e-01 +3.7146e+00 +2.6333e+00 -3.2689e+00 +3.9445e+00 +2.8163e+00
816 +2.375860557e+05 +2.375860557e+05 +2.379936657e+05 +2.379936657e+05 +3.1062e+00 +7.0816e-01 -7.1737e-01 +3.0566e+00 -3.4516e+00 +4.5995e+00 -2.7473e+00 -2.8795e+00 +3.4787e+00 +3.4316e+00
2487 +1.545769836e+05 +1.545769836e+05 +1.549845936e+05 +1.549845936e+05 +2.4090e+00 -3.9878e+00 -3.6996e+00 +9.3838e-01 -3.7390e+00 -9.8272e-01 -2.9380e+00 -1.7055e+00 +3.9732e+00 +3.2646e+00
2504 +9.645922936e+04 +9.645922936e+04 +9.686683936e+04 +9.686683936e+04 -1.9659e+00 +6.7892e-01 +2.1294e+00 +2.2533e+00 +1.5139e+00 +3.5717e+00 -2.7227e+00 -1.7363e+00 +4.1173e+00 +3.0442e+00
% function evaluation | noise-free fitness - Fopt (2.872000000000e+01) | best noise-free fitness - Fopt | measured fitness | best measured fitness | x1 | x2...
1 +5.866368641e+06 +5.866368641e+06 +5.866397361e+06 +5.866397361e+06 +4.8781e+00 -3.8976e+00 -2.7000e+00 -2.4558e-01 +2.7776e+00 -1.9342e+00 -1.9832e+00 +3.7302e+00 -3.2727e+00 -3.8396e+00
2 +1.545424061e+05 +1.545424061e+05 +1.545711261e+05 +1.545711261e+05 +8.5785e-01 -3.1175e+00 +3.2725e+00 +8.3358e-01 +2.1140e+00 -9.8112e-01 +1.2794e-03 +1.3145e+00 +2.7919e+00 -3.5423e+00
837 +9.850475695e+04 +9.850475695e+04 +9.853347695e+04 +9.853347695e+04 -1.2907e+00 +3.3751e+00 -2.8061e+00 -1.7853e+00 -1.8415e+00 -3.3572e+00 +5.3896e-01 +2.6874e+00 +2.1547e+00 -3.4440e+00
