% function evaluation | noise-free fitness - Fopt (-2.098800000000e+02) | best noise-free fitness - Fopt | measured fitness | best measured fitness | x1 | x2...
1 +2.570201255e+06 +2.570201255e+06 +2.569991375e+06 +2.569991375e+06 -3.2856e+00 -8.2240e-01 -3.7938e+00 -4.5216e+00 +7.2451e-01
4 +2.805538772e+05 +2.805538772e+05 +2.803439972e+05 +2.803439972e+05 +2.5550e+00 +1.8627e+00 -4.4226e+00 +4.8993e+00 +1.7744e+00
17 +4.278853583e+03 +4.278853583e+03 +4.068973583e+03 +4.068973583e+03 +2.1729e+00 -3.2945e+00 +3.5781e+00 +2.2916e+00 +1.8430e+00
3088 +2.135331371e+03 +2.135331371e+03 +1.925451371e+03 +1.925451371e+03 +2.2950e+00 -1.4398e+00 +4.4126e+00 +2.1806e+00 +1.7901e+00
% function evaluation | noise-free fitness - Fopt (-9.209000000000e+01) | best noise-free fitness - Fopt | measured fitness | best measured fitness | x1 | x2...
1 +2.135156768e+07 +2.135156768e+07 +2.135147559e+07 +2.135147559e+07 -3.4177e+00 +3.8755e+00 +2.3380e+00 -4.9223e+00 +4.4821e+00
2 +5.001701931e+06 +5.001701931e+06 +5.001609841e+06 +5.001609841e+06 -2.0912e+00 -4.9667e+00 +2.6526e+00 +2.8968e+00 -2.1903e+00
4 +2.367883512e+05 +2.367883512e+05 +2.366962612e+05 +2.366962612e+05 +1.6762e+00 +1.8358e+00 -3.6752e+00 +3.2907e-01 -3.7310e-01
11 +1.210213687e+05 +1.210213687e+05 +1.209292787e+05 +1.209292787e+05 -2.6394e+00 -4.3411e+00 +2.4393e+00 -2.0800e+00 +2.0770e-01
22 +6.125302974e+04 +6.125302974e+04 +6.116093974e+04 +6.116093974e+04 -4.1002e+00 +1.7304e+00 +1.0679e-01 -5.3057e-01 -1.0388e-01
69 +1.580777179e+04 +1.580777179e+04 +1.571568179e+04 +1.571568179e+04 +2.3498e+00 -3.7731e+00 +1.2437e+00 -1.7743e+00 -2.3245e-01
2318 +7.458018372e+03 +7.458018372e+03 +7.365928372e+03 +7.365928372e+03 -1.1176e+00 -1.0157e+00 -2.2232e+00 -2.0519e+00 -1.0067e-01
3493 +6.114779326e+03 +6.114779326e+03 +6.022689326e+03 +6.022689326e+03 -4.2395e-01 +6.8794e-01 -1.9643e+00 -2.0383e+00 -1.3605e-01
% function evaluation | noise-free fitness - Fopt (-8.789000000000e+01) | best noise-free fitness - Fopt | measured fitness | best measured fitness | x1 | x2...
1 +2.668764135e+06 +2.668764135e+06 +2.668676245e+06 +2.668676245e+06 +7.1782e-01 +3.1722e-01 +3.1605e+00 -8.0567e-01 -4.5618e+00
4 +1.378095583e+06 +1.378095583e+06 +1.378007693e+06 +1.378007693e+06 +2.0492e+00 -2.4594e+00 +4.2336e+00 -3.1169e+00 -4.1911e+00
11 +7.569609992e+05 +7.569609992e+05 +7.568731092e+05 +7.568731092e+05 -5.5649e-01 +8.6769e-01 +1.0514e+00 +1.3209e+00 -3.7769e+00
14 +5.409837836e+05 +5.409837836e+05 +5.408958936e+05 +5.408958936e+05 +3.5897e+00 +4.9619e+00 +2.9968e+00 +1.9493e+00 -3.2097e+00
20 +3.864449033e+05 +3.864449033e+05 +3.863570133e+05 +3.863570133e+05 +4.9071e+00 +3.7973e+00 -2.5337e+00 +5.5929e-01 -3.4361e+00
67 +1.364187770e+05 +1.364187770e+05 +1.363308870e+05 +1.363308870e+05 -1.7223e+00 +1.7532e+00 +2.2583e+00 -4.0802e+00 -2.9922e+00
174 +2.055321260e+04 +2.055321260e+04 +2.046532260e+04 +2.046532260e+04 -1.3603e+00 -3.9073e+00 +1.4152e+00 -2.1770e+00 -2.9392e+00
229 +1.313086823e+04 +1.313086823e+04 +1.304297823e+04 +1.304297823e+04 -3.6716e+00 +3.7145e+00 -1.0865e+00 -1.7891e+00 -3.1563e+00
651 +3.876316013e+03 +3.876316013e+03 +3.788426013e+03 +3.788426013e+03 -8.0954e-01 -2.1285e+00 +3.0550e+00 -2.1328e+00 -3.0898e+00
% function evaluation | noise-free fitness - Fopt (3.201900000000e+02) | best noise-free fitness - Fopt | measured fitness | best measured fitness | x1 | x2...
1 +9.765897884e+06 +9.765897884e+06 +9.766218074e+06 +9.766218074e+06 +3.5543e+00 +6.7007e-01 +1.2861e+00 +2.2625e+00 -3.0862e-01
2 +2.793758241e+06 +2.793758241e+06 +2.794078431e+06 +2.794078431e+06 +2.2542e+00 -4.2648e+00 +1.2336e+00 +4.9604e+00 -4.6901e+00
4 +6.242110831e+05 +6.242110831e+05 +6.245312731e+05 +6.245312731e+05 -1.4528e+00 -1.2506e+00 -1.6246e+00 -4.3970e+00 -2.9890e+00
42 +2.680428396e+05 +2.680428396e+05 +2.683630296e+05 +2.683630296e+05 -4.1999e+00 -1.5657e+00 -3.7056e-01 -4.1730e-01 -3.9904e+00
56 +2.579985553e+04 +2.579985553e+04 +2.612004553e+04 +2.612004553e+04 -3.2084e+00 -1.1106e+00 +1.0965e+00 -5.2642e-01 -3.3161e+00
1068 +1.552514043e+04 +1.552514043e+04 +1.584533043e+04 +1.584533043e+04 +2.0617e+00 +3.2554e+00 -2.3710e+00 -8.2592e-01 -3.4545e+00
3425 +1.754919719e+03 +1.754919719e+03 +2.075109719e+03 +2.075109719e+03 +3.8741e+00 +1.1803e+00 +1.4499e+00 -1.0508e+00 -3.4592e+00
% function evaluation | noise-free fitness - Fopt (-1.042400000000e+02) | best noise-free fitness - Fopt | measured fitness | best measured fitness | x1 | x2...
1 +2.375376393e+06 +2.375376393e+06 +2.375272153e+06 +2.375272153e+06 +1.3594e+00 +2.3296e+00 -3.8141e+00 -1.2044e-01 +1.6060e+00
2 +7.425213665e+05 +7.425213665e+05 +7.424171265e+05 +7.424171265e+05 +2.2777e+00 -3.5342e+00 +4.0008e+00 +2.0363e+00 -8.3525e-01
29 +7.822320336e+04 +7.822320336e+04 +7.811896336e+04 +7.811896336e+04 -1.9279e+00 +1.1481e+00 -4.9326e-02 +9.8620e-01 -1.6249e-01
37 +5.562639205e+04 +5.562639205e+04 +5.552215205e+04 +5.552215205e+04 +4.4053e+00 +3.6064e+00 +1.0051e+00 -1.0439e+00 -2.6720e-01
98 +3.213841873e+04 +3.213841873e+04 +3.203417873e+04 +3.203417873e+04 +4.8491e+00 -5.9896e-02 +4.6740e+00 -7.7138e-01 -1.8845e-01
287 +8.877163882e+03 +8.877163882e+03 +8.772923882e+03 +8.772923882e+03 -3.8260e+00 +3.3913e+00 -1.2406e+00 -3.2334e-01 -5.6864e-02
1207 +4.289007486e+03 +4.289007486e+03 +4.184767486e+03 +4.184767486e+03 +1.0023e+00 +2.0186e+00 +2.6764e+00 -5.0523e-01 -9.1013e-02
% function evaluation | noise-free fitness - Fopt (-3.570000000000e+01) | best noise-free fitness - Fopt | measured fitness | best measured fitness | x1 | x2...
1 +4.488064663e+06 +4.488064663e+06 +4.488028963e+06 +4.488028963e+06 +4.7352e+00 +2.2946e-01 -2.9305e+00 -2.8844e+00 -1.9160e+00
3 +3.854442962e+04 +3.854442962e+04 +3.850872962e+04 +3.850872962e+04 -2.2194e+00 -1.1667e+00 +1.3054e+00 +3.0988e+00 -4.0087e+00
203 +2.241834713e+04 +2.241834713e+04 +2.238264713e+04 +2.238264713e+04 -1.3825e+00 -1.8970e-01 -5.1352e-01 +3.5833e+00 -3.8764e+00
362 +6.488555020e+03 +6.488555020e+03 +6.452855020e+03 +6.452855020e+03 -4.0060e+00 +4.8334e+00 +4.3993e+00 +3.0515e+00 -3.9044e+00
% function evaluation | noise-free fitness - Fopt (2.070000000000e+01) | best noise-free fitness - Fopt | measured fitness | best measured fitness | x1 | x2...
1 +1.103135394e+07 +1.103135394e+07 +1.103137464e+07 +1.103137464e+07 -1.4593e+00 +1.8630e+00 -1.4177e+00 +4.6854e+00 -4.1264e-01
2 +7.768558557e+05 +7.768558557e+05 +7.768765557e+05 +7.768765557e+05 -4.6405e+00 +2.2808e+00 +3.0390e+00 +3.9367e+00 +3.6798e+00
14 +2.932106014e+05 +2.932106014e+05 +2.932313014e+05 +2.932313014e+05 -2.7073e+00 +5.2269e-01 -3.0801e+00 -1.4771e+00 +2.6821e+00
37 +1.537597080e+05 +1.537597080e+05 +1.537804080e+05 +1.537804080e+05 +4.6365e+00 -2.8458e+00 +6.1938e-01 +7.3625e-01 +2.5427e+00
67 +8.693044872e+04 +8.693044872e+04 +8.695114872e+04 +8.695114872e+04 -3.6806e+00 +4.6263e+00 -1.3960e+00 +3.0988e+00 +2.8121e+00
158 +3.112470362e+04 +3.112470362e+04 +3.114540362e+04 +3.114540362e+04 +6.9092e-01 +8.1736e-01 +5.5243e-01 +2.0407e+00 +2.9868e+00
395 +7.917525201e+03 +7.917525201e+03 +7.938225201e+03 +7.938225201e+03 +2.1421e+00 +1.1490e+00 -1.6008e+00 +9.0684e-01 +2.8989e+00
2041 +1.185866195e+03 +1.185866195e+03 +1.206566195e+03 +1.206566195e+03 -1.6066e+00 +3.5650e+00 -2.1442e+00 +1.3551e+00 +2.9114e+00
% function evaluation | noise-free fitness - Fopt (3.807000000000e+01) | best noise-free fitness - Fopt | measured fitness | best measured fitness | x1 | x2...
1 +2.727096307e+05 +2.727096307e+05 +2.727477007e+05 +2.727477007e+05 +2.3087e+00 -7.6657e-01 +9.9909e-01 +3.2542e-02 +3.2417e+00
12 +1.990400352e+05 +1.990400352e+05 +1.990781052e+05 +1.990781052e+05 +2.4734e+00 -4.1989e+00 +1.7483e+00 +1.2289e+00 +2.8162e+00
209 +4.786637549e+04 +4.786637549e+04 +4.790444549e+04 +4.790444549e+04 -1.0919e+00 +3.4982e+00 +4.2751e+00 +2.2305e+00 +3.2810e+00
665 +1.505064693e+04 +1.505064693e+04 +1.508871693e+04 +1.508871693e+04 -2.2690e+00 -2.7853e+00 +3.6085e+00 +2.4173e+00 +3.1636e+00
1090 +2.437120155e+03 +2.437120155e+03 +2.475190155e+03 +2.475190155e+03 +1.5617e+00 -2.9019e+00 +2.0221e+00 +2.7333e+00 +3.1322e+00
% function evaluation | noise-free fitness - Fopt (-4.542000000000e+01) | best noise-free fitness - Fopt | measured fitness | best measured fitness | x1 | x2...
1 +3.077875104e+07 +3.077875104e+07 +3.077870562e+07 +3.077870562e+07 -3.1778e+00 -3.6905e+00 +2.3062e+00 -1.9806e+00 -3.4739e+00
2 +3.282539008e+06 +3.282539008e+06 +3.282493588e+06 +3.282493588e+06 -4.5397e+00 +2.0336e+00 -3.3786e+00 -4.5406e+00 +3.8419e+00
5 +1.768386873e+05 +1.768386873e+05 +1.767932673e+05 +1.767932673e+05 -3.4659e+00 +1.4852e+00 -2.9617e+00 +2.6127e-01 +2.5714e+00
62 +1.388782284e+05 +1.388782284e+05 +1.388328084e+05 +1.388328084e+05 -2.6619e+00 +7.9317e-03 +3.7581e-01 +3.0561e+00 +2.0166e+00
97 +9.742001205e+04 +9.742001205e+04 +9.737459205e+04 +9.737459205e+04 -2.6938e+00 +3.9546e+00 -2.0745e-01 +1.6397e+00 +2.0011e+00
437 +4.214255779e+04 +4.214255779e+04 +4.209713779e+04 +4.209713779e+04 +6.2603e-01 -4.3086e+00 +1.2878e+00 +1.9623e+00 +2.1475e+00
574 +1.658521011e+04 +1.658521011e+04 +1.653979011e+04 +1.653979011e+04 +1.2334e+00 -4.7510e-02 -4.6322e+00 +1.6610e+00 +2.3936e+00
1053 +3.247398973e+03 +3.247398973e+03 +3.201978973e+03 +3.201978973e+03 +2.8905e+00 +2.1346e+00 -1.0211e+00 +1.9649e+00 +2.3032e+00
% function evaluation | noise-free fitness - Fopt (6.695000000000e+01) | best noise-free fitness - Fopt | measured fitness | best measured fitness | x1 | x2...
1 +7.705010532e+05 +7.705010532e+05 +7.705680032e+05 +7.705680032e+05 -9.1382e-01 +4.2162e+00 +4.7419e+00 -1.6174e+00 +2.5882e+00
5 +2.907717821e+05 +2.907717821e+05 +2.908387321e+05 +2.908387321e+05 +3.1234e+00 +4.1161e+00 +3.3215e-02 -2.4424e+00 +3.0827e+00
7 +1.386010964e+05 +1.386010964e+05 +1.386680464e+05 +1.386680464e+05 +4.4131e+00 +4.2769e+00 -2.4660e+00 +9.2144e-01 +3.7297e+00
46 +9.773591183e+03 +9.773591183e+03 +9.840541183e+03 +9.840541183e+03 -2.4632e-01 -1.6171e+00 -3.5564e+00 +5.7850e-02 +3.4261e+00
1500 +5.876443621e+03 +5.876443621e+03 +5.943393621e+03 +5.943393621e+03 +3.2434e+00 +3.5883e+00 +8.4808e-01 -3.5011e-01 +3.4724e+00
% function evaluation | noise-free fitness - Fopt (5.832000000000e+01) | best noise-free fitness - Fopt | measured fitness | best measured fitness | x1 | x2...
1 +1.171638356e+07 +1.171638356e+07 +1.171644188e+07 +1.171644188e+07 -6.5752e-01 +2.1088e+00 +2.7436e+00 +3.1744e-01 -9.3565e-02
2 +9.995542599e+06 +9.995542599e+06 +9.995600919e+06 +9.995600919e+06 -2.5794e+00 +4.5193e+00 +3.1393e+00 +3.8007e+00 -4.2911e-01
10 +7.555903360e+05 +7.555903360e+05 +7.556486560e+05 +7.556486560e+05 +3.2668e-01 +4.0629e+00 -3.6986e+00 -4.8099e+00 -3.7952e+00
19 +5.817312702e+04 +5.817312702e+04 +5.823144702e+04 +5.823144702e+04 +3.3843e+00 +1.8462e+00 +3.0745e+00 -6.0761e-01 -3.8125e+00
74 +3.975326848e+04 +3.975326848e+04 +3.981158848e+04 +3.981158848e+04 +2.3053e+00 -4.7928e+00 -3.9376e+00 -4.9879e-02 -3.4879e+00
317 +2.448696645e+04 +2.448696645e+04 +2.454528645e+04 +2.454528645e+04 +2.1011e+00 -4.0356e+00 +4.7091e+00 +5.4191e-02 -3.4910e+00
544 +1.047667491e+04 +1.047667491e+04 +1.053499491e+04 +1.053499491e+04 -1.2794e+00 +2.6136e+00 +3.5128e+00 +2.6962e-01 -3.6094e+00
2157 +7.161184658e+03 +7.161184658e+03 +7.219504658e+03 +7.219504658e+03 +4.5889e+00 +5.9773e-02 +3.3139e+00 -1.6473e-01 -3.6513e+00
% function evaluation | noise-free fitness - Fopt (1.932700000000e+02) | best noise-free fitness - Fopt | measured fitness | best measured fitness | x1 | x2...
1 +5.174945901e+07 +5.174945901e+07 +5.174965228e+07 +5.174965228e+07 +2.5779e+00 -2.3160e+00 -4.2189e+00 +3.9218e+00 -4.1371e+00
2 +5.391116096e+05 +5.391116096e+05 +5.393048796e+05 +5.393048796e+05 -3.0464e+00 +6.9144e-01 -1.2320e+00 +5.1205e-01 +3.8245e+00
24 +2.118616625e+05 +2.118616625e+05 +2.120549325e+05 +2.120549325e+05 -1.0046e-01 +2.4302e+00 -2.8185e-02 +1.6169e+00 +3.2325e+00
33 +2.548159713e+04 +2.548159713e+04 +2.567486713e+04 +2.567486713e+04 +3.0283e+00 +1.9141e+00 +3.3158e+00 +3.6315e+00 +3.5601e+00
632 +8.271143340e+03 +8.271143340e+03 +8.464413340e+03 +8.464413340e+03 -3.0082e+00 +2.7715e+00 +6.7570e-01 +4.3318e+00 +3.4423e+00
% function evaluation | noise-free fitness - Fopt (-4.190100000000e+02) | best noise-free fitness - Fopt | measured fitness | best measured fitness | x1 | x2...
1 +2.908718915e+05 +2.908718915e+05 +2.904528815e+05 +2.904528815e+05 -2.5374e+00 +4.7042e+00 -3.3909e+00 -1.6087e-01 -1.9205e+00
36 +6.707047906e+04 +6.707047906e+04 +6.665146906e+04 +6.665146906e+04 -4.3191e+00 +2.2772e+00 +1.5293e+00 -2.7141e+00 -1.9783e+00
369 +3.287429683e+04 +3.287429683e+04 +3.245528683e+04 +3.245528683e+04 +2.2323e+00 +4.8264e+00 -1.8081e+00 -4.0164e+00 -1.8414e+00
576 +2.505490254e+04 +2.505490254e+04 +2.463589254e+04 +2.463589254e+04 -5.5169e-01 +2.1965e+00 +2.3865e+00 -2.9935e+00 -1.7698e+00
1018 +1.131739027e+04 +1.131739027e+04 +1.089838027e+04 +1.089838027e+04 -2.2000e-01 -2.0605e+00 -3.3870e+00 -3.6595e+00 -1.7807e+00
4533 +7.630739986e+03 +7.630739986e+03 +7.211729986e+03 +7.211729986e+03 -2.9849e+00 +3.0674e+00 -4.0045e+00 -3.3128e+00 -1.7115e+00
% function evaluation | noise-free fitness - Fopt (4.076100000000e+02) | best noise-free fitness - Fopt | measured fitness | best measured fitness | x1 | x2...
1 +1.304690809e+07 +1.304690809e+07 +1.304731570e+07 +1.304731570e+07 -1.0547e+00 -1.4616e+00 +7.9159e-01 +4.7058e+00 -1.1225e+00
3 +4.362038087e+06 +4.362038087e+06 +4.362445697e+06 +4.362445697e+06 -3.9704e+00 +2.8260e+00 +2.5706e+00 +1.2091e+00 +4.2245e-01
5 +3.409062122e+06 +3.409062122e+06 +3.409469732e+06 +3.409469732e+06 +1.2894e+00 -4.0013e+00 -2.5696e+00 +4.6551e+00 +7.7346e-01
12 +1.360119426e+06 +1.360119426e+06 +1.360527036e+06 +1.360527036e+06 +7.0313e-01 -3.7792e+00 -3.1831e+00 -8.6220e-01 +3.4493e+00
35 +4.349115117e+05 +4.349115117e+05 +4.353191217e+05 +4.353191217e+05 -4.7265e+00 -3.9482e+00 +2.8288e+00 +6.2237e-01 +1.9274e+00
42 +4.030451099e+04 +4.030451099e+04 +4.071212099e+04 +4.071212099e+04 +3.6675e+00 -2.4015e+00 +6.8248e-01 +2.7571e+00 +2.3172e+00
340 +4.797083423e+03 +4.797083423e+03 +5.204693423e+03 +5.204693423e+03 -2.7489e+00 +4.3141e-01 +3.0425e+00 +2.5138e+00 +2.4965e+00
% function evaluation | noise-free fitness - Fopt (2.872000000000e+01) | best noise-free fitness - Fopt | measured fitness | best measured fitness | x1 | x2...
1 +2.137506208e+05 +2.137506208e+05 +2.137793408e+05 +2.137793408e+05 +3.8659e+00 +2.6206e+00 -1.6254e+00 -1.8324e+00 -1.8806e+00
3 +1.271197343e+05 +1.271197343e+05 +1.271484543e+05 +1.271484543e+05 +4.5564e+00 +4.3027e+00 -2.4218e+00 +2.7121e+00 -1.7611e+00
13 +3.391652784e+04 +3.391652784e+04 +3.394524784e+04 +3.394524784e+04 +1.8746e+00 -4.2306e+00 -3.0989e+00 +1.3934e+00 -1.8868e+00
384 +8.777423058e+03 +8.777423058e+03 +8.806143058e+03 +8.806143058e+03 +1.1167e+00 +2.9701e+00 -1.2810e+00 +8.8213e-01 -1.7322e+00
560 +4.131764462e+03 +4.131764462e+03 +4.160484462e+03 +4.160484462e+03 -4.3879e+00 +1.0896e+00 -4.7126e+00 +4.7786e-01 -1.7381e+00
