% function evaluation | noise-free fitness - Fopt (-2.098800000000e+02) | best noise-free fitness - Fopt | measured fitness | best measured fitness | x1 | x2...
1 +1.061184460e+07 +1.061184460e+07 +1.061163472e+07 +1.061163472e+07 +3.9356e+00 -2.1656e+00 +1.6268e+00 -4.0952e+00 +9.0404e-01 -2.1378e+00 +4.0631e+00 +1.9080e+00 +1.6377e+00 -2.7795e-01 -2.9876e+00 -1.2477e+00 +3.6518e+00 +4.3110e+00 +4.3216e-01 +2.4002e+00 +3.1124e+00 +3.3352e+00 -2.8125e+00 +3.8164e+00
6 +7.493993613e+06 +7.493993613e+06 +7.493783733e+06 +7.493783733e+06 +3.9042e+00 +4.4064e+00 -4.5596e+00 -1.5713e+00 +2.7149e-01 -3.3022e+00 +2.8372e+00 +4.0492e+00 +4.9109e+00 +2.8455e+00 +3.5209e+00 +1.7011e+00 -5.6163e-01 +3.0398e+00 -1.7528e-01 +4.7797e+00 -3.2288e+00 +2.9617e+00 -3.3016e+00 +3.6892e-01
22 +4.893392247e+06 +4.893392247e+06 +4.893182367e+06 +4.893182367e+06 -3.1893e+00 -4.0295e+00 -3.0091e+00 +5.0598e-01 -4.8376e+00 +3.7174e+00 +2.2214e+00 +2.2526e+00 +2.5451e+00 +2.7811e+00 -3.5545e+00 +1.1398e+00 -3.1751e+00 +9.4405e-02 -4.4576e+00 +2.3359e+00 -1.3883e+00 +4.2046e+00 -1.6521e+00 +8.0134e-01
49 +2.900033976e+06 +2.900033976e+06 +2.899824096e+06 +2.899824096e+06 +1.4482e+00 +1.9118e+00 +4.2196e+00 -4.4904e+00 -2.7105e+00 -9.6670e-01 +2.0861e+00 +2.8663e+00 -4.8509e-01 -6.5543e-02 -6.3197e-01 +1.3686e+00 -2.7654e+00 -3.0463e+00 -3.4623e+00 -4.5914e+00 -3.9389e+00 -9.0200e-03 -2.3156e+00 +2.4332e+00
114 +8.664360667e+05 +8.664360667e+05 +8.662261867e+05 +8.662261867e+05 -1.6067e+00 +3.9839e+00 +4.8132e+00 -1.8141e+00 +7.9770e-01 -7.4052e-01 +4.3102e+00 -9.3816e-01 +3.1791e+00 +7.4397e-01 -4.5291e+00 +1.9030e+00 +1.3288e+00 -3.0989e+00 -3.3659e+00 -1.5596e+00 -2.1183e+00 +2.8365e+00 -1.7366e+00 +2.0568e+00
% function evaluation | noise-free fitness - Fopt (-9.209000000000e+01) | best noise-free fitness - Fopt | measured fitness | best measured fitness | x1 | x2...
1 +1.040154274e+07 +1.040154274e+07 +1.040145065e+07 +1.040145065e+07 +2.0779e+00 +3.8749e+00 -3.6774e+00 -4.9013e+00 -6.4304e-01 +1.9795e+00 +2.5652e+00 -3.5529e+00 +3.3191e+00 +4.7213e+00 -5.3469e-03 +1.3608e+00 -3.5275e+00 +2.1499e+00 -3.4964e+00 +9.7527e-01 -1.2597e+00 -1.5921e+00 +3.8747e+00 -1.6100e+00
27 +8.221195875e+06 +8.221195875e+06 +8.221103785e+06 +8.221103785e+06 -8.8643e-01 +2.4628e+00 +4.0353e+00 -4.1396e-01 -1.4786e+00 -9.9493e-01 +4.5776e+00 +3.5424e+00 +2.4226e+00 +3.0355e+00 -2.7685e+00 +8.5669e-01 -4.1734e+00 -3.5504e+00 +4.8143e+00 +3.9097e+00 +2.5952e+00 +1.0786e+00 +2.9798e+00 -1.0674e+00
47 +5.425378402e+06 +5.425378402e+06 +5.425286312e+06 +5.425286312e+06 -2.1990e+00 -4.9606e+00 -2.9674e+00 +1.8614e+00 -1.4533e+00 +2.5165e-01 +4.5691e+00 -1.7389e+00 -3.5486e+00 -3.6173e+00 -2.7927e-01 +3.1222e+00 -1.6891e+00 +8.4736e-01 +1.8784e-01 +1.1620e+00 +6.8294e-01 +3.6772e+00 +1.0978e+00 +3.3380e-01
63 +2.889446732e+06 +2.889446732e+06 +2.889354642e+06 +2.889354642e+06 -1.1974e+00 +3.3699e+00 -2.3799e+00 +2.9881e+00 +4.0382e+00 -4.2237e+00 -1.9155e+00 -2.7315e-01 +1.1669e+00 +4.6882e+00 +4.8269e+00 -1.8629e+00 +1.4974e+00 +8.8723e-01 +3.0906e+00 -1.9068e+00 +6.6468e-01 +4.2782e+00 +2.0220e+00 -1.4751e+00
317 +2.053555334e+06 +2.053555334e+06 +2.053463244e+06 +2.053463244e+06 +4.8988e+00 +2.6299e+00 -1.4264e+00 -4.9714e+00 +1.2341e+00 +1.6478e+00 -8.4133e-02 -1.6831e+00 +7.9179e-01 -3.5124e+00 -1.3855e+00 +7.6155e-01 +3.7455e+00 +4.0926e+00 -3.8347e+00 +2.0265e+00 -2.9733e+00 +3.8389e+00 +2.1081e+00 -1.4667e+00
416 +5.871273755e+05 +5.871273755e+05 +5.870352855e+05 +5.870352855e+05 -3.9662e-01 +4.7574e+00 -2.9580e+00 +4.0889e+00 -2.8690e+00 +1.4818e+00 -3.2163e+00 -3.6682e+00 +1.8626e+00 +2.6401e+00 +3.4275e+00 -4.2103e+00 -8.4925e-01 +4.0547e+00 +4.9322e+00 -7.4232e-01 -4.4139e+00 +4.2046e+00 +2.0338e+00 -1.6689e+00
% function evaluation | noise-free fitness - Fopt (-8.789000000000e+01) | best noise-free fitness - Fopt | measured fitness | best measured fitness | x1 | x2...
1 +1.998335826e+07 +1.998335826e+07 +1.998327037e+07 +1.998327037e+07 +5.9239e-01 +1.3965e+00 +1.3786e+00 +1.3998e+00 +8.1915e-01 +3.2130e+00 +1.0949e-01 +4.0163e+00 -3.1064e+00 +1.6689e+00 -3.5984e-01 -1.8718e+00 +9.9965e-01 +2.1283e+00 -2.4429e+00 +2.0806e+00 -9.9410e-01 -4.2851e+00 -2.1978e+00 +4.9338e-01
2 +1.226881667e+07 +1.226881667e+07 +1.226872878e+07 +1.226872878e+07 -3.8859e+00 -4.1542e+00 +4.4081e+00 -4.1595e+00 -1.7197e+00 +4.0600e+00 -1.4506e+00 +1.3321e+00 +3.7283e+00 -7.2128e-01 +3.3011e+00 -4.2958e+00 -1.9590e-01 -3.5663e+00 -3.5077e+00 +7.1366e-01 -1.0099e+00 -1.1817e+00 -4.5513e+00 +3.8260e+00
13 +3.255656174e+06 +3.255656174e+06 +3.255568284e+06 +3.255568284e+06 -2.7631e+00 +1.3098e+00 +3.8807e+00 +3.7041e+00 -3.5843e+00 -1.2326e+00 -1.7461e+00 -8.4342e-01 -4.4505e+00 -3.8379e+00 +2.3649e+00 -3.3195e-01 -5.7714e-03 +3.8123e+00 -2.6297e+00 +2.6228e+00 -2.1059e-01 +4.7452e+00 +8.6514e-01 +2.8544e+00
49 +9.307649934e+05 +9.307649934e+05 +9.306771034e+05 +9.306771034e+05 -2.5000e+00 -1.6135e+00 -2.1124e+00 -2.3733e+00 +1.9165e+00 -4.4591e+00 +2.8711e+00 +4.4938e+00 +4.6225e+00 +3.9140e+00 +3.4496e+00 +2.2459e+00 -2.9370e+00 -1.1055e+00 -2.5036e+00 -2.6458e-01 +2.6573e-01 +3.5314e+00 -1.7707e+00 +3.3042e+00
% function evaluation | noise-free fitness - Fopt (3.201900000000e+02) | best noise-free fitness - Fopt | measured fitness | best measured fitness | x1 | x2...
1 +6.869397132e+06 +6.869397132e+06 +6.869717322e+06 +6.869717322e+06 -3.1409e+00 +2.2554e+00 +9.8043e-01 -4.9609e+00 -4.8696e+00 +2.1777e+00 -4.7739e+00 +1.2821e+00 +2.1644e+00 -2.2012e+00 -1.4042e+00 -3.7874e-01 -2.2986e+00 +1.4688e+00 -4.9839e-01 -3.6988e+00 -3.1175e+00 +3.3571e-03 +2.7200e+00 +1.3324e+00
2 +3.503007753e+06 +3.503007753e+06 +3.503327943e+06 +3.503327943e+06 -1.4631e+00 +1.0904e+00 +4.1012e+00 +1.0749e+00 +3.6530e+00 +3.6987e+00 -4.7928e+00 -4.5584e+00 +4.6615e+00 +1.5485e+00 +4.7656e+00 +2.0904e+00 +2.2112e+00 +3.4689e+00 -3.0135e+00 +3.8992e+00 -2.4399e-01 +2.1639e+00 +3.3797e+00 +1.5734e+00
172 +1.731372832e+06 +1.731372832e+06 +1.731693022e+06 +1.731693022e+06 +4.6385e+00 -1.8086e+00 -2.9614e+00 +3.2646e+00 -3.1764e+00 +3.9325e+00 -3.7623e+00 +1.0748e+00 +2.5886e+00 -1.4251e+00 +4.0011e+00 +1.7026e+00 -3.3259e+00 +4.6073e+00 +1.5283e+00 +4.3750e+00 +2.6668e+00 -1.0376e+00 +2.7302e+00 +1.3132e+00
445 +1.439036376e+06 +1.439036376e+06 +1.439356566e+06 +1.439356566e+06 -4.5564e+00 -1.4313e-01 -8.4329e-01 +1.3733e+00 -4.4580e+00 -2.8090e+00 +1.0001e+00 -2.3563e+00 +2.4080e+00 -4.3899e+00 +1.7429e+00 +6.7396e-01 -3.6284e+00 -2.4919e+00 -1.6874e+00 +7.3519e-01 +3.5538e+00 +9.8674e-01 +2.2109e+00 +4.3668e-01
809 +9.513354734e+05 +9.513354734e+05 +9.516556634e+05 +9.516556634e+05 +1.6081e+00 +3.2251e+00 +1.5684e+00 +1.1015e+00 +2.7581e+00 -3.0242e+00 -4.0186e+00 -2.4908e+00 -4.1224e+00 -4.1228e-01 -3.8118e+00 +2.5825e+00 +3.8534e+00 +3.0651e+00 -1.8851e+00 +2.7846e+00 +3.9272e+00 -1.9749e-01 +2.8184e+00 +1.7281e+00
3953 +4.243501017e+05 +4.243501017e+05 +4.246702917e+05 +4.246702917e+05 +6.4851e-01 -1.8191e+00 +2.2503e+00 -4.9585e+00 -8.0572e-01 -2.4764e+00 -3.0576e+00 -2.7736e+00 -1.9095e+00 -4.3026e-01 +3.4572e+00 +3.9684e+00 -2.6912e-01 -4.7624e-01 -1.2059e+00 +3.2338e+00 +3.8939e+00 +2.9406e-01 +2.9013e+00 +1.6336e+00
% function evaluation | noise-free fitness - Fopt (-1.042400000000e+02) | best noise-free fitness - Fopt | measured fitness | best measured fitness | x1 | x2...
1 +4.037340542e+07 +4.037340542e+07 +4.037330118e+07 +4.037330118e+07 -6.5543e-01 +2.0795e+00 -1.4422e+00 +1.9902e+00 +2.0977e+00 -3.4144e+00 -3.0343e+00 +4.3993e+00 -4.3897e+00 -1.4416e+00 +3.0754e+00 +3.3714e+00 -4.5231e+00 +3.0438e+00 +1.0331e+00 +2.8982e-01 +4.1611e+00 -2.5798e+00 -9.4707e-01 +2.1417e+00
2 +3.325303633e+07 +3.325303633e+07 +3.325293209e+07 +3.325293209e+07 -1.7943e+00 -4.5101e+00 -4.5990e+00 -4.6689e+00 +4.0619e+00 +1.5170e+00 +1.3560e+00 -7.5067e-02 -8.3704e-01 +1.2395e+00 -1.6119e+00 -3.8288e+00 -3.9242e+00 +4.7595e+00 -5.2776e-01 +4.2855e+00 -1.8203e+00 -1.3613e+00 -4.1967e+00 -1.2470e-01
4 +1.804646831e+07 +1.804646831e+07 +1.804636407e+07 +1.804636407e+07 -1.1133e+00 +2.3838e+00 -4.4113e+00 -2.1251e+00 +2.1547e+00 +1.9075e-01 -3.7627e+00 +2.2571e+00 +2.8899e+00 -8.2035e-01 -3.4816e+00 +2.1476e+00 +2.7538e+00 +4.5407e+00 -1.4698e+00 -4.6826e+00 -2.1446e+00 +4.3749e+00 -2.0495e-01 -4.6258e+00
6 +1.276321533e+07 +1.276321533e+07 +1.276311109e+07 +1.276311109e+07 +6.9729e-01 -4.2661e-02 -4.3074e+00 +3.6725e+00 -2.1733e+00 -1.3534e+00 +2.6362e+00 -6.4941e-01 +2.7742e+00 +2.6683e+00 -1.0704e-01 +6.9905e-01 +1.5954e+00 +4.5676e+00 -7.2556e-01 +2.7977e+00 +2.9985e+00 -2.9238e+00 -3.3334e+00 -2.6579e+00
19 +7.292074274e+06 +7.292074274e+06 +7.291970034e+06 +7.291970034e+06 -1.7682e+00 -2.4394e+00 -3.7551e+00 +4.2888e+00 -4.7946e+00 -2.8447e+00 -2.9466e+00 -1.3768e+00 -3.3842e+00 +2.9371e+00 -1.2684e+00 +4.3884e+00 -3.3660e+00 -3.6798e+00 +2.1345e+00 +9.4443e-01 +3.4241e+00 -5.6819e-01 -2.0474e+00 -2.5308e+00
39 +6.127595075e+06 +6.127595075e+06 +6.127490835e+06 +6.127490835e+06 -4.0472e+00 +3.4772e-01 +4.4173e+00 +4.3461e-01 +7.6806e-01 +2.8969e+00 +4.8462e-01 -6.5903e-01 +5.0167e-01 +4.3498e+00 +1.3681e+00 -1.9217e+00 +4.7738e-01 +2.4753e+00 +4.7258e+00 +2.7246e+00 +1.2510e+00 -1.3118e-01 -3.0578e-01 -4.8196e+00
52 +2.986908417e+06 +2.986908417e+06 +2.986804177e+06 +2.986804177e+06 -2.3932e+00 +3.5668e+00 +1.4543e+00 -2.1189e+00 -1.2105e+00 -1.9954e+00 +4.5967e+00 -2.5216e+00 -1.5365e+00 +2.1718e+00 +3.6261e+00 -1.8861e+00 +2.2297e+00 -5.8418e-01 -5.7621e-01 -3.6599e+00 +1.6653e+00 -2.6787e-01 +6.2079e-01 -4.5315e+00
274 +2.386276435e+06 +2.386276435e+06 +2.386172195e+06 +2.386172195e+06 -3.3671e+00 +2.7741e+00 -2.9441e+00 -2.3183e+00 +1.5382e+00 -2.1801e+00 +2.4103e-01 -3.5469e+00 -3.4845e+00 -4.5591e+00 +2.8962e-01 +3.0489e+00 -1.5028e-02 +3.5850e+00 -2.5611e+00 -2.5995e+00 +3.5865e+00 -3.7882e+00 +4.0374e-02 -3.1192e+00
1177 +1.071646067e+06 +1.071646067e+06 +1.071541827e+06 +1.071541827e+06 -1.2721e+00 +4.2009e+00 -3.6246e+00 +4.7563e+00 +3.2909e+00 +4.7277e+00 +4.4960e+00 -2.4869e+00 -3.9134e+00 +3.9131e+00 +1.0136e+00 +1.1807e-01 -6.0956e-01 -8.0600e-01 +3.6930e+00 -2.9027e+00 +4.3426e+00 -3.3875e+00 +1.6755e+00 -4.0839e+00
1836 +9.465228345e+05 +9.465228345e+05 +9.464185945e+05 +9.464185945e+05 -7.5827e-01 -4.5099e+00 +2.2476e+00 -2.2502e+00 -4.5646e+00 +4.0179e+00 -9.6131e-02 -3.3795e+00 -3.5995e+00 -1.9323e+00 +2.5558e+00 +8.6846e-01 -4.1214e+00 +7.2399e-02 +4.4224e+00 -9.8896e-01 +3.1613e+00 -2.3519e+00 +1.4266e+00 -4.0187e+00
4098 +5.261195532e+05 +5.261195532e+05 +5.260153132e+05 +5.260153132e+05 -2.7636e+00 -4.3215e+00 -4.5590e+00 -4.9473e+00 +3.1996e+00 -4.9341e+00 -1.9618e+00 +1.8573e+00 +3.7367e-01 +4.2668e+00 -4.3094e+00 -2.3223e+00 +3.9348e-01 +1.1661e+00 +3.1337e+00 -2.5225e+00 +3.4919e+00 -1.9101e+00 +7.1138e-01 -3.7962e+00
% function evaluation | noise-free fitness - Fopt (-3.570000000000e+01) | best noise-free fitness - Fopt | measured fitness | best measured fitness | x1 | x2...
1 +4.948790682e+07 +4.948790682e+07 +4.948787112e+07 +4.948787112e+07 +1.6027e+00 -1.6520e+00 +1.3049e+00 +3.1570e+00 -3.2627e+00 +4.4106e-02 +1.6372e+00 +2.3896e+00 +2.2726e+00 -4.5468e+00 +7.0688e-01 -3.4082e+00 +3.8139e+00 -3.7910e+00 +2.6506e+00 -1.6229e+00 +3.7640e+00 +4.7047e+00 +4.4649e+00 +3.6932e+00
2 +1.967806181e+07 +1.967806181e+07 +1.967802611e+07 +1.967802611e+07 -2.9120e+00 +4.8295e+00 +2.7326e+00 +4.3524e+00 +1.5295e+00 +4.0637e+00 +2.2507e+00 +3.7394e+00 -1.5732e-01 -4.6128e+00 +4.9362e+00 +4.2947e+00 +3.2704e+00 -8.2978e-01 -3.6815e+00 +1.0601e+00 +2.4406e+00 +4.8908e+00 -2.7907e-01 -7.8539e-01
8 +7.707471414e+06 +7.707471414e+06 +7.707435714e+06 +7.707435714e+06 -3.9722e+00 +1.7092e+00 +3.0190e+00 -3.3772e+00 -4.8898e+00 -4.4469e+00 -4.0506e-01 +4.9462e+00 -1.7859e-01 +4.2972e+00 +1.3082e-01 +4.7816e+00 +2.7623e+00 -2.9365e+00 -4.7051e+00 +1.3610e+00 -1.7336e+00 +2.8773e+00 -3.4250e+00 +9.5837e-01
9 +4.644953116e+06 +4.644953116e+06 +4.644917416e+06 +4.644917416e+06 +1.5739e+00 -1.0050e+00 -5.9408e-01 +4.5218e+00 -4.7246e+00 +3.4993e+00 -4.2961e+00 +2.2286e-01 +3.9439e+00 -4.6351e+00 +2.0959e+00 +4.5035e+00 +2.1069e-02 -3.9728e+00 +2.8453e+00 -1.5710e+00 -1.8986e+00 +1.1552e+00 -3.4561e+00 +6.9602e-02
74 +3.254975012e+06 +3.254975012e+06 +3.254939312e+06 +3.254939312e+06 -4.1976e+00 +4.3064e+00 +3.0044e+00 -6.4509e-01 -8.0725e-01 -2.4360e-01 -2.6593e+00 -2.3504e+00 +1.3671e+00 +2.9599e-01 -4.9199e+00 +3.8311e+00 +1.1253e+00 -1.4096e+00 -6.5152e-01 -7.6897e-01 +7.1313e-01 +4.8074e-01 -3.8745e+00 -1.6822e-01
90 +2.277164672e+06 +2.277164672e+06 +2.277128972e+06 +2.277128972e+06 -1.7350e+00 -4.2397e+00 +2.8751e-02 -4.2150e+00 -3.2683e+00 +2.1927e+00 +2.2056e+00 -4.6443e+00 +3.8182e+00 -4.5816e+00 +2.8906e+00 +6.1992e-01 +1.6350e+00 -1.8423e+00 +5.8375e-01 +2.6676e+00 +3.5738e+00 -2.8450e+00 -3.3207e+00 +1.9451e+00
91 +1.355993598e+06 +1.355993598e+06 +1.355957898e+06 +1.355957898e+06 -4.4614e+00 -4.4375e+00 +4.3659e+00 +1.3398e+00 -4.4526e+00 -4.0360e+00 +1.1393e+00 +3.1389e+00 +2.1140e+00 -1.2225e+00 -4.3115e+00 +3.2262e+00 -6.6864e-02 -2.4225e+00 +4.3334e-01 +2.1235e+00 +1.4835e+00 -1.7432e+00 -4.0848e+00 +4.3279e-02
3131 +9.081194599e+05 +9.081194599e+05 +9.080837599e+05 +9.080837599e+05 +3.6412e+00 -2.4423e+00 +2.3661e+00 +3.5816e+00 +3.2954e+00 +4.9841e+00 -3.6113e+00 +4.1997e+00 -4.3186e+00 -4.7353e+00 +1.0061e+00 -2.4979e+00 +2.8792e+00 -4.9430e+00 +1.2337e+00 +1.5914e+00 +1.2120e+00 -2.7094e-01 -3.7435e+00 +1.2980e+00
% function evaluation | noise-free fitness - Fopt (2.070000000000e+01) | best noise-free fitness - Fopt | measured fitness | best measured fitness | x1 | x2...
1 +5.739523974e+07 +5.739523974e+07 +5.739526044e+07 +5.739526044e+07 +4.5664e+00 +3.1897e+00 +1.3944e+00 -4.3812e+00 +1.6399e+00 -3.1134e+00 +4.9898e+00 -1.6896e-01 +3.6926e+00 -4.3913e+00 +4.4949e+00 +2.7934e+00 +4.5578e+00 +4.9568e+00 +4.6792e+00 +1.4769e-01 +2.8466e+00 +3.8857e+00 +2.2458e+00 -4.8088e+00
2 +1.962969849e+07 +1.962969849e+07 +1.962971919e+07 +1.962971919e+07 +1.1784e+00 +4.3693e-01 -6.9767e-01 -2.6442e+00 -4.7137e+00 -2.2132e+00 -1.3469e+00 -3.6893e+00 -1.0129e+00 +3.3334e+00 +2.6959e+00 -3.5099e+00 +3.7068e+00 -4.1250e+00 +3.0642e+00 +7.8593e-01 +2.1441e+00 -2.3978e+00 +3.1659e+00 -7.6168e-01
3 +6.345889777e+06 +6.345889777e+06 +6.345910477e+06 +6.345910477e+06 -1.4976e+00 -3.1463e+00 +2.0440e+00 -1.4638e+00 -1.1587e+00 -2.2530e+00 +3.1686e+00 +1.7427e-01 -4.2620e+00 -2.9719e+00 +9.9451e-01 -2.3712e+00 -4.2551e+00 +3.4137e+00 +3.2996e+00 -4.5023e+00 +4.5919e-01 +7.9393e-01 +3.7384e+00 +2.6189e+00
6 +5.788095497e+06 +5.788095497e+06 +5.788116197e+06 +5.788116197e+06 +4.3965e+00 -2.9362e+00 -2.6151e+00 -8.5865e-01 -4.3926e+00 -3.7617e+00 -3.9283e+00 +3.4415e+00 +4.0995e-02 -3.1025e+00 -1.9627e+00 +8.6280e-01 -3.8179e+00 -9.4742e-01 +2.1367e+00 -4.5357e+00 -2.2899e+00 +2.6810e+00 -9.0393e-01 +2.2245e+00
75 +2.199978136e+06 +2.199978136e+06 +2.199998836e+06 +2.199998836e+06 -3.4260e+00 +3.3266e+00 -4.0633e+00 -3.6062e+00 -2.8758e+00 +2.1882e+00 -4.3969e+00 -2.1600e+00 +7.9361e-01 -4.6290e+00 +4.2736e+00 -2.3435e+00 +4.0656e+00 +6.2312e-01 +4.9173e+00 +5.3835e-01 +3.0553e-01 +1.4034e+00 -1.6828e-01 +3.2643e+00
189 +1.402345109e+06 +1.402345109e+06 +1.402365809e+06 +1.402365809e+06 -4.2244e+00 -2.1864e+00 +1.6092e+00 -1.8670e+00 -1.1387e+00 -4.9407e+00 +2.7850e+00 +4.4297e+00 -3.5623e+00 -1.9008e+00 +8.8476e-02 -9.7667e-01 -1.6763e+00 -1.1630e+00 +4.2453e+00 -2.3910e+00 +3.4949e+00 +1.9505e+00 +8.5544e-01 +2.1748e+00
874 +8.639399824e+05 +8.639399824e+05 +8.639606824e+05 +8.639606824e+05 -3.3731e+00 -3.6726e-01 +1.1568e-02 +3.9697e+00 -4.2286e+00 -3.9304e+00 -2.7193e+00 +3.1554e+00 +4.1343e+00 +3.7884e+00 -2.1588e+00 -2.4602e+00 -7.3090e-01 +1.7607e+00 +2.3612e+00 -6.5606e-01 +2.1998e+00 +2.2694e+00 +1.2048e+00 +2.5329e+00
% function evaluation | noise-free fitness - Fopt (3.807000000000e+01) | best noise-free fitness - Fopt | measured fitness | best measured fitness | x1 | x2...
1 +2.070984461e+07 +2.070984461e+07 +2.070988268e+07 +2.070988268e+07 -8.4276e-01 -4.6659e+00 -1.9079e+00 -7.0749e-01 +1.9613e+00 -1.6557e+00 +4.5269e+00 -3.5209e+00 +2.6651e+00 +8.1722e-02 -1.3720e+00 +1.3745e+00 -4.4857e+00 +4.1161e+00 +4.6559e+00 +4.6890e+00 +3.4234e+00 -1.0045e+00 -3.5946e+00 -1.3484e+00
8 +1.150770377e+07 +1.150770377e+07 +1.150774184e+07 +1.150774184e+07 +2.7626e+00 -4.1396e+00 +9.7259e-01 -1.0849e+00 +1.5859e+00 +1.0965e+00 -4.2759e+00 +3.2863e+00 -3.4488e+00 +2.9870e+00 +2.6803e+00 +4.0087e+00 +4.7155e+00 +6.6734e-01 -4.7937e+00 +3.3580e+00 +1.9118e-01 +2.2775e+00 +5.8776e-01 +3.5347e+00
14 +9.862901454e+06 +9.862901454e+06 +9.862939524e+06 +9.862939524e+06 +1.8134e+00 +4.3206e+00 -2.7287e+00 +3.7206e+00 -1.8489e+00 +1.3386e+00 +1.6178e+00 -3.4755e+00 +6.9450e-01 +1.4881e+00 -3.2545e+00 +4.1936e+00 +3.2006e+00 +4.0963e+00 -2.8795e-01 +2.8526e+00 +4.2522e+00 -4.6586e+00 -1.6411e+00 -7.3406e-02
24 +3.401510311e+06 +3.401510311e+06 +3.401548381e+06 +3.401548381e+06 +1.7442e+00 +4.5205e+00 +3.6044e+00 +4.2739e+00 -4.5463e+00 +8.3672e-01 +3.0859e+00 +4.6663e+00 -3.6370e+00 -3.5112e+00 +9.1342e-01 -2.1472e+00 +7.4175e-01 +1.4699e+00 -2.4826e+00 -1.0067e+00 -1.1377e+00 -1.6990e+00 -1.5462e+00 +9.6269e-01
31 +2.328886130e+06 +2.328886130e+06 +2.328924200e+06 +2.328924200e+06 -4.9451e+00 +4.7945e-01 +1.4640e+00 -4.8656e-01 +4.8441e-01 +4.4211e-01 +1.0900e+00 -4.8177e+00 -1.8089e+00 -1.4522e+00 +4.0324e+00 -1.7546e+00 -4.5280e+00 -3.8883e+00 +4.2155e+00 +1.2429e+00 -1.4341e+00 -4.0193e+00 +1.2881e-01 +2.8416e+00
366 +6.832301829e+05 +6.832301829e+05 +6.832682529e+05 +6.832682529e+05 -2.5321e+00 +1.9741e+00 +2.6532e-01 +4.0203e+00 -1.3460e+00 +4.5969e+00 -2.6942e+00 -4.9825e+00 -2.3799e+00 -2.2298e+00 +3.9632e+00 -1.8533e-01 +3.4419e+00 +3.7785e+00 +1.2705e+00 +3.8983e+00 -8.6093e-01 -3.7700e+00 -1.5203e+00 +2.6141e+00
1853 +5.368442922e+05 +5.368442922e+05 +5.368823622e+05 +5.368823622e+05 +1.5458e+00 -4.5942e+00 +4.9400e+00 -3.3443e+00 +2.7649e+00 -2.9481e+00 +2.7376e+00 -1.4365e+00 +3.6123e+00 +3.2682e+00 +3.0645e+00 -4.8015e+00 -4.4823e+00 +4.2335e+00 +6.1145e-01 +2.3530e+00 -1.5150e+00 -2.6047e+00 -1.7984e+00 +2.0986e+00
% function evaluation | noise-free fitness - Fopt (-4.542000000000e+01) | best noise-free fitness - Fopt | measured fitness | best measured fitness | x1 | x2...
1 +5.821785738e+07 +5.821785738e+07 +5.821781196e+07 +5.821781196e+07 +1.6330e+00 -3.7302e+00 +3.6969e+00 -4.8428e+00 -2.9252e+00 -2.1006e+00 +3.7616e+00 -1.5315e+00 -9.3264e-01 +4.2749e+00 -3.8932e-01 +2.0365e+00 +4.4716e+00 -3.7275e+00 +3.9304e+00 -4.4501e+00 -4.4740e+00 +2.4856e+00 -4.4297e+00 -2.9654e+00
3 +5.443613965e+06 +5.443613965e+06 +5.443568545e+06 +5.443568545e+06 +4.1228e+00 +1.3048e+00 +4.0453e+00 +2.2979e+00 -1.2407e+00 -2.7325e+00 -4.8254e+00 -2.7886e+00 +2.7551e+00 -3.9467e+00 -2.0312e+00 -9.5891e-01 -2.4507e-01 -3.9310e+00 +2.9194e+00 -4.0319e+00 -2.6626e+00 -3.5148e+00 -4.9457e+00 +4.3531e+00
57 +3.424468875e+06 +3.424468875e+06 +3.424423455e+06 +3.424423455e+06 -2.8087e+00 -1.0283e+00 +2.8683e+00 +3.7333e+00 +3.8192e+00 -6.6796e-01 +2.7922e+00 -4.3984e+00 -2.2123e+00 +2.7864e+00 -4.5290e+00 +3.2522e+00 -2.4644e+00 +4.0676e+00 -1.3332e-01 +1.3798e+00 +2.5290e+00 -3.8310e+00 -5.5675e-01 +4.0169e+00
121 +1.835870701e+06 +1.835870701e+06 +1.835825281e+06 +1.835825281e+06 -3.3165e+00 -1.7357e+00 +1.1751e+00 -4.4719e+00 +4.8435e+00 +2.3676e+00 -3.9755e+00 +1.3990e+00 -3.0977e+00 +1.1150e+00 +2.8463e+00 +3.1427e+00 -2.0455e+00 +3.3700e+00 -2.1796e+00 +4.5882e+00 -2.6431e-01 -4.7680e+00 -2.6405e+00 +3.5411e+00
201 +1.495604252e+06 +1.495604252e+06 +1.495558832e+06 +1.495558832e+06 -4.0356e+00 +2.0227e+00 +4.0591e+00 -1.7358e+00 +2.9905e+00 -4.0387e+00 -3.7304e-01 +3.8496e+00 -9.2163e-01 +2.7468e+00 -2.5352e+00 -4.4656e-01 +4.6737e+00 -9.7457e-01 +3.0469e-02 -2.3345e+00 -1.4937e+00 -3.5609e+00 -2.0082e+00 +4.5777e+00
2472 +6.198235137e+05 +6.198235137e+05 +6.197780937e+05 +6.197780937e+05 -2.1644e+00 +1.0970e-02 +2.2017e+00 +6.8785e-02 -2.3911e+00 +4.5675e+00 +1.5134e+00 +1.5513e+00 +2.1812e+00 +2.0491e+00 +1.6847e+00 +1.2496e+00 +4.8263e+00 -2.0415e+00 -6.2310e-01 +1.5715e+00 -1.3668e+00 -3.8166e+00 -1.6249e+00 +4.3872e+00
% function evaluation | noise-free fitness - Fopt (6.695000000000e+01) | best noise-free fitness - Fopt | measured fitness | best measured fitness | x1 | x2...
1 +1.642073067e+07 +1.642073067e+07 +1.642079762e+07 +1.642079762e+07 +4.6326e-01 -2.1099e+00 +2.6677e+00 +4.7053e+00 -2.6440e-01 +3.0801e+00 -2.6525e+00 +3.8736e+00 -3.6795e+00 -1.5142e+00 +1.6037e+00 -2.6292e+00 +2.6583e+00 +4.3712e+00 -3.2170e+00 +3.6206e+00 -4.8778e+00 -4.9328e+00 -1.5104e+00 +8.3418e-02
5 +1.188681504e+07 +1.188681504e+07 +1.188688199e+07 +1.188688199e+07 -2.0805e-01 -3.0049e+00 -4.2749e+00 +1.5988e+00 -3.5293e+00 +2.8111e+00 -2.4179e+00 -6.3113e-01 -1.5542e+00 -2.8479e+00 +1.1546e+00 +4.6527e+00 -3.5087e+00 -1.8284e+00 -1.7759e+00 +4.2125e+00 -4.6985e+00 -3.9233e+00 +4.3526e+00 +2.3660e+00
13 +5.163676380e+06 +5.163676380e+06 +5.163743330e+06 +5.163743330e+06 -2.6440e+00 +3.0151e-01 -2.8368e+00 +8.4735e-01 +4.8985e+00 -8.8034e-01 -3.5809e+00 -5.8046e-01 +2.2875e+00 -4.9475e+00 +7.5966e-01 +1.3054e+00 +1.0499e+00 -2.2287e-01 -3.2787e+00 +7.4333e-01 -4.3894e+00 -2.3512e+00 -1.7750e+00 +2.1801e+00
14 +2.538592117e+06 +2.538592117e+06 +2.538659067e+06 +2.538659067e+06 -2.0882e+00 -3.1576e+00 -2.6926e+00 -1.5587e+00 -7.3128e-01 +3.7475e+00 +4.4751e+00 +2.2489e+00 -3.6243e+00 -2.7507e+00 +6.0194e-01 -4.7835e+00 +4.0800e+00 +1.7053e+00 +7.2457e-01 +2.2032e+00 -1.0331e+00 -1.1845e+00 +1.7134e+00 +2.8316e+00
462 +2.422139667e+06 +2.422139667e+06 +2.422206617e+06 +2.422206617e+06 +2.8582e+00 +3.8319e+00 +1.1310e+00 +2.8347e+00 -1.8147e+00 +3.5679e+00 -2.0994e+00 -1.2607e+00 -3.9594e+00 +1.8759e+00 -1.9742e+00 -1.4003e+00 +2.5295e-01 +9.3608e-01 -3.8477e+00 -2.3966e+00 -1.1435e+00 -3.7405e+00 -8.0043e-01 +2.6163e+00
902 +8.725960221e+05 +8.725960221e+05 +8.726629721e+05 +8.726629721e+05 -4.2892e+00 -2.9821e-01 -2.2541e+00 +5.8960e-02 +3.3497e+00 -3.3438e+00 -3.0732e+00 +2.7613e-01 -4.9039e+00 +8.8965e-01 +3.9565e+00 +3.8579e+00 -1.2017e+00 -2.0777e+00 -2.7572e+00 +2.5948e+00 -1.0323e+00 -2.5640e+00 +1.3088e+00 +3.5876e+00
% function evaluation | noise-free fitness - Fopt (5.832000000000e+01) | best noise-free fitness - Fopt | measured fitness | best measured fitness | x1 | x2...
1 +2.393112339e+07 +2.393112339e+07 +2.393118171e+07 +2.393118171e+07 -3.2017e-01 -4.2037e+00 -1.8590e+00 +1.9417e+00 -9.5456e-02 +4.8163e+00 +3.4895e+00 -3.3595e+00 +7.9231e-01 -3.9929e+00 +1.0108e+00 +3.8850e+00 -2.1703e+00 -3.0670e+00 +4.9063e+00 -4.6672e+00 -1.3584e+00 +1.9440e-01 -3.7685e+00 +3.0633e+00
2 +1.390151797e+07 +1.390151797e+07 +1.390157629e+07 +1.390157629e+07 +1.4896e-01 -3.0535e+00 -1.8449e+00 -3.9580e+00 +9.6167e-02 -1.9354e+00 -4.0228e+00 +3.3173e+00 -2.4091e-01 -3.2531e+00 -5.3506e-01 -2.0803e+00 -4.8502e+00 +3.2625e+00 -4.2934e+00 -4.7115e-01 +1.2606e+00 +4.7514e-01 +6.7520e-01 -1.0125e+00
17 +9.276795855e+06 +9.276795855e+06 +9.276854175e+06 +9.276854175e+06 +2.0395e+00 +2.1264e+00 +1.4441e+00 -3.0212e+00 +3.9717e+00 -2.5721e+00 +6.8983e-01 -3.5172e+00 +1.0917e+00 -1.2191e+00 +1.0319e+00 -3.3619e+00 +4.4289e-01 +1.4837e-01 -3.1847e+00 -3.3146e-02 +3.3640e+00 +1.2095e+00 +2.7609e+00 +3.2060e+00
31 +4.789904671e+06 +4.789904671e+06 +4.789962991e+06 +4.789962991e+06 +4.5194e+00 -3.6942e+00 +3.8325e+00 +3.1099e+00 +5.0559e-01 -2.9498e+00 +3.2886e-01 -6.9810e-01 -4.9830e+00 +1.3538e+00 -2.1047e-01 -4.0589e+00 +3.8985e+00 -4.5455e+00 +1.4945e+00 -4.6707e+00 -4.3154e+00 -2.0063e-01 +3.6839e+00 +2.7330e+00
97 +3.867914782e+06 +3.867914782e+06 +3.867973102e+06 +3.867973102e+06 -4.9433e+00 -4.5926e+00 +2.5742e+00 +1.2099e+00 -3.7145e+00 -3.9425e-01 -1.7583e+00 +2.9967e+00 -4.7700e+00 -1.7628e+00 -7.6357e-01 +2.3524e+00 -5.0036e-01 +4.5672e+00 +3.1804e+00 -6.9439e-01 -6.4954e-01 +1.4479e+00 +3.7299e+00 +2.0928e+00
387 +2.159820086e+06 +2.159820086e+06 +2.159878406e+06 +2.159878406e+06 -1.7370e+00 +3.2418e+00 +1.8256e+00 -3.0446e+00 -4.6785e+00 -3.7832e+00 -4.9832e+00 +2.7563e+00 -3.5624e+00 -5.1031e-02 +2.8155e+00 +2.0788e+00 +2.5089e+00 -3.0070e+00 +2.9742e+00 -3.0994e+00 -1.0500e+00 +3.8744e+00 +2.3109e+00 +2.2613e+00
916 +1.407332287e+06 +1.407332287e+06 +1.407390607e+06 +1.407390607e+06 +1.9458e+00 +1.5975e+00 -8.7854e-01 -1.7495e+00 +3.9984e+00 -4.7785e+00 +1.3872e+00 -2.8850e+00 +2.0327e-02 -4.4248e+00 +2.7167e+00 +3.9630e+00 +3.8993e+00 -3.8063e+00 -3.8475e+00 -2.3128e+00 -1.3919e+00 +3.6467e+00 +3.2622e+00 +1.1687e+00
% function evaluation | noise-free fitness - Fopt (1.932700000000e+02) | best noise-free fitness - Fopt | measured fitness | best measured fitness | x1 | x2...
1 +1.510180890e+07 +1.510180890e+07 +1.510200217e+07 +1.510200217e+07 +4.0334e+00 +4.2287e+00 +3.6573e+00 +3.0123e+00 +3.9834e-01 -4.5811e+00 +2.1474e+00 -1.9504e+00 -3.4901e+00 -4.5120e+00 +4.9353e+00 -4.5220e+00 +3.3630e+00 -3.9495e+00 +1.6830e+00 -2.2425e+00 -2.2021e+00 -4.2214e+00 +3.2918e-01 -1.3159e+00
7 +7.924663158e+06 +7.924663158e+06 +7.924856428e+06 +7.924856428e+06 +1.7802e+00 +6.3947e-02 -3.1912e+00 -3.1568e+00 +2.7800e+00 +4.3559e+00 +2.8321e+00 +1.5623e+00 +1.6214e+00 -2.0686e+00 +3.1735e+00 +3.8510e+00 -3.8458e-01 -2.3540e+00 -4.4868e+00 -4.2438e+00 +1.6025e-01 -2.7663e+00 -1.7895e+00 -9.1856e-01
50 +3.798279880e+06 +3.798279880e+06 +3.798473150e+06 +3.798473150e+06 -7.6554e-01 -1.2470e+00 -4.0702e+00 -8.9107e-01 -4.3509e+00 +1.5389e-01 +1.5379e+00 +4.3336e-01 -3.0345e+00 -1.6589e+00 -3.0050e+00 +5.5300e-01 +4.9106e+00 +1.8502e+00 +3.6546e+00 -4.1780e+00 +2.8932e+00 -1.5966e+00 -1.1389e+00 +1.0435e+00
52 +1.205410904e+06 +1.205410904e+06 +1.205604174e+06 +1.205604174e+06 +2.3827e+00 -2.0333e+00 +3.9028e+00 +1.3900e+00 -3.0272e+00 +4.5295e+00 -4.9099e+00 +1.8363e+00 -4.5355e+00 -1.1815e+00 +8.2776e-01 -1.9310e+00 +2.3532e+00 +1.0324e+00 -3.4834e+00 -8.6072e-01 +4.4049e+00 +5.8801e-01 -2.2325e+00 +4.0566e-01
4028 +9.321052279e+05 +9.321052279e+05 +9.322984979e+05 +9.322984979e+05 +2.6412e+00 +4.4301e-01 -3.7267e+00 -2.1229e-01 -4.8206e+00 -1.9577e+00 -3.0068e+00 -3.5773e+00 +4.8054e+00 +2.3685e-01 +6.2336e-01 +1.1890e+00 -2.9880e+00 +4.0494e+00 -2.1399e+00 -1.2784e+00 +2.9272e+00 +9.3863e-01 -1.1437e+00 +1.4940e+00
% function evaluation | noise-free fitness - Fopt (-4.190100000000e+02) | best noise-free fitness - Fopt | measured fitness | best measured fitness | x1 | x2...
1 +4.342455211e+07 +4.342455211e+07 +4.342413310e+07 +4.342413310e+07 +1.3025e+00 -1.9080e+00 +1.0331e+00 +2.3260e+00 -2.6854e+00 -7.0833e-01 +4.9259e+00 -5.3294e-01 -3.0092e-02 +2.5962e+00 -9.4300e-02 -4.7734e+00 +3.0639e+00 +9.1547e-01 -1.3633e+00 +1.4410e+00 -1.0612e+00 +3.3891e+00 -2.5384e+00 +4.7949e+00
2 +9.454377364e+06 +9.454377364e+06 +9.453958354e+06 +9.453958354e+06 +3.9843e+00 +1.2467e-01 -8.4814e-01 -6.9222e-01 +4.3793e+00 +1.9878e+00 +2.4832e+00 -3.0589e+00 +3.4794e+00 -4.9426e+00 -2.4697e-01 -1.8550e+00 -2.6257e-01 +4.4560e+00 +4.8018e+00 -4.4742e+00 +3.5863e+00 +8.2343e-03 +2.0362e+00 -1.2567e-01
10 +6.174791625e+06 +6.174791625e+06 +6.174372615e+06 +6.174372615e+06 +2.6214e+00 -2.7260e+00 -1.0798e+00 -2.8444e+00 -3.6212e+00 +1.5133e+00 -3.9195e+00 +4.8604e+00 +2.2022e+00 +3.1424e+00 +2.1048e+00 +2.9008e+00 -2.6731e+00 -1.4409e+00 -1.6582e+00 +1.1938e+00 +2.2784e+00 -1.1036e-01 +3.3420e+00 +9.4803e-01
67 +2.546559054e+06 +2.546559054e+06 +2.546140044e+06 +2.546140044e+06 -3.8558e+00 -7.1192e-01 +1.9498e+00 +2.2298e+00 +2.4433e+00 -1.4594e+00 +2.1005e+00 +6.0236e-01 -1.2053e+00 +3.4357e+00 +8.4059e-01 -2.6055e+00 +8.5670e-01 -2.8953e+00 +8.6603e-01 -4.7218e-01 -3.7146e+00 +9.9706e-01 +8.8859e-01 -3.7586e-01
159 +1.991647107e+06 +1.991647107e+06 +1.991228097e+06 +1.991228097e+06 -4.1901e-02 -7.4132e-01 +3.7358e+00 -3.8674e+00 +5.8018e-01 +9.7130e-01 +9.0814e-02 -1.4336e+00 +4.3183e+00 -4.1509e+00 -3.2285e+00 -4.1840e+00 +3.1101e+00 -3.1246e+00 +4.6379e+00 +4.3455e+00 -3.2982e+00 +6.8534e-01 +4.3247e+00 -3.3822e-01
579 +1.175780734e+06 +1.175780734e+06 +1.175361724e+06 +1.175361724e+06 +1.2775e+00 +4.0139e+00 +3.2684e+00 +6.7147e-02 +3.3060e+00 -4.3032e-01 +3.1568e+00 +4.0744e+00 +3.2309e+00 -2.5001e+00 +4.9667e-01 +4.4083e+00 +2.4352e-01 +3.3342e-01 +2.8967e+00 +2.3026e-01 -4.3551e+00 -5.4576e-01 +2.3031e+00 -1.1046e+00
2512 +8.429760415e+05 +8.429760415e+05 +8.425570315e+05 +8.425570315e+05 +4.2290e+00 -2.3826e+00 +4.7395e+00 -2.9249e+00 +2.4662e+00 +4.5311e+00 +4.5730e+00 +1.2351e+00 +8.3190e-01 +2.4052e+00 +4.0959e+00 +3.6803e+00 -3.5679e+00 -8.4888e-01 +2.2740e+00 +1.5238e+00 -2.0589e+00 +2.2092e-01 +2.4767e+00 +1.3703e-01
% function evaluation | noise-free fitness - Fopt (4.076100000000e+02) | best noise-free fitness - Fopt | measured fitness | best measured fitness | x1 | x2...
1 +5.720447985e+07 +5.720447985e+07 +5.720488746e+07 +5.720488746e+07 -1.0354e+00 +1.1379e+00 +3.2805e+00 -4.9926e+00 +4.0690e+00 +4.2788e+00 +2.0356e+00 -2.6774e+00 +7.0042e-01 -1.8321e+00 +1.6746e+00 -1.2974e+00 -2.5079e-01 +1.0871e+00 -4.6436e-01 -3.2777e+00 +4.2836e+00 -1.3919e-01 -2.3856e+00 +3.7893e+00
2 +2.619354073e+07 +2.619354073e+07 +2.619394834e+07 +2.619394834e+07 +3.0348e+00 +9.7283e-01 +2.6657e-01 +4.7169e-01 +6.5201e-01 -3.4998e-01 +5.6649e-01 +3.6928e+00 +1.2741e+00 +3.3426e+00 -2.0956e+00 -2.4461e+00 +8.4046e-01 +1.6743e+00 +9.3886e-01 -8.2173e-01 -1.4277e+00 +2.1911e+00 +2.1063e+00 -2.7202e-01
5 +2.191319593e+07 +2.191319593e+07 +2.191360354e+07 +2.191360354e+07 +4.9859e+00 -4.4294e+00 +3.7163e+00 -1.5280e+00 -3.1171e+00 -2.2207e+00 -2.4506e+00 +3.8938e+00 -1.5071e+00 +2.8458e+00 -7.9962e-01 -3.6617e+00 +1.5195e+00 -1.1677e+00 -1.1797e+00 -2.9949e+00 -4.4939e+00 +4.3385e+00 -8.7064e-01 -1.9386e+00
6 +1.216894880e+07 +1.216894880e+07 +1.216935641e+07 +1.216935641e+07 +1.2580e+00 +2.4931e+00 +2.5765e+00 -1.0865e+00 +3.5199e+00 -2.3202e-01 -2.3919e-01 -1.1664e+00 -4.9319e+00 +2.4814e-01 +4.7751e+00 -4.2277e+00 -7.9059e-01 -2.6988e+00 +2.1557e+00 -3.6056e+00 -7.6953e-01 -4.4702e+00 -3.5332e+00 -2.7011e-01
8 +3.519835868e+06 +3.519835868e+06 +3.520243478e+06 +3.520243478e+06 -1.2173e+00 -1.7776e+00 +2.8626e+00 -1.9417e+00 -3.9275e+00 +9.3574e-01 +1.4614e+00 -2.7552e-01 +3.0945e+00 -2.8389e+00 -2.2995e+00 +3.0736e+00 +4.0625e+00 +2.3049e+00 +3.7201e+00 +2.6836e+00 +2.5304e+00 -2.8192e+00 -3.5339e+00 -2.2072e+00
155 +1.260078465e+06 +1.260078465e+06 +1.260486075e+06 +1.260486075e+06 +8.8458e-01 -8.3121e-01 -2.4584e-02 +3.2746e-01 -1.6283e-01 -2.3673e+00 +2.5330e+00 -4.8925e+00 -3.1417e+00 -5.0519e-01 -1.6305e+00 +3.2965e+00 -4.2810e+00 +4.9732e+00 -1.9701e+00 +4.2181e+00 -2.1367e-01 -4.0725e+00 -3.1825e+00 -2.1288e+00
3496 +7.580934716e+05 +7.580934716e+05 +7.585010816e+05 +7.585010816e+05 +1.7778e+00 +3.3144e+00 +7.7756e-01 -4.8073e+00 +3.2973e+00 -4.9344e+00 +2.6007e+00 -2.5424e+00 +4.9246e+00 -1.1344e+00 -2.4588e+00 +3.6300e+00 -2.7280e+00 -1.0199e+00 -7.6232e-01 +3.5863e+00 +1.2994e-01 -4.5730e+00 -2.7964e+00 -2.9680e+00
% function evaluation | noise-free fitness - Fopt (2.872000000000e+01) | best noise-free fitness - Fopt | measured fitness | best measured fitness | x1 | x2...
1 +1.618313715e+07 +1.618313715e+07 +1.618316587e+07 +1.618316587e+07 -3.0891e+00 +1.6601e+00 +1.7156e+00 +3.8437e+00 -4.7107e+00 -1.4134e+00 +3.2729e+00 -3.8195e+00 +3.7657e+00 +9.5443e-01 -6.9784e-01 +2.0356e+00 -2.5948e+00 +1.5127e+00 +2.9630e+00 -5.4919e-01 -1.7033e+00 -3.3016e+00 -2.0754e+00 -4.1646e+00
4 +6.692794738e+06 +6.692794738e+06 +6.692823458e+06 +6.692823458e+06 -7.5830e-01 -4.5037e+00 +2.0388e+00 -4.6216e+00 -1.4623e+00 -2.0757e+00 +1.9673e+00 +2.3822e+00 -3.4612e+00 -4.2670e+00 -2.4403e+00 -1.6602e+00 -1.6297e+00 +1.0984e+00 +1.6548e+00 -2.1171e-01 -2.7619e+00 +4.7740e-02 -2.5292e+00 +1.7441e+00
5 +3.862240181e+06 +3.862240181e+06 +3.862268901e+06 +3.862268901e+06 +4.3141e+00 -3.6622e+00 +2.2672e+00 -2.2311e-01 -3.5343e+00 +3.3670e+00 +1.4980e-02 +1.7495e+00 -4.3471e+00 +1.2127e+00 -2.7205e+00 -1.1583e-01 -2.3143e+00 -9.3945e-01 +1.7692e+00 -4.0998e+00 -3.8839e+00 -2.5549e-01 -2.5030e+00 -1.6078e-01
776 +2.026445414e+06 +2.026445414e+06 +2.026474134e+06 +2.026474134e+06 +4.2237e+00 -1.3303e+00 -2.2945e+00 +3.3089e+00 +4.3822e-01 -2.2698e+00 -2.2219e+00 -4.5812e+00 +1.3469e+00 -4.6099e+00 +4.2848e+00 -3.1044e-01 +3.3235e+00 -1.6016e-01 +2.1489e-01 +1.9286e+00 -3.5193e+00 -2.4659e+00 -3.2429e+00 +7.2479e-01
887 +3.660403533e+05 +3.660403533e+05 +3.660690733e+05 +3.660690733e+05 +6.8086e-01 +4.4807e+00 -4.2828e+00 -4.4790e+00 -7.7081e-01 -2.8826e+00 +1.7414e+00 +2.6778e+00 +2.0708e+00 -3.4083e+00 -1.2565e+00 -3.6290e+00 +4.7796e-01 +4.8179e+00 +3.6895e+00 -2.5183e-01 -2.5531e+00 -3.0635e+00 -1.8481e+00 -1.9032e-01
