% function evaluation | noise-free fitness - Fopt (-2.098800000000e+02) | best noise-free fitness - Fopt | measured fitness | best measured fitness | x1 | x2...
1 +1.412583648e+07 +1.412583648e+07 +1.412562660e+07 +1.412562660e+07 +1.5850e+00 -4.1445e+00 -1.9794e-01
3 +1.451002570e+05 +1.451002570e+05 +1.448903770e+05 +1.448903770e+05 -3.2037e+00 +4.7395e+00 +3.2085e+00
15 +7.836337078e+03 +7.836337078e+03 +7.626457078e+03 +7.626457078e+03 +1.2142e+00 +2.8508e+00 +3.5199e+00
190 +3.622340104e+03 +3.622340104e+03 +3.412460104e+03 +3.412460104e+03 -5.3643e-01 +3.7804e-01 +3.6134e+00
2417 +2.256130545e+03 +2.256130545e+03 +2.046250545e+03 +2.046250545e+03 +4.8129e-01 -1.9777e-01 +3.5137e+00
2652 +6.592283779e+02 +6.592283779e+02 +4.493483779e+02 +4.493483779e+02 +2.7442e+00 +1.3320e+00 +3.5541e+00
2915 +5.766667702e+02 +5.766667702e+02 +3.667867702e+02 +3.667867702e+02 -2.6428e+00 -1.6691e-01 +3.5395e+00
3636 +2.160051031e+02 +2.160051031e+02 +6.125103103e+00 +6.125103103e+00 -2.5549e+00 +3.0946e-02 +3.5505e+00
4857 +3.564440569e+01 +3.564440569e+01 -1.742355943e+02 -1.742355943e+02 +4.8550e+00 +5.6804e-01 +3.5515e+00
% function evaluation | noise-free fitness - Fopt (-9.209000000000e+01) | best noise-free fitness - Fopt | measured fitness | best measured fitness | x1 | x2...
1 +1.307749457e+07 +1.307749457e+07 +1.307740248e+07 +1.307740248e+07 -4.6757e+00 -9.3590e-01 -3.5306e+00
4 +1.647453994e+06 +1.647453994e+06 +1.647361904e+06 +1.647361904e+06 -3.8442e+00 -3.6318e+00 +1.2470e+00
8 +1.269616065e+06 +1.269616065e+06 +1.269523975e+06 +1.269523975e+06 +3.5332e+00 +2.3958e+00 -9.9792e-01
10 +1.614990886e+05 +1.614990886e+05 +1.614069986e+05 +1.614069986e+05 +6.9319e-01 -1.7089e+00 -2.7543e-01
23 +1.303258405e+05 +1.303258405e+05 +1.302337505e+05 +1.302337505e+05 +3.7947e+00 -2.3856e+00 -2.2934e-01
48 +1.996914088e+04 +1.996914088e+04 +1.987705088e+04 +1.987705088e+04 +1.6855e+00 -1.4367e+00 +1.4401e-01
57 +1.245238188e+04 +1.245238188e+04 +1.236029188e+04 +1.236029188e+04 +4.0123e+00 -5.5002e-01 +3.9095e-02
211 +6.361681226e+03 +6.361681226e+03 +6.269591226e+03 +6.269591226e+03 -2.2802e+00 +3.4079e-02 +9.9562e-02
299 +5.459124644e+03 +5.459124644e+03 +5.367034644e+03 +5.367034644e+03 +4.7762e+00 +3.9270e+00 +2.7572e-02
588 +3.768448097e+03 +3.768448097e+03 +3.676358097e+03 +3.676358097e+03 +9.5168e-01 +2.4877e+00 +2.4418e-02
639 +1.740240504e+03 +1.740240504e+03 +1.648150504e+03 +1.648150504e+03 +2.9278e+00 +2.4666e+00 +5.1867e-02
1551 +3.382222507e+02 +3.382222507e+02 +2.461322507e+02 +2.461322507e+02 -1.5821e+00 +2.6990e+00 +1.0928e-01
% function evaluation | noise-free fitness - Fopt (-8.789000000000e+01) | best noise-free fitness - Fopt | measured fitness | best measured fitness | x1 | x2...
1 +1.901505932e+07 +1.901505932e+07 +1.901497143e+07 +1.901497143e+07 +3.1607e+00 -1.9930e+00 -3.1118e+00
2 +9.718631527e+06 +9.718631527e+06 +9.718543637e+06 +9.718543637e+06 -3.2686e+00 +1.4921e+00 +4.4552e+00
3 +5.429723230e+06 +5.429723230e+06 +5.429635340e+06 +5.429635340e+06 -4.0095e+00 +1.4195e+00 +3.4671e+00
6 +6.298559515e+05 +6.298559515e+05 +6.297680615e+05 +6.297680615e+05 +3.4212e+00 -4.3487e+00 +2.0808e+00
7 +4.019609773e+04 +4.019609773e+04 +4.010820773e+04 +4.010820773e+04 +4.6980e+00 +4.6321e+00 +1.0570e+00
22 +2.170964073e+02 +2.170964073e+02 +1.292064073e+02 +1.292064073e+02 +3.9363e-01 +4.0022e+00 +1.2591e+00
626 +1.354802934e+02 +1.354802934e+02 +4.759029343e+01 +4.759029343e+01 -4.0544e+00 +3.9809e+00 +1.2484e+00
% function evaluation | noise-free fitness - Fopt (3.201900000000e+02) | best noise-free fitness - Fopt | measured fitness | best measured fitness | x1 | x2...
1 +1.217120921e+07 +1.217120921e+07 +1.217152940e+07 +1.217152940e+07 -1.3246e+00 +2.2175e+00 +4.9645e+00
2 +1.866362571e+05 +1.866362571e+05 +1.869564471e+05 +1.869564471e+05 +2.5182e+00 +4.3760e+00 +1.7900e+00
9 +6.787886436e+04 +6.787886436e+04 +6.819905436e+04 +6.819905436e+04 +3.3186e-01 -2.1530e+00 +1.6619e+00
132 +4.382038851e+04 +4.382038851e+04 +4.414057851e+04 +4.414057851e+04 +3.6899e+00 +2.3652e+00 +1.5558e+00
185 +2.122306505e+04 +2.122306505e+04 +2.154325505e+04 +2.154325505e+04 +1.5663e+00 -4.1484e+00 +1.5423e+00
226 +1.290338075e+04 +1.290338075e+04 +1.322357075e+04 +1.322357075e+04 +1.7614e+00 -2.6030e+00 +1.2903e+00
229 +4.434493913e+03 +4.434493913e+03 +4.754683913e+03 +4.754683913e+03 +2.5495e+00 -4.5105e-01 +1.4384e+00
669 +2.489221990e+02 +2.489221990e+02 +5.691121990e+02 +5.691121990e+02 +1.6892e+00 -2.8599e+00 +1.4031e+00
% function evaluation | noise-free fitness - Fopt (-1.042400000000e+02) | best noise-free fitness - Fopt | measured fitness | best measured fitness | x1 | x2...
1 +1.051257203e+07 +1.051257203e+07 +1.051246779e+07 +1.051246779e+07 -4.6598e+00 +6.4094e-01 +4.6476e+00
2 +4.978450600e+05 +4.978450600e+05 +4.977408200e+05 +4.977408200e+05 +2.9886e+00 +4.6251e+00 +1.9155e+00
5 +1.129145585e+05 +1.129145585e+05 +1.128103185e+05 +1.128103185e+05 -4.8727e+00 +3.4260e+00 +1.5470e+00
61 +3.598266023e+03 +3.598266023e+03 +3.494026023e+03 +3.494026023e+03 +1.5709e+00 -3.0948e+00 +1.2577e+00
555 +1.509108665e+03 +1.509108665e+03 +1.404868665e+03 +1.404868665e+03 -1.7061e+00 -4.6510e+00 +1.2823e+00
575 +5.846255147e+02 +5.846255147e+02 +4.803855147e+02 +4.803855147e+02 -1.1731e+00 -4.0847e+00 +1.2899e+00
1036 +3.559838368e+02 +3.559838368e+02 +2.517438368e+02 +2.517438368e+02 +1.0253e+00 -3.6466e+00 +1.3310e+00
1930 +8.526084465e+01 +8.526084465e+01 -1.897915535e+01 -1.897915535e+01 -4.0056e-01 -3.6735e+00 +1.3182e+00
% function evaluation | noise-free fitness - Fopt (-3.570000000000e+01) | best noise-free fitness - Fopt | measured fitness | best measured fitness | x1 | x2...
1 +9.107242995e+06 +9.107242995e+06 +9.107207295e+06 +9.107207295e+06 -1.6574e+00 -5.9778e-01 +1.7024e-01
5 +2.083418209e+06 +2.083418209e+06 +2.083382509e+06 +2.083382509e+06 +2.2484e+00 -3.2986e+00 +4.7403e+00
7 +1.482374006e+05 +1.482374006e+05 +1.482017006e+05 +1.482017006e+05 -1.4754e+00 -9.2927e-01 +3.6484e+00
37 +6.825231593e+03 +6.825231593e+03 +6.789531593e+03 +6.789531593e+03 +3.5895e+00 -3.1033e-01 +3.3007e+00
80 +5.918952238e+03 +5.918952238e+03 +5.883252238e+03 +5.883252238e+03 +4.8603e+00 -6.5578e-01 +3.2794e+00
128 +3.491121573e+02 +3.491121573e+02 +3.134121573e+02 +3.134121573e+02 +4.4685e+00 +1.2110e+00 +3.2411e+00
1252 +1.395614280e+02 +1.395614280e+02 +1.038614280e+02 +1.038614280e+02 -3.6100e+00 +1.6140e+00 +3.2637e+00
% function evaluation | noise-free fitness - Fopt (2.070000000000e+01) | best noise-free fitness - Fopt | measured fitness | best measured fitness | x1 | x2...
1 +3.741177825e+07 +3.741177825e+07 +3.741179895e+07 +3.741179895e+07 -2.5318e+00 +3.1025e+00 +3.9184e+00
2 +5.495593170e+06 +5.495593170e+06 +5.495613870e+06 +5.495613870e+06 -2.3629e-01 +2.4501e+00 +1.0051e-01
3 +3.319042481e+06 +3.319042481e+06 +3.319063181e+06 +3.319063181e+06 -4.4213e+00 +4.6493e-01 -2.2923e-01
6 +2.202672926e+06 +2.202672926e+06 +2.202693626e+06 +2.202693626e+06 -4.1271e+00 +2.4395e+00 -3.4774e+00
9 +3.298358052e+05 +3.298358052e+05 +3.298565052e+05 +3.298565052e+05 -2.9251e+00 +3.5046e+00 -2.7033e+00
10 +1.344744930e+05 +1.344744930e+05 +1.344951930e+05 +1.344951930e+05 +4.2540e+00 -2.1185e+00 -1.7449e+00
16 +1.619547448e+04 +1.619547448e+04 +1.621617448e+04 +1.621617448e+04 -2.2903e+00 -3.4528e+00 -2.0123e+00
38 +1.379922889e+04 +1.379922889e+04 +1.381992889e+04 +1.381992889e+04 -1.2395e+00 -4.9388e+00 -2.0449e+00
265 +2.773555531e+03 +2.773555531e+03 +2.794255531e+03 +2.794255531e+03 -4.0594e+00 -2.4603e-01 -2.1185e+00
1524 +1.519458537e+03 +1.519458537e+03 +1.540158537e+03 +1.540158537e+03 -4.4687e+00 -2.0950e+00 -2.0843e+00
1772 +2.790155224e+02 +2.790155224e+02 +2.997155224e+02 +2.997155224e+02 -5.7730e-01 -1.5896e+00 -2.1353e+00
% function evaluation | noise-free fitness - Fopt (3.807000000000e+01) | best noise-free fitness - Fopt | measured fitness | best measured fitness | x1 | x2...
1 +9.606449159e+06 +9.606449159e+06 +9.606487229e+06 +9.606487229e+06 -3.3285e+00 +2.0934e+00 +4.8889e+00
3 +2.149739726e+06 +2.149739726e+06 +2.149777796e+06 +2.149777796e+06 -2.7164e+00 +4.5414e+00 +3.6404e-01
7 +1.542805028e+04 +1.542805028e+04 +1.546612028e+04 +1.546612028e+04 -1.9028e+00 +8.7193e-01 +1.8296e+00
56 +2.648950123e+03 +2.648950123e+03 +2.687020123e+03 +2.687020123e+03 -2.8218e+00 +2.2098e+00 +1.6780e+00
294 +5.503365464e+02 +5.503365464e+02 +5.884065464e+02 +5.884065464e+02 -4.8687e+00 +1.1892e+00 +1.6838e+00
4691 +2.800446821e+02 +2.800446821e+02 +3.181146821e+02 +3.181146821e+02 -2.1714e+00 +1.3406e+00 +1.7045e+00
% function evaluation | noise-free fitness - Fopt (-4.542000000000e+01) | best noise-free fitness - Fopt | measured fitness | best measured fitness | x1 | x2...
1 +6.338218769e+06 +6.338218769e+06 +6.338173349e+06 +6.338173349e+06 -8.6309e-01 -4.7188e+00 -4.7072e-01
5 +5.158674538e+05 +5.158674538e+05 +5.158220338e+05 +5.158220338e+05 -4.3729e-01 +4.5133e+00 -2.1307e+00
8 +7.277936016e+04 +7.277936016e+04 +7.273394016e+04 +7.273394016e+04 +1.8617e-01 +2.7677e-01 -3.1073e+00
11 +4.927767763e+04 +4.927767763e+04 +4.923225763e+04 +4.923225763e+04 +1.3778e+00 +1.3112e+00 -3.0539e+00
13 +1.645658915e+04 +1.645658915e+04 +1.641116915e+04 +1.641116915e+04 -2.3205e+00 +1.2864e+00 -2.7167e+00
51 +3.162497318e+03 +3.162497318e+03 +3.117077318e+03 +3.117077318e+03 +2.7969e+00 +9.4835e-01 -2.8865e+00
385 +7.100090643e+02 +7.100090643e+02 +6.645890643e+02 +6.645890643e+02 +3.5314e+00 -5.8806e-01 -2.8551e+00
4362 +5.629759247e+01 +5.629759247e+01 +1.087759247e+01 +1.087759247e+01 +3.7037e+00 -3.1330e-02 -2.8438e+00
4704 +2.326083383e+01 +2.326083383e+01 -2.215916617e+01 -2.215916617e+01 +4.8455e+00 +1.8043e-01 -2.8339e+00
% function evaluation | noise-free fitness - Fopt (6.695000000000e+01) | best noise-free fitness - Fopt | measured fitness | best measured fitness | x1 | x2...
1 +1.482283404e+06 +1.482283404e+06 +1.482350354e+06 +1.482350354e+06 -5.6484e-01 +4.0471e+00 -2.4947e+00
2 +6.700308801e+04 +6.700308801e+04 +6.707003801e+04 +6.707003801e+04 -3.3223e-01 -3.6742e-01 -1.0932e+00
36 +5.216737886e+04 +5.216737886e+04 +5.223432886e+04 +5.223432886e+04 -4.6980e+00 -8.8112e-01 -1.1282e+00
59 +3.336794776e+04 +3.336794776e+04 +3.343489776e+04 +3.343489776e+04 +2.9996e+00 -4.2021e+00 -1.4199e+00
61 +2.409042870e+04 +2.409042870e+04 +2.415737870e+04 +2.415737870e+04 +3.5680e+00 +3.5046e+00 -1.1997e+00
68 +3.692770536e+03 +3.692770536e+03 +3.759720536e+03 +3.759720536e+03 +2.4223e+00 +1.5448e+00 -1.2833e+00
355 +7.015700327e+02 +7.015700327e+02 +7.685200327e+02 +7.685200327e+02 -4.4157e+00 +1.5959e+00 -1.3210e+00
1950 +5.576039904e+02 +5.576039904e+02 +6.245539904e+02 +6.245539904e+02 -4.8943e+00 +2.1342e+00 -1.3499e+00
4023 +2.726760293e+02 +2.726760293e+02 +3.396260293e+02 +3.396260293e+02 -5.0256e-01 +1.1633e+00 -1.3298e+00
% function evaluation | noise-free fitness - Fopt (5.832000000000e+01) | best noise-free fitness - Fopt | measured fitness | best measured fitness | x1 | x2...
1 +4.007601147e+06 +4.007601147e+06 +4.007659467e+06 +4.007659467e+06 +2.6157e+00 -2.0822e+00 -6.4253e-01
2 +3.446842773e+06 +3.446842773e+06 +3.446901093e+06 +3.446901093e+06 -1.5584e+00 -1.5314e+00 -4.3855e-01
8 +1.413674975e+06 +1.413674975e+06 +1.413733295e+06 +1.413733295e+06 +4.6045e+00 -1.8603e-01 +2.4303e+00
10 +3.201325549e+04 +3.201325549e+04 +3.207157549e+04 +3.207157549e+04 -3.7221e+00 +6.0663e-01 +1.4648e+00
31 +3.586856292e+03 +3.586856292e+03 +3.645176292e+03 +3.645176292e+03 -4.9458e+00 -3.5109e+00 +1.2673e+00
308 +2.301401523e+03 +2.301401523e+03 +2.359721523e+03 +2.359721523e+03 -9.1306e-01 -1.6825e+00 +1.3218e+00
427 +1.260388941e+02 +1.260388941e+02 +1.843588941e+02 +1.843588941e+02 +2.7269e+00 -3.2224e+00 +1.3183e+00
3415 +6.657865577e+01 +6.657865577e+01 +1.248986558e+02 +1.248986558e+02 -2.5471e+00 -3.4595e+00 +1.3281e+00
% function evaluation | noise-free fitness - Fopt (1.932700000000e+02) | best noise-free fitness - Fopt | measured fitness | best measured fitness | x1 | x2...
1 +2.068231349e+06 +2.068231349e+06 +2.068424619e+06 +2.068424619e+06 -1.5472e-01 +2.3091e+00 +3.6233e+00
2 +1.572664429e+05 +1.572664429e+05 +1.574597129e+05 +1.574597129e+05 +1.1959e+00 +1.1181e+00 +1.8096e+00
3 +3.417845322e+04 +3.417845322e+04 +3.437172322e+04 +3.437172322e+04 -1.1800e+00 +1.8553e-01 +2.3230e+00
47 +1.150611872e+04 +1.150611872e+04 +1.169938872e+04 +1.169938872e+04 -1.5504e+00 -3.1306e+00 +2.2684e+00
182 +9.919326338e+03 +9.919326338e+03 +1.011259634e+04 +1.011259634e+04 +1.3199e+00 -1.1153e-01 +2.1775e+00
315 +1.705914151e+03 +1.705914151e+03 +1.899184151e+03 +1.899184151e+03 -3.2302e+00 -2.5143e+00 +2.1368e+00
904 +1.059569156e+03 +1.059569156e+03 +1.252839156e+03 +1.252839156e+03 +3.9784e+00 -3.6280e+00 +2.2025e+00
1027 +8.214677754e+02 +8.214677754e+02 +1.014737775e+03 +1.014737775e+03 +4.6478e+00 -4.2470e+00 +2.1761e+00
% function evaluation | noise-free fitness - Fopt (-4.190100000000e+02) | best noise-free fitness - Fopt | measured fitness | best measured fitness | x1 | x2...
1 +1.074846931e+07 +1.074846931e+07 +1.074805030e+07 +1.074805030e+07 +7.8577e-01 +4.7698e+00 +7.0961e-01
2 +6.856361243e+05 +6.856361243e+05 +6.852171143e+05 +6.852171143e+05 -1.8265e+00 -2.5754e-01 -1.7698e+00
5 +6.430433264e+04 +6.430433264e+04 +6.388532264e+04 +6.388532264e+04 -4.1426e+00 -3.9718e+00 -2.5118e+00
17 +1.455262539e+04 +1.455262539e+04 +1.413361539e+04 +1.413361539e+04 +1.3941e+00 +2.0609e+00 -2.5506e+00
231 +6.257923308e+03 +6.257923308e+03 +5.838913308e+03 +5.838913308e+03 -2.4466e+00 +4.3332e+00 -2.5906e+00
561 +3.344287707e+03 +3.344287707e+03 +2.925277707e+03 +2.925277707e+03 +1.1747e-01 +1.3895e+00 -2.6797e+00
1168 +8.926825974e+02 +8.926825974e+02 +4.736725974e+02 +4.736725974e+02 +4.9298e+00 +3.3502e+00 -2.6377e+00
4205 +2.446737566e+02 +2.446737566e+02 -1.743362434e+02 -1.743362434e+02 +1.1419e+00 +2.5874e+00 -2.6687e+00
% function evaluation | noise-free fitness - Fopt (4.076100000000e+02) | best noise-free fitness - Fopt | measured fitness | best measured fitness | x1 | x2...
1 +8.822107687e+06 +8.822107687e+06 +8.822515297e+06 +8.822515297e+06 -2.3306e+00 +1.7996e+00 +8.1121e-01
4 +2.775201642e+06 +2.775201642e+06 +2.775609252e+06 +2.775609252e+06 +3.9944e+00 +4.7887e+00 +2.3337e+00
8 +1.181200551e+06 +1.181200551e+06 +1.181608161e+06 +1.181608161e+06 -2.5057e+00 -4.5030e+00 +4.8920e+00
13 +1.076012129e+05 +1.076012129e+05 +1.080088229e+05 +1.080088229e+05 -2.8898e+00 -2.6359e+00 +4.1654e+00
42 +2.540767654e+04 +2.540767654e+04 +2.581528654e+04 +2.581528654e+04 -3.1306e+00 +1.7074e+00 +3.8688e+00
82 +1.476374998e+04 +1.476374998e+04 +1.517135998e+04 +1.517135998e+04 +1.0499e+00 -1.0071e+00 +3.9363e+00
187 +8.719828777e+03 +8.719828777e+03 +9.127438777e+03 +9.127438777e+03 -2.3472e+00 -1.5066e+00 +3.9262e+00
401 +3.329289801e+03 +3.329289801e+03 +3.736899801e+03 +3.736899801e+03 -4.7643e+00 -2.1029e+00 +3.8103e+00
1166 +8.029691527e+01 +8.029691527e+01 +4.879069153e+02 +4.879069153e+02 -3.2626e+00 -3.5081e+00 +3.8530e+00
% function evaluation | noise-free fitness - Fopt (2.872000000000e+01) | best noise-free fitness - Fopt | measured fitness | best measured fitness | x1 | x2...
1 +3.087557226e+05 +3.087557226e+05 +3.087844426e+05 +3.087844426e+05 +4.2333e+00 +3.4972e+00 -4.1222e+00
12 +4.244707031e+04 +4.244707031e+04 +4.247579031e+04 +4.247579031e+04 -4.2219e+00 +1.8349e+00 -3.4539e+00
15 +1.719567451e+04 +1.719567451e+04 +1.722439451e+04 +1.722439451e+04 -2.4516e+00 -2.1902e+00 -3.4635e+00
54 +2.831383527e+03 +2.831383527e+03 +2.860103527e+03 +2.860103527e+03 +3.1072e+00 -3.0139e+00 -3.6495e+00
427 +1.116354253e+03 +1.116354253e+03 +1.145074253e+03 +1.145074253e+03 +3.0796e+00 -2.3053e+00 -3.6213e+00
601 +4.552632483e+02 +4.552632483e+02 +4.839832483e+02 +4.839832483e+02 +4.5707e+00 -3.1388e+00 -3.5758e+00
