% function evaluation | noise-free fitness - Fopt (3.590000000000e+01) | best noise-free fitness - Fopt | measured fitness | best measured fitness | x1 | x2...
1 +5.652947936e+05 +5.652947936e+05 +5.653306936e+05 +5.653306936e+05 +1.9080e+00 +4.8694e+00 -4.5562e+00 +2.5205e+00 -4.4147e+00 -2.0042e+00 -1.7187e+00 -2.3557e+00 -5.5343e-01 +3.6893e-02
2 +1.239809492e+05 +1.239809492e+05 +1.240168492e+05 +1.240168492e+05 -2.6612e+00 +1.5353e+00 +3.9003e+00 -3.0051e+00 -2.8187e+00 +1.4095e+00 -4.9744e+00 -3.2794e+00 -4.0588e+00 +1.5788e-01
22 +3.446057843e+04 +3.446057843e+04 +3.449647843e+04 +3.449647843e+04 -1.7937e+00 +2.7501e+00 +4.2659e+00 -3.4978e+00 -7.2273e-01 -2.9419e+00 -3.9756e+00 +2.0293e+00 +1.0251e+00 +2.0920e+00
155 +1.910708726e+03 +1.910708726e+03 +1.946608726e+03 +1.946608726e+03 +3.1538e+00 +1.9344e+00 +4.3536e+00 -3.2217e+00 +2.4959e+00 -1.8004e+00 -3.2173e+00 -2.5706e+00 +8.7443e-01 +4.0983e+00
630 +1.293941471e+02 +1.293941471e+02 +1.652941471e+02 +1.652941471e+02 +2.1973e+00 +2.6257e+00 +4.5100e+00 +3.6768e+00 +1.8536e+00 -1.2276e+00 -4.9921e+00 +6.2794e-01 -3.8625e+00 +3.8315e+00
% function evaluation | noise-free fitness - Fopt (3.137000000000e+01) | best noise-free fitness - Fopt | measured fitness | best measured fitness | x1 | x2...
1 +3.376786875e+05 +3.376786875e+05 +3.377100575e+05 +3.377100575e+05 +4.8179e+00 +4.4119e+00 +2.7921e+00 +4.5111e+00 +1.6676e+00 +2.1001e+00 +1.8828e+00 +4.7121e+00 +2.6671e+00 -3.5677e+00
3 +1.924007238e+05 +1.924007238e+05 +1.924320938e+05 +1.924320938e+05 +4.2554e+00 +1.2615e+00 +1.0976e+00 +2.9809e+00 -2.2136e+00 +1.6988e+00 +3.0821e+00 -4.4874e-01 +3.1751e+00 -1.0011e+00
16 +1.138501916e+05 +1.138501916e+05 +1.138815616e+05 +1.138815616e+05 +3.9881e+00 +3.3771e-01 -3.8875e+00 +1.5792e+00 -4.9507e+00 -2.3721e+00 -2.8902e+00 +1.0968e+00 +3.8228e+00 -2.9236e-01
17 +3.754389356e+04 +3.754389356e+04 +3.757526356e+04 +3.757526356e+04 +4.8513e+00 +4.5482e-01 -2.9277e+00 +8.7197e-01 -4.0703e+00 -4.6057e+00 +3.9288e+00 +5.8080e-01 +1.9043e+00 +2.4965e+00
63 +3.731574738e+03 +3.731574738e+03 +3.762944738e+03 +3.762944738e+03 +2.7869e+00 +4.0046e+00 -3.6118e+00 -2.2188e+00 -1.9968e+00 -9.3877e-01 -3.8067e+00 +3.6473e+00 +4.1716e+00 +4.9054e+00
1259 +1.186931756e+02 +1.186931756e+02 +1.500631756e+02 +1.500631756e+02 +1.4283e+00 +4.2791e+00 -3.1354e+00 -1.5853e+00 -2.3224e+00 -4.6385e+00 -1.2959e+00 +4.6539e+00 +1.5479e+00 +1.8352e+00
2573 +9.291594699e+01 +9.291594699e+01 +1.242859470e+02 +1.242859470e+02 +4.8610e-01 +3.9589e+00 -9.6305e-01 +4.3185e+00 -4.7602e+00 -2.8083e+00 -2.2508e+00 +4.6522e+00 +4.3543e+00 +5.7723e-01
% function evaluation | noise-free fitness - Fopt (-1.000000000000e+03) | best noise-free fitness - Fopt | measured fitness | best measured fitness | x1 | x2...
1 +1.750706367e+06 +1.750706367e+06 +1.749706367e+06 +1.749706367e+06 +2.1832e+00 +4.1134e+00 +3.6924e-01 -4.7436e+00 +2.6407e+00 +4.9906e+00 +3.3062e-01 -1.8451e+00 -4.9550e+00 -4.7871e+00
2 +1.065056738e+06 +1.065056738e+06 +1.064056738e+06 +1.064056738e+06 +4.0706e+00 +1.7023e+00 +1.3762e+00 -2.4410e+00 -2.2798e+00 +1.9609e+00 -2.8156e+00 +6.7492e-01 -2.6683e+00 -3.3631e+00
3 +5.780873132e+05 +5.780873132e+05 +5.770873132e+05 +5.770873132e+05 +3.4344e+00 -1.2302e+00 -3.6254e+00 -3.5129e+00 -1.2946e+00 -4.2878e+00 -9.3706e-01 +1.3155e+00 -2.8992e+00 -1.0408e+00
20 +3.578819885e+05 +3.578819885e+05 +3.568819885e+05 +3.568819885e+05 +2.7365e+00 +2.0176e+00 +2.5241e+00 -3.6902e+00 -4.4427e+00 -1.7474e+00 +1.5240e-01 +2.2372e+00 +2.0416e+00 +3.6805e+00
33 +1.135062850e+05 +1.135062850e+05 +1.125062850e+05 +1.125062850e+05 -1.7566e+00 -4.3500e+00 -1.6596e+00 +4.3320e+00 -3.6058e+00 -1.4759e+00 -1.1915e+00 -4.2625e+00 +1.2701e+00 +2.7627e+00
104 +6.039812080e+04 +6.039812080e+04 +5.939812080e+04 +5.939812080e+04 -4.3915e+00 -2.7668e+00 +4.3649e+00 +2.0129e+00 -3.4485e+00 -2.9235e+00 +4.1311e-01 -4.9693e+00 -1.8321e+00 +2.8556e+00
202 +1.808056529e+04 +1.808056529e+04 +1.708056529e+04 +1.708056529e+04 +5.7846e-01 -6.2332e-01 +2.4126e+00 +1.7395e+00 -1.7819e+00 -1.2691e+00 +3.1027e+00 -3.1908e+00 -2.9757e+00 +4.0508e+00
% function evaluation | noise-free fitness - Fopt (1.319200000000e+02) | best noise-free fitness - Fopt | measured fitness | best measured fitness | x1 | x2...
1 +1.037794358e+06 +1.037794358e+06 +1.037926278e+06 +1.037926278e+06 -3.8600e+00 -3.4339e+00 +3.7847e-01 +4.7754e-01 +1.0562e+00 -4.8596e+00 -2.8877e+00 +1.1960e+00 -2.9001e+00 -9.2933e-01
2 +5.061520208e+05 +5.061520208e+05 +5.062839408e+05 +5.062839408e+05 -2.2693e+00 -9.3148e-01 -1.0025e+00 +4.7392e+00 -2.4949e+00 -2.7584e+00 +4.9118e+00 +4.3891e+00 +6.3102e-01 +7.6352e-01
9 +3.641721349e+05 +3.641721349e+05 +3.643040549e+05 +3.643040549e+05 -4.6992e+00 -6.8561e-03 -2.4141e+00 +1.6465e+00 -2.6803e+00 +3.8489e-01 +4.4662e+00 +1.8910e+00 +3.2717e-01 +2.0451e-01
16 +1.609789119e+05 +1.609789119e+05 +1.611108319e+05 +1.611108319e+05 -2.3992e+00 +3.7064e+00 -2.8948e+00 -4.1046e+00 -2.7757e+00 -2.5425e+00 -4.5349e+00 +1.0747e+00 -1.2930e+00 -2.9734e-01
384 +6.513451301e+04 +6.513451301e+04 +6.526643301e+04 +6.526643301e+04 -4.1751e+00 +4.3037e+00 -3.9386e+00 -1.8044e+00 +2.1851e-01 +2.4819e+00 -2.8693e+00 +3.5527e+00 -1.9260e+00 +3.2865e+00
637 +3.378891212e+04 +3.378891212e+04 +3.392083212e+04 +3.392083212e+04 -3.8550e+00 +3.3636e+00 -2.1782e+00 +3.5428e+00 -3.2297e+00 -3.2011e+00 -4.3303e-01 +4.7248e+00 +3.0930e+00 -3.6250e+00
2681 +1.583009339e+04 +1.583009339e+04 +1.596201339e+04 +1.596201339e+04 -1.5111e+00 -1.4335e+00 -3.6559e+00 +6.2300e-01 -3.8893e+00 -1.6090e+00 -4.0006e+00 +4.7810e+00 -2.4263e-01 +2.5604e+00
% function evaluation | noise-free fitness - Fopt (5.908400000000e+02) | best noise-free fitness - Fopt | measured fitness | best measured fitness | x1 | x2...
1 +5.414092797e+05 +5.414092797e+05 +5.420001197e+05 +5.420001197e+05 +8.3457e-01 -5.1760e-01 +6.0180e-01 -1.4654e+00 +4.2129e+00 -5.1600e-01 -3.8198e+00 -2.6104e+00 +4.5370e+00 -2.0001e+00
3 +1.538894276e+03 +1.538894276e+03 +2.129734276e+03 +2.129734276e+03 -2.6857e+00 -2.1955e+00 -1.9668e+00 -1.8580e+00 -4.8081e+00 -2.9522e+00 +3.6049e+00 +2.5803e+00 +1.3998e+00 -2.0475e+00
11 +2.859405019e+02 +2.859405019e+02 +8.767805019e+02 +8.767805019e+02 -2.1628e+00 +4.5237e+00 -1.6533e-01 +1.7122e+00 -2.4997e+00 -1.5388e+00 +4.6768e+00 +1.6704e+00 +4.0755e+00 +2.5690e-01
1306 +2.443113487e+02 +2.443113487e+02 +8.351513487e+02 +8.351513487e+02 -1.0325e+00 +5.2643e-02 -4.8581e+00 -1.7588e-01 +6.8880e-01 -3.6428e+00 +4.0920e+00 +3.0021e+00 -1.5996e+00 -8.5831e-02
2033 +1.368997738e+02 +1.368997738e+02 +7.277397738e+02 +7.277397738e+02 +8.4828e-01 +2.2585e+00 -1.0627e+00 -1.3075e+00 -1.8187e+00 -1.2013e-01 +4.1539e+00 +3.2403e+00 +4.2156e+00 -1.5599e+00
4616 +7.280896554e+01 +7.280896554e+01 +6.636489655e+02 +6.636489655e+02 -2.2556e+00 -3.0936e+00 -3.5812e+00 -1.4304e+00 +4.0136e-01 +1.8128e-01 +4.0329e+00 -5.4036e-01 +4.4458e+00 -9.7031e-01
% function evaluation | noise-free fitness - Fopt (3.098000000000e+01) | best noise-free fitness - Fopt | measured fitness | best measured fitness | x1 | x2...
1 +5.856714495e+05 +5.856714495e+05 +5.857024295e+05 +5.857024295e+05 +1.1017e+00 +5.3418e-02 -3.0794e+00 +1.3236e-02 -1.7448e+00 -4.8126e+00 +9.6092e-01 +3.1222e+00 -3.2070e+00 -4.9889e+00
2 +3.481669578e+04 +3.481669578e+04 +3.484767578e+04 +3.484767578e+04 -6.0128e-02 +1.8610e+00 -4.2419e+00 +1.4389e-01 -7.0072e-01 +2.4842e+00 +8.0230e-01 +3.3898e+00 +4.3969e+00 +1.6313e+00
99 +2.179401827e+04 +2.179401827e+04 +2.182499827e+04 +2.182499827e+04 +8.3886e-01 +3.2267e+00 -4.3746e+00 -3.9737e-01 +2.2262e+00 +3.2173e+00 -2.5463e-01 +3.5804e+00 +4.3013e+00 -1.7226e+00
114 +3.311534819e+03 +3.311534819e+03 +3.342514819e+03 +3.342514819e+03 +6.0074e-01 +1.4079e+00 -4.6067e+00 -4.1739e+00 -3.9561e+00 +3.7293e+00 -1.5853e-01 +1.8997e+00 -3.6317e+00 +2.3896e+00
1737 +1.902163247e+03 +1.902163247e+03 +1.933143247e+03 +1.933143247e+03 -3.8898e-01 +4.3476e+00 -2.1631e+00 -3.4588e+00 +1.0954e+00 +2.6113e+00 +4.8210e+00 +3.9714e+00 -3.2579e+00 +1.2526e-01
2893 +4.188685099e+02 +4.188685099e+02 +4.498485099e+02 +4.498485099e+02 +3.1221e+00 +3.6334e+00 -4.7930e+00 -2.2100e+00 +2.8502e+00 +4.6409e+00 -7.1173e-01 +4.1094e+00 +7.6541e-01 +6.6721e-01
3709 +2.269914151e+02 +2.269914151e+02 +2.579714151e+02 +2.579714151e+02 -5.2612e-01 +4.6821e+00 -4.9176e+00 -2.4453e+00 -3.2996e+00 -2.5377e-01 +1.8546e+00 +3.0962e+00 -3.6693e+00 +1.3445e+00
% function evaluation | noise-free fitness - Fopt (-1.445400000000e+02) | best noise-free fitness - Fopt | measured fitness | best measured fitness | x1 | x2...
1 +1.771513937e+05 +1.771513937e+05 +1.770068537e+05 +1.770068537e+05 +3.2696e+00 +2.9786e+00 -4.9716e+00 +1.3077e+00 +3.6619e+00 -2.7105e+00 -8.4468e-01 +1.5885e+00 +5.2475e-01 -6.8397e-01
24 +1.051844433e+05 +1.051844433e+05 +1.050399033e+05 +1.050399033e+05 +2.0352e+00 -1.4421e+00 -2.0093e+00 +2.5418e+00 +4.7518e+00 -4.1740e+00 -2.8377e+00 -4.4437e+00 +1.0364e+00 -3.8929e+00
37 +5.690139338e+04 +5.690139338e+04 +5.675685338e+04 +5.675685338e+04 -3.8526e+00 +2.8141e-02 -1.3376e+00 -2.7667e+00 -9.6162e-01 -1.5151e+00 +2.7242e+00 -2.7661e+00 +3.8745e+00 -1.7634e+00
133 +8.522046287e+03 +8.522046287e+03 +8.377506287e+03 +8.377506287e+03 +4.6990e+00 -4.4250e+00 -3.8172e+00 +3.3937e+00 +1.8517e-01 -4.5891e+00 -6.1339e-01 -3.2671e+00 +1.7624e+00 -4.4626e+00
1916 +5.000741635e+02 +5.000741635e+02 +3.555341635e+02 +3.555341635e+02 -1.6154e-01 -4.1187e+00 -4.2569e+00 -7.3557e-01 -1.2723e+00 -3.9448e+00 -1.7111e+00 -2.9520e+00 -1.2974e-02 -6.2849e-01
3884 +2.231056574e+02 +2.231056574e+02 +7.856565745e+01 +7.856565745e+01 +6.2534e-01 -3.6928e+00 -4.2190e+00 -3.6686e+00 +4.5989e-01 -3.1547e+00 -2.7370e+00 -4.5022e+00 -2.5018e-02 -3.8448e+00
% function evaluation | noise-free fitness - Fopt (-9.649000000000e+01) | best noise-free fitness - Fopt | measured fitness | best measured fitness | x1 | x2...
1 +4.355007220e+05 +4.355007220e+05 +4.354042320e+05 +4.354042320e+05 +1.0416e+00 +3.9740e+00 -3.5974e+00 +8.9872e-01 +3.0184e+00 -4.4912e+00 +1.3711e+00 +3.9098e+00 +4.2554e+00 +3.4044e-01
2 +3.018425289e+05 +3.018425289e+05 +3.017460389e+05 +3.017460389e+05 +2.7397e+00 -1.0620e+00 -1.9630e+00 +4.5494e+00 +4.0312e+00 -7.4194e-01 +1.8164e+00 +4.4613e+00 +1.9481e+00 +6.6705e-01
6 +2.175828205e+05 +2.175828205e+05 +2.174863305e+05 +2.174863305e+05 -7.1804e-01 +1.8124e+00 -1.1545e+00 +8.7686e-01 +4.1983e+00 -1.5679e+00 +1.1151e+00 -1.0615e+00 -3.5348e+00 -1.6271e+00
20 +1.391363078e+05 +1.391363078e+05 +1.390398178e+05 +1.390398178e+05 +4.5161e+00 -6.9227e-01 +3.5557e+00 -3.4577e+00 -2.8905e-01 +3.8066e+00 +6.4234e-01 +2.6524e+00 -4.3698e+00 -2.5780e-01
22 +7.970927586e+02 +7.970927586e+02 +7.006027586e+02 +7.006027586e+02 +3.8858e-01 +2.9484e-01 +4.9680e+00 +1.2663e+00 +1.3494e+00 +8.5248e-01 +3.4312e+00 -1.7721e+00 -3.6754e+00 +2.1869e+00
155 +3.713881618e+02 +3.713881618e+02 +2.748981618e+02 +2.748981618e+02 +3.1934e+00 -9.2751e-01 +3.2359e+00 +4.8962e-01 -1.6206e+00 +1.2235e+00 +3.6392e+00 +1.3714e+00 -2.9102e+00 +4.2917e+00
2104 +2.215587356e+02 +2.215587356e+02 +1.250687356e+02 +1.250687356e+02 +2.4476e+00 +5.5002e-01 +3.7003e+00 +4.8301e+00 -1.3093e+00 +4.1670e+00 +9.6146e-01 -2.1754e-01 -1.5820e+00 +2.9254e+00
4654 +1.100240026e+02 +1.100240026e+02 +1.353400264e+01 +1.353400264e+01 +7.2258e-01 -8.2749e-01 +4.4255e+00 +1.3235e+00 +2.6964e+00 +2.6411e+00 +2.8887e+00 -4.0800e+00 -4.4293e+00 +3.5109e+00
% function evaluation | noise-free fitness - Fopt (1.000000000000e+03) | best noise-free fitness - Fopt | measured fitness | best measured fitness | x1 | x2...
1 +6.127218711e+05 +6.127218711e+05 +6.137218711e+05 +6.137218711e+05 +3.8750e+00 +3.3346e+00 +3.2110e+00 -4.8789e+00 -4.6437e+00 -2.0728e+00 +4.1071e-01 +4.1654e+00 +4.9317e+00 -4.7117e+00
3 +2.995533488e+05 +2.995533488e+05 +3.005533488e+05 +3.005533488e+05 +3.9620e+00 -2.8530e+00 -3.1771e+00 +1.3628e+00 +1.6222e+00 -2.3675e+00 -8.4016e-01 +2.8711e+00 +4.4228e-01 +1.4736e+00
15 +1.737336714e+05 +1.737336714e+05 +1.747336714e+05 +1.747336714e+05 +2.7435e+00 +4.2707e-02 +3.1688e+00 -1.8003e+00 +2.0641e+00 +3.4001e+00 -4.9996e+00 -2.3635e+00 -4.8170e+00 -3.7655e-01
32 +1.812305627e+04 +1.812305627e+04 +1.912305627e+04 +1.912305627e+04 +8.2813e-01 -6.1244e-01 +2.6065e+00 -5.2929e-01 +4.0024e+00 -2.1528e+00 +1.3644e+00 -2.8066e-01 +1.2055e+00 -4.6965e+00
54 +4.323664148e+03 +4.323664148e+03 +5.323664148e+03 +5.323664148e+03 +1.1152e+00 +4.7797e-01 +3.8914e+00 -2.8452e+00 +1.0702e+00 +7.4978e-01 +3.7233e+00 +1.0355e+00 +1.5715e+00 -2.0743e+00
451 +1.764668953e+03 +1.764668953e+03 +2.764668953e+03 +2.764668953e+03 +5.6693e-01 -2.5564e+00 +4.2046e+00 -4.3061e+00 -1.1779e+00 -5.2125e-01 +4.7129e+00 +3.6650e+00 +3.7557e+00 +2.0176e+00
1494 +3.198968943e+02 +3.198968943e+02 +1.319896894e+03 +1.319896894e+03 -1.4272e+00 -4.1143e+00 +2.5925e+00 -4.7598e+00 +4.0200e+00 -4.4200e+00 -9.2549e-01 +9.3887e-01 +4.3135e+00 -1.3346e+00
3352 +2.136207727e+02 +2.136207727e+02 +1.213620773e+03 +1.213620773e+03 +1.3579e+00 -9.0078e-01 +3.3722e+00 -3.5863e+00 +4.7829e+00 -3.7034e+00 -1.4450e+00 +1.2905e+00 +4.1128e+00 +1.9438e-01
% function evaluation | noise-free fitness - Fopt (-1.547600000000e+02) | best noise-free fitness - Fopt | measured fitness | best measured fitness | x1 | x2...
1 +9.940635367e+05 +9.940635367e+05 +9.939087767e+05 +9.939087767e+05 -3.1196e+00 -1.1670e+00 -4.0903e+00 +4.3566e+00 +1.4011e-01 +4.3264e+00 +2.6379e+00 +3.9097e+00 +3.1459e+00 +1.9888e+00
2 +3.565175759e+05 +3.565175759e+05 +3.563628159e+05 +3.563628159e+05 -2.0911e+00 +3.8659e+00 -2.5645e-02 -1.3901e+00 -2.4392e-02 -2.1102e+00 +1.6803e+00 +1.2035e+00 -2.7922e+00 +2.2459e+00
5 +2.142447606e+05 +2.142447606e+05 +2.140900006e+05 +2.140900006e+05 +4.4245e+00 +2.2500e+00 +2.4589e+00 +2.9567e+00 +3.0572e+00 -4.8040e-01 +3.8829e+00 -2.8908e+00 -3.1324e+00 +4.9270e+00
7 +7.279275839e+04 +7.279275839e+04 +7.263799839e+04 +7.263799839e+04 +3.1169e+00 -5.6236e-01 +2.7297e+00 -4.5610e+00 +4.0390e-01 -2.0305e+00 +4.1671e+00 -1.7059e+00 -1.3668e+00 -7.4719e-01
13 +2.150478013e+02 +2.150478013e+02 +6.028780132e+01 +6.028780132e+01 +3.1346e+00 -2.6218e+00 +4.5164e+00 -4.1345e+00 +4.5640e+00 -1.4117e+00 -3.9171e-01 +3.3336e+00 -1.7376e+00 +1.2869e+00
1948 +1.193034278e+02 +1.193034278e+02 -3.545657216e+01 -3.545657216e+01 +3.0559e+00 -2.6256e-03 +4.6785e+00 -1.8147e+00 +4.4699e+00 -4.0523e+00 +1.1592e+00 -2.1312e+00 -2.4603e+00 -1.4629e+00
% function evaluation | noise-free fitness - Fopt (3.914000000000e+01) | best noise-free fitness - Fopt | measured fitness | best measured fitness | x1 | x2...
1 +2.590881440e+05 +2.590881440e+05 +2.591272840e+05 +2.591272840e+05 +1.7521e-01 +4.2805e+00 +8.5723e-01 +1.6414e+00 +4.9373e+00 +7.6589e-01 +4.0821e+00 -1.1743e-01 -1.8522e+00 +3.0627e+00
2 +1.178076071e+05 +1.178076071e+05 +1.178467471e+05 +1.178467471e+05 +8.2281e-01 -2.3204e+00 +3.4553e+00 -3.8439e+00 -1.6814e+00 -4.9043e+00 +4.2871e+00 -1.0471e+00 +4.1280e+00 +9.7807e-01
110 +2.000121177e+04 +2.000121177e+04 +2.004035177e+04 +2.004035177e+04 -1.7526e+00 +3.1887e-01 -3.9017e+00 -3.5480e+00 +1.7797e+00 -4.1666e+00 +3.3734e+00 -4.3545e-01 +1.7942e-01 -2.2270e-01
193 +1.168881862e+02 +1.168881862e+02 +1.560281862e+02 +1.560281862e+02 +8.2226e-01 -1.2766e+00 -8.6294e-01 -2.0130e+00 +4.5397e+00 -4.4588e+00 +4.4625e+00 +2.5432e+00 -3.8548e-01 -1.2997e+00
% function evaluation | noise-free fitness - Fopt (-1.186000000000e+01) | best noise-free fitness - Fopt | measured fitness | best measured fitness | x1 | x2...
1 +4.099105204e+05 +4.099105204e+05 +4.098986604e+05 +4.098986604e+05 -3.0273e+00 +2.0812e+00 +3.6724e+00 -3.3468e+00 -1.2027e+00 +1.1986e+00 -3.2674e+00 -1.8718e-01 -3.8335e-01 +4.4296e+00
3 +3.044454001e+05 +3.044454001e+05 +3.044335401e+05 +3.044335401e+05 +3.5316e+00 +4.2356e+00 -1.6636e+00 -3.6590e+00 -1.1203e+00 +3.6291e+00 +1.3775e+00 -2.6085e+00 +3.7484e+00 -2.2566e+00
4 +1.788567860e+05 +1.788567860e+05 +1.788449260e+05 +1.788449260e+05 -4.4400e+00 -5.3690e-01 +1.7725e+00 +2.7767e+00 +4.3664e-01 +4.6678e+00 +2.3135e+00 +4.2315e+00 -1.9999e-01 -2.9603e+00
25 +8.157186592e+04 +8.157186592e+04 +8.156000592e+04 +8.156000592e+04 -2.5856e+00 +2.6958e+00 +2.9237e+00 -3.0116e+00 -2.3380e+00 +2.7396e+00 +2.7809e+00 +1.9027e+00 -1.4701e+00 +4.0794e+00
55 +1.208732590e+04 +1.208732590e+04 +1.207546590e+04 +1.207546590e+04 -3.9100e-01 -2.8581e-01 -2.9757e+00 -4.7961e+00 -1.2420e+00 +4.3505e+00 +1.5810e+00 +3.2663e+00 -1.2264e+00 +2.2660e-01
481 +9.079658014e+02 +9.079658014e+02 +8.961058014e+02 +8.961058014e+02 +4.8399e-01 +3.5843e+00 -4.3730e+00 -3.3999e+00 +3.0015e+00 +1.7986e+00 +3.0891e+00 +4.9479e+00 +3.9091e+00 +4.3044e+00
% function evaluation | noise-free fitness - Fopt (7.068000000000e+01) | best noise-free fitness - Fopt | measured fitness | best measured fitness | x1 | x2...
1 +1.081861583e+06 +1.081861583e+06 +1.081932263e+06 +1.081932263e+06 -1.2631e+00 -5.5470e-01 +4.0182e+00 -4.6753e+00 +4.8908e+00 +2.0059e+00 +2.2614e+00 +4.6213e+00 +1.1800e+00 -2.9254e+00
3 +5.755684367e+05 +5.755684367e+05 +5.756391167e+05 +5.756391167e+05 -2.5242e+00 -2.2417e+00 -1.2252e+00 +1.0442e+00 +3.1354e+00 +2.1858e+00 -4.2033e-01 -1.6780e+00 +4.4313e-02 -3.4035e+00
4 +2.109486503e+05 +2.109486503e+05 +2.110193303e+05 +2.110193303e+05 -2.1028e+00 +3.4187e+00 +6.6169e-01 -2.3394e+00 +4.3722e+00 -3.6516e+00 -1.8249e+00 +1.6105e+00 -2.5917e+00 +4.1272e+00
6 +1.231387851e+05 +1.231387851e+05 +1.232094651e+05 +1.232094651e+05 -7.2988e-01 +1.8884e+00 -3.6152e+00 +1.4563e+00 -1.7209e+00 -5.6858e-01 -3.7538e+00 +2.7484e+00 -1.1605e+00 -3.3130e-01
7 +8.383841513e+04 +8.383841513e+04 +8.390909513e+04 +8.390909513e+04 +3.2983e+00 +7.9488e-01 -3.2131e+00 -1.1422e+00 +1.4793e+00 -1.8882e+00 +1.1312e+00 +3.2520e+00 +1.9370e+00 +1.0141e+00
11 +1.149458493e+04 +1.149458493e+04 +1.156526493e+04 +1.156526493e+04 -8.9510e-01 +3.4794e+00 -4.6765e+00 +8.2656e-01 +1.9507e+00 +3.4458e+00 +3.8671e-01 +5.6627e-01 +2.4626e+00 +3.7920e-01
1223 +8.530109597e+02 +8.530109597e+02 +9.236909597e+02 +9.236909597e+02 +2.5154e-01 +4.7671e+00 -2.5937e+00 +2.0908e+00 +7.7371e-03 +2.1319e+00 +3.4136e+00 +4.9724e+00 +2.6782e+00 +1.6668e+00
% function evaluation | noise-free fitness - Fopt (-6.260000000000e+00) | best noise-free fitness - Fopt | measured fitness | best measured fitness | x1 | x2...
1 +6.327988610e+05 +6.327988610e+05 +6.327926010e+05 +6.327926010e+05 -4.9731e+00 +1.9688e+00 -2.2283e-01 -7.4399e-01 -6.3497e-01 +2.4402e+00 +2.1776e+00 -1.8912e+00 -4.4977e+00 +5.1131e-02
2 +5.958642329e+05 +5.958642329e+05 +5.958579729e+05 +5.958579729e+05 -3.0055e+00 -1.5850e+00 -3.2726e+00 -2.6861e+00 +4.2719e+00 +3.5014e+00 +3.3300e+00 -1.7127e+00 -3.1565e+00 +4.2260e+00
3 +3.011923092e+05 +3.011923092e+05 +3.011860492e+05 +3.011860492e+05 -9.7172e-01 -1.9263e+00 -1.0237e+00 -7.8989e-01 -7.2662e-01 -2.8287e+00 +1.3371e+00 +4.7287e+00 -3.2531e+00 -4.2324e+00
10 +1.734190210e+05 +1.734190210e+05 +1.734127610e+05 +1.734127610e+05 +2.4285e+00 -2.1233e+00 +4.7154e+00 -3.0108e+00 -5.0803e-01 -6.8087e-01 -4.3695e+00 -2.3183e-01 -3.1892e+00 +2.6129e+00
16 +1.384191374e+05 +1.384191374e+05 +1.384128774e+05 +1.384128774e+05 -1.7800e+00 -1.0360e+00 -2.8460e+00 +1.5019e+00 +4.1695e-01 -2.6380e+00 -1.2379e+00 -7.2000e-02 -2.6157e+00 -4.0863e+00
46 +7.256610278e+04 +7.256610278e+04 +7.255984278e+04 +7.255984278e+04 +3.6303e+00 +1.6764e+00 -2.9617e+00 -4.6000e+00 -3.6158e+00 -3.7768e+00 -2.7546e+00 +1.8824e+00 -2.9878e+00 +3.0930e+00
96 +4.502139769e+04 +4.502139769e+04 +4.501513769e+04 +4.501513769e+04 +7.9868e-01 -3.0846e+00 -2.7280e+00 -3.6670e+00 -1.2696e+00 -4.4853e+00 -1.5257e+00 -3.6040e+00 -2.5558e+00 -3.5456e+00
127 +1.848848801e+04 +1.848848801e+04 +1.848222801e+04 +1.848222801e+04 +2.8128e+00 -4.2303e+00 -3.7422e+00 -4.2558e+00 +6.2137e-02 -1.1150e+00 +1.3314e+00 -2.9170e+00 -4.6166e+00 +4.0563e+00
369 +9.232555236e+03 +9.232555236e+03 +9.226295236e+03 +9.226295236e+03 -2.1415e+00 -3.1134e+00 -4.3938e+00 -3.9116e+00 +5.1536e-02 -4.9607e+00 -2.6155e+00 +1.6116e+00 -3.5413e+00 -9.4375e-02
2442 +6.028800416e+03 +6.028800416e+03 +6.022540416e+03 +6.022540416e+03 +1.0541e+00 -2.6896e+00 -4.5689e+00 +7.9031e-01 +7.2032e-01 -4.6270e+00 -1.5946e+00 +2.0920e+00 -2.4591e+00 -1.7279e-01
3808 +3.774060549e+02 +3.774060549e+02 +3.711460549e+02 +3.711460549e+02 +1.2231e+00 -4.4435e+00 -4.4145e+00 -4.5372e+00 -1.1478e+00 -2.9033e+00 +1.0259e-01 +2.0252e+00 -2.9240e+00 +3.5088e-01
% function evaluation | noise-free fitness - Fopt (1.838600000000e+02) | best noise-free fitness - Fopt | measured fitness | best measured fitness | x1 | x2...
1 +9.381861143e+05 +9.381861143e+05 +9.383699743e+05 +9.383699743e+05 +3.9181e+00 +3.0145e+00 -2.9964e+00 -3.1524e+00 -2.6563e+00 +2.8694e+00 +2.0569e-01 -8.6738e-02 +1.5515e+00 -4.2255e-01
6 +4.860642621e+05 +4.860642621e+05 +4.862481221e+05 +4.862481221e+05 -8.0136e-01 -6.1662e-01 +1.0135e+00 +4.2590e+00 +9.1897e-01 +4.7124e+00 +2.5453e+00 -3.3386e+00 +3.3481e+00 -1.9023e+00
16 +3.842268533e+05 +3.842268533e+05 +3.844107133e+05 +3.844107133e+05 -3.1134e+00 +4.5039e+00 +3.0512e+00 +2.3713e+00 +6.6816e-02 +3.6135e+00 +3.1078e+00 -4.6791e+00 -2.0805e-01 -1.0047e+00
21 +2.175700793e+05 +2.175700793e+05 +2.177539393e+05 +2.177539393e+05 -4.3854e+00 -1.8212e+00 +2.4457e+00 +6.6019e-01 +4.1462e+00 -1.5040e-01 +4.4626e+00 +1.6583e+00 -8.2258e-02 -4.6886e+00
29 +1.349913978e+05 +1.349913978e+05 +1.351752578e+05 +1.351752578e+05 -1.4618e+00 -6.2954e-01 +2.2016e+00 +7.7821e-01 +4.4237e+00 +4.2542e+00 -2.3243e+00 +1.4006e+00 -4.6716e+00 -2.7472e+00
112 +9.067645631e+04 +9.067645631e+04 +9.086031631e+04 +9.086031631e+04 +2.8677e+00 -1.8984e+00 +2.3037e+00 -5.3382e-01 +3.8548e+00 +4.2773e+00 -3.4202e+00 -4.1222e+00 -6.3130e-01 -3.1234e-01
117 +2.582707084e+04 +2.582707084e+04 +2.601093084e+04 +2.601093084e+04 -4.8321e+00 +3.0758e+00 +2.4822e+00 -2.6513e+00 +1.2937e+00 +4.1305e+00 +3.9487e+00 -4.5839e+00 -2.5989e-01 -3.7588e+00
700 +8.315513083e+02 +8.315513083e+02 +1.015411308e+03 +1.015411308e+03 -4.2742e+00 +1.7875e-01 -1.0617e+00 -4.8621e+00 +2.4010e+00 +4.6222e+00 +1.0071e+00 -2.2692e+00 +1.1617e+00 -4.0432e+00
