% function evaluation | noise-free fitness - Fopt (3.590000000000e+01) | best noise-free fitness - Fopt | measured fitness | best measured fitness | x1 | x2...
1 +2.207865828e+04 +2.207865828e+04 +2.211455828e+04 +2.211455828e+04 +1.3642e+00 -1.1330e+00 +4.2509e+00 +4.5136e+00 -3.3390e+00
6 +7.592960426e+02 +7.592960426e+02 +7.951960426e+02 +7.951960426e+02 -1.6419e+00 -2.7760e+00 +4.8015e-01 +9.5547e-01 -3.4961e+00
28 +8.396140105e+01 +8.396140105e+01 +1.198614010e+02 +1.198614010e+02 -1.8872e+00 +9.9363e-01 +3.1916e-01 +1.6369e+00 -3.2305e+00
122 +4.726064866e+01 +4.726064866e+01 +8.316064866e+01 +8.316064866e+01 -7.2836e-01 +3.0203e+00 +3.5489e+00 +1.9842e+00 -3.8783e+00
970 +3.664500157e+01 +3.664500157e+01 +7.254500157e+01 +7.254500157e+01 +1.7863e-01 +1.0937e+00 +3.3070e+00 +1.9981e+00 -4.5871e+00
3896 +2.394178615e+01 +2.394178615e+01 +5.984178615e+01 +5.984178615e+01 +9.2602e-01 +2.1129e+00 +1.4012e+00 +2.7034e+00 -3.3876e+00
4905 +7.588419852e+00 +7.588419852e+00 +4.348841985e+01 +4.348841985e+01 +1.5683e+00 +9.7194e-01 +2.2844e+00 +2.7677e+00 -2.5106e+00
% function evaluation | noise-free fitness - Fopt (3.137000000000e+01) | best noise-free fitness - Fopt | measured fitness | best measured fitness | x1 | x2...
1 +2.053486678e+04 +2.053486678e+04 +2.056623678e+04 +2.056623678e+04 +2.6287e+00 -1.9489e+00 -2.8830e+00 -9.7314e-01 -4.3995e+00
2 +5.951311401e+03 +5.951311401e+03 +5.982681401e+03 +5.982681401e+03 +1.7567e+00 -3.1128e+00 -3.5036e+00 -1.5360e+00 +3.6144e-01
9 +2.139786588e+02 +2.139786588e+02 +2.453486588e+02 +2.453486588e+02 -3.2756e+00 -3.7286e+00 -3.1183e+00 -4.0080e+00 -3.0209e+00
17 +7.946376621e+01 +7.946376621e+01 +1.108337662e+02 +1.108337662e+02 -3.0882e+00 -8.7767e-01 -1.3134e+00 -6.8901e-01 -1.0180e+00
91 +1.820038116e+01 +1.820038116e+01 +4.957038116e+01 +4.957038116e+01 +8.1569e-01 +1.5951e+00 -4.4702e+00 +1.0597e+00 -1.4952e+00
2865 +1.293557060e+01 +1.293557060e+01 +4.430557060e+01 +4.430557060e+01 -1.4964e-01 -2.0198e-01 -2.9216e+00 +2.2056e+00 -2.6906e+00
% function evaluation | noise-free fitness - Fopt (-1.000000000000e+03) | best noise-free fitness - Fopt | measured fitness | best measured fitness | x1 | x2...
1 +2.132279450e+05 +2.132279450e+05 +2.122279450e+05 +2.122279450e+05 +8.3041e-01 +2.6544e+00 +2.9173e+00 -1.5228e+00 +5.5867e-01
3 +6.148119070e+04 +6.148119070e+04 +6.048119070e+04 +6.048119070e+04 -4.3522e+00 -2.5346e+00 +3.2471e+00 +7.3430e-02 -2.8142e+00
8 +1.239141992e+04 +1.239141992e+04 +1.139141992e+04 +1.139141992e+04 -2.2566e+00 -2.5936e+00 +4.8435e+00 -1.5435e+00 +4.1248e+00
9 +8.473621865e+03 +8.473621865e+03 +7.473621865e+03 +7.473621865e+03 -2.9551e+00 +3.0586e+00 +4.0738e+00 +1.3510e+00 +1.6803e+00
57 +3.732933744e+03 +3.732933744e+03 +2.732933744e+03 +2.732933744e+03 -4.3983e+00 -1.8767e+00 +2.7273e+00 +1.9772e+00 -1.5362e+00
115 +3.752966323e+01 +3.752966323e+01 -9.624703368e+02 -9.624703368e+02 -3.9945e+00 -2.5223e+00 +4.4549e+00 +8.7284e-01 +5.7428e-01
1356 +1.377794424e+01 +1.377794424e+01 -9.862220558e+02 -9.862220558e+02 -2.3932e+00 -2.3427e+00 +2.8718e+00 +3.7500e+00 -1.4924e+00
2781 +3.847061902e+00 +3.847061902e+00 -9.961529381e+02 -9.961529381e+02 -8.7165e-01 -2.3226e+00 +3.4266e+00 +3.9163e+00 -1.2125e+00
% function evaluation | noise-free fitness - Fopt (1.319200000000e+02) | best noise-free fitness - Fopt | measured fitness | best measured fitness | x1 | x2...
1 +1.427014235e+05 +1.427014235e+05 +1.428333435e+05 +1.428333435e+05 -2.9507e+00 +2.3051e+00 -1.3681e+00 -1.4823e-03 +4.0904e+00
29 +6.121286952e+04 +6.121286952e+04 +6.134478952e+04 +6.134478952e+04 -4.9605e+00 +2.2264e+00 -2.6947e+00 -2.6559e+00 +2.2432e+00
54 +1.408862040e+04 +1.408862040e+04 +1.422054040e+04 +1.422054040e+04 -4.1546e+00 +4.3159e+00 -2.4406e+00 -3.2581e-01 +2.9688e-01
730 +7.037432818e+03 +7.037432818e+03 +7.169352818e+03 +7.169352818e+03 -3.8406e+00 +3.7264e+00 -3.2960e+00 -8.3344e-03 -1.3890e-01
1518 +2.049935714e+03 +2.049935714e+03 +2.181855714e+03 +2.181855714e+03 -4.9580e+00 +2.5197e+00 -3.3974e+00 +5.9763e-01 -3.2405e+00
3545 +2.086837427e+02 +2.086837427e+02 +3.406037427e+02 +3.406037427e+02 -4.5594e+00 +4.7276e+00 -3.7788e+00 +1.4185e+00 -2.3189e+00
% function evaluation | noise-free fitness - Fopt (5.908400000000e+02) | best noise-free fitness - Fopt | measured fitness | best measured fitness | x1 | x2...
1 +5.786752156e+05 +5.786752156e+05 +5.792660556e+05 +5.792660556e+05 +1.9439e+00 -4.0219e-01 +1.4175e+00 -1.0694e+00 +1.0929e+00
5 +1.868921945e+05 +1.868921945e+05 +1.874830345e+05 +1.874830345e+05 -8.4691e-02 -4.4410e+00 -4.4523e+00 +4.1368e+00 +3.9785e+00
10 +7.103926205e+04 +7.103926205e+04 +7.163010205e+04 +7.163010205e+04 +2.3979e+00 -1.2833e+00 -4.7288e+00 +1.9305e-01 -2.7400e+00
21 +2.347358920e+04 +2.347358920e+04 +2.406442920e+04 +2.406442920e+04 +3.8676e+00 -2.8198e+00 -4.1138e+00 -2.6684e+00 -3.3317e+00
73 +1.866442803e+03 +1.866442803e+03 +2.457282803e+03 +2.457282803e+03 -1.4178e+00 -2.3840e+00 -4.0323e+00 -2.9730e+00 -2.0771e+00
197 +1.168299944e+03 +1.168299944e+03 +1.759139944e+03 +1.759139944e+03 +1.0832e+00 -4.2173e+00 -1.5817e+00 -3.4745e+00 -2.6562e+00
446 +2.346163514e+01 +2.346163514e+01 +6.143016351e+02 +6.143016351e+02 +8.7288e-01 -3.5459e+00 -3.8186e+00 -3.7103e+00 -1.4741e+00
% function evaluation | noise-free fitness - Fopt (3.098000000000e+01) | best noise-free fitness - Fopt | measured fitness | best measured fitness | x1 | x2...
1 +4.685155639e+05 +4.685155639e+05 +4.685465439e+05 +4.685465439e+05 +9.0383e-02 +4.6165e+00 -3.6462e-01 +7.7205e-01 +3.6128e+00
2 +1.660978803e+05 +1.660978803e+05 +1.661288603e+05 +1.661288603e+05 +2.4457e+00 +1.7772e+00 -4.2670e+00 -4.9006e+00 +3.2265e+00
5 +6.620649557e+03 +6.620649557e+03 +6.651629557e+03 +6.651629557e+03 +2.0167e+00 -3.2214e+00 -3.4496e-01 -3.6138e+00 +2.6968e+00
37 +2.193491044e+03 +2.193491044e+03 +2.224471044e+03 +2.224471044e+03 +1.1069e+00 -3.6969e+00 +1.9464e+00 -2.8058e+00 +2.3762e+00
42 +2.335647380e+01 +2.335647380e+01 +5.433647380e+01 +5.433647380e+01 +1.5833e+00 -3.8835e+00 -9.8241e-01 -4.5370e+00 +1.3476e+00
% function evaluation | noise-free fitness - Fopt (-1.445400000000e+02) | best noise-free fitness - Fopt | measured fitness | best measured fitness | x1 | x2...
1 +1.111595766e+06 +1.111595766e+06 +1.111451226e+06 +1.111451226e+06 +4.6717e+00 +3.3760e+00 +3.5770e+00 +1.8063e+00 +2.0543e+00
2 +2.149726220e+05 +2.149726220e+05 +2.148280820e+05 +2.148280820e+05 -3.0777e+00 -4.4238e+00 -2.6821e+00 -1.8799e-01 +3.1854e+00
32 +1.386900382e+05 +1.386900382e+05 +1.385454982e+05 +1.385454982e+05 +1.9206e+00 -2.7095e+00 -3.8969e+00 -5.7949e-01 -1.4865e+00
46 +7.228586221e+04 +7.228586221e+04 +7.214132221e+04 +7.214132221e+04 -4.4424e-01 -1.4355e-01 -4.6549e+00 +7.6623e-01 -7.2234e-01
60 +3.033944445e+04 +3.033944445e+04 +3.019490445e+04 +3.019490445e+04 -2.8212e+00 +4.1215e+00 -3.3468e+00 -4.8538e+00 -4.5098e-01
84 +1.398476219e+03 +1.398476219e+03 +1.253936219e+03 +1.253936219e+03 -1.9987e+00 +1.8696e+00 -4.3021e+00 -3.0036e+00 +7.6682e-01
1287 +8.855644483e+02 +8.855644483e+02 +7.410244483e+02 +7.410244483e+02 -4.7251e+00 +4.4211e+00 -4.9723e+00 -2.4389e+00 +8.1936e-01
1465 +4.052240150e+02 +4.052240150e+02 +2.606840150e+02 +2.606840150e+02 -2.3567e+00 +3.8133e+00 -4.3753e+00 -1.1634e+00 +3.4117e+00
2494 +9.442795601e+01 +9.442795601e+01 -5.011204399e+01 -5.011204399e+01 -3.9564e+00 +4.6071e+00 -4.0839e+00 -2.4618e+00 +1.2345e+00
4619 +3.671648618e+01 +3.671648618e+01 -1.078235138e+02 -1.078235138e+02 -3.0971e+00 +2.3515e+00 -3.8777e+00 -1.7306e+00 +1.4630e+00
4940 +1.260101040e+01 +1.260101040e+01 -1.319389896e+02 -1.319389896e+02 -1.6729e+00 +2.5105e-01 -4.6984e+00 -1.3195e+00 +1.7943e+00
% function evaluation | noise-free fitness - Fopt (-9.649000000000e+01) | best noise-free fitness - Fopt | measured fitness | best measured fitness | x1 | x2...
1 +1.072246947e+02 +1.072246947e+02 +1.073469466e+01 +1.073469466e+01 -8.9803e-01 -5.2205e-01 -2.1028e+00 -2.6167e+00 -6.1761e-01
15 +7.979516100e+01 +7.979516100e+01 -1.669483900e+01 -1.669483900e+01 -4.1092e+00 +1.6512e+00 +5.6189e-01 +4.2492e+00 +9.8426e-01
250 +4.141510153e+01 +4.141510153e+01 -5.507489847e+01 -5.507489847e+01 -2.4938e+00 +8.6609e-01 +6.2300e-01 -2.8428e-01 +2.5004e+00
555 +2.787914277e+01 +2.787914277e+01 -6.861085723e+01 -6.861085723e+01 -3.0974e+00 +9.2383e-01 +1.8255e+00 +1.8256e+00 +6.8657e-01
569 +2.324802271e+01 +2.324802271e+01 -7.324197729e+01 -7.324197729e+01 -1.7056e+00 +6.4914e-01 +1.3545e+00 -1.2963e+00 +4.3630e-01
832 +1.504534534e+01 +1.504534534e+01 -8.144465466e+01 -8.144465466e+01 -3.2422e+00 +1.9783e+00 +1.6369e+00 +3.4050e-01 +8.0675e-01
% function evaluation | noise-free fitness - Fopt (1.000000000000e+03) | best noise-free fitness - Fopt | measured fitness | best measured fitness | x1 | x2...
1 +2.484487610e+05 +2.484487610e+05 +2.494487610e+05 +2.494487610e+05 -4.8636e-01 -1.4284e+00 +1.9213e+00 +3.5757e-01 +2.8481e+00
11 +6.074447056e+04 +6.074447056e+04 +6.174447056e+04 +6.174447056e+04 +3.1420e+00 +3.4766e+00 -3.5643e+00 +2.2809e+00 +2.5380e+00
30 +3.480707626e+03 +3.480707626e+03 +4.480707626e+03 +4.480707626e+03 +3.3082e+00 +4.9354e+00 +3.1050e+00 -2.1523e+00 +3.9597e+00
219 +1.436394607e+03 +1.436394607e+03 +2.436394607e+03 +2.436394607e+03 +4.0256e+00 +4.2248e+00 +3.4084e-01 +7.6465e-01 +4.0796e+00
484 +1.432428308e+01 +1.432428308e+01 +1.014324283e+03 +1.014324283e+03 +3.6962e+00 +4.3178e+00 -1.1219e+00 -5.2894e-01 +4.4055e+00
% function evaluation | noise-free fitness - Fopt (-1.547600000000e+02) | best noise-free fitness - Fopt | measured fitness | best measured fitness | x1 | x2...
1 +5.801896011e+05 +5.801896011e+05 +5.800348411e+05 +5.800348411e+05 -3.0640e+00 -3.8792e+00 +4.8963e+00 +2.5090e+00 -1.6077e+00
4 +3.394661472e+05 +3.394661472e+05 +3.393113872e+05 +3.393113872e+05 +3.4902e+00 -1.8712e+00 +1.1785e+00 +1.6025e+00 -1.6781e+00
6 +2.062752011e+05 +2.062752011e+05 +2.061204411e+05 +2.061204411e+05 -2.4256e+00 +2.4674e+00 -1.5423e+00 -3.3709e-01 +8.6440e-01
8 +3.369016759e+04 +3.369016759e+04 +3.353540759e+04 +3.353540759e+04 +2.2742e+00 +3.8888e+00 -3.2939e+00 +2.7561e-01 +4.7904e+00
29 +2.270775612e+04 +2.270775612e+04 +2.255299612e+04 +2.255299612e+04 +4.4201e+00 +1.2157e-01 +3.8244e+00 -4.0208e-01 +4.1048e+00
48 +1.042029362e+04 +1.042029362e+04 +1.026553362e+04 +1.026553362e+04 -1.0694e+00 +3.4413e+00 +6.5710e-01 -9.9326e-01 +3.9629e+00
95 +7.918188360e+03 +7.918188360e+03 +7.763428360e+03 +7.763428360e+03 +5.7532e-02 +8.6671e-01 +4.1397e+00 +3.8154e+00 +4.7529e+00
135 +2.789017810e+01 +2.789017810e+01 -1.268698219e+02 -1.268698219e+02 +3.8954e-01 +2.5238e+00 +2.1261e+00 +6.4481e-01 +4.8618e+00
1081 +1.763407322e+01 +1.763407322e+01 -1.371259268e+02 -1.371259268e+02 +1.4202e+00 +1.6129e+00 +1.4920e+00 -1.1711e+00 +4.5467e+00
2975 +4.388394755e+00 +4.388394755e+00 -1.503716052e+02 -1.503716052e+02 +1.6365e+00 +2.4087e+00 +9.0245e-01 -1.2824e+00 +3.8437e+00
% function evaluation | noise-free fitness - Fopt (3.914000000000e+01) | best noise-free fitness - Fopt | measured fitness | best measured fitness | x1 | x2...
1 +3.400955734e+04 +3.400955734e+04 +3.404869734e+04 +3.404869734e+04 -3.0943e+00 -4.4625e+00 -4.6091e+00 -2.7416e+00 +3.0122e+00
48 +1.400963223e+04 +1.400963223e+04 +1.404877223e+04 +1.404877223e+04 -4.3619e+00 +6.4606e-01 -1.7866e+00 +1.4486e+00 +2.0362e+00
80 +7.015895384e+03 +7.015895384e+03 +7.055035384e+03 +7.055035384e+03 -1.1041e+00 -3.6096e+00 -2.0807e+00 -1.0036e+00 +4.7695e+00
117 +8.970628494e+01 +8.970628494e+01 +1.288462849e+02 +1.288462849e+02 -3.8576e+00 -8.5319e-01 -4.6701e+00 -7.2623e-01 +3.1432e+00
218 +5.097217908e+01 +5.097217908e+01 +9.011217908e+01 +9.011217908e+01 -3.5453e+00 -3.1205e+00 -2.5540e+00 +3.5324e+00 +4.8239e+00
681 +2.359096265e+01 +2.359096265e+01 +6.273096265e+01 +6.273096265e+01 -1.3158e+00 -2.1366e+00 -3.8667e+00 +4.0253e+00 +2.5442e+00
1869 +1.239652977e+01 +1.239652977e+01 +5.153652977e+01 +5.153652977e+01 -2.1272e+00 -2.0080e+00 -1.6191e+00 +2.4578e+00 +3.5569e+00
% function evaluation | noise-free fitness - Fopt (-1.186000000000e+01) | best noise-free fitness - Fopt | measured fitness | best measured fitness | x1 | x2...
1 +1.211661094e+06 +1.211661094e+06 +1.211649234e+06 +1.211649234e+06 -2.4911e+00 +4.6440e+00 +1.3673e+00 +4.8061e+00 +3.7726e+00
2 +2.017468941e+05 +2.017468941e+05 +2.017350341e+05 +2.017350341e+05 +6.0755e-01 -8.3127e-01 -2.2106e-01 +3.6827e+00 -1.8107e+00
6 +6.569455730e+04 +6.569455730e+04 +6.568269730e+04 +6.568269730e+04 +4.2807e+00 +8.0418e-01 +4.8915e+00 +1.6008e+00 -3.3195e+00
10 +3.812887494e+03 +3.812887494e+03 +3.801027494e+03 +3.801027494e+03 +4.9930e+00 +3.0445e+00 -1.2036e+00 -2.7804e+00 -4.7119e+00
62 +5.853534329e+02 +5.853534329e+02 +5.734934329e+02 +5.734934329e+02 +4.5632e+00 +1.2456e+00 +5.0171e-02 -3.2664e+00 -2.4734e+00
492 +3.889699487e+02 +3.889699487e+02 +3.771099487e+02 +3.771099487e+02 +3.7852e+00 -3.7579e+00 -4.5227e-01 -3.8114e+00 -1.8847e+00
673 +2.219824205e+01 +2.219824205e+01 +1.033824205e+01 +1.033824205e+01 +3.9522e+00 +2.8665e+00 -1.3999e+00 -4.6871e+00 +1.5093e+00
3830 +1.271609605e+01 +1.271609605e+01 +8.560960532e-01 +8.560960532e-01 +4.0376e+00 +4.3796e+00 -1.5676e+00 -4.1376e+00 +9.2577e-01
% function evaluation | noise-free fitness - Fopt (7.068000000000e+01) | best noise-free fitness - Fopt | measured fitness | best measured fitness | x1 | x2...
1 +5.726252507e+05 +5.726252507e+05 +5.726959307e+05 +5.726959307e+05 +4.6614e+00 +2.5867e+00 -3.9077e+00 -4.7971e+00 -3.9352e+00
2 +5.277745714e+03 +5.277745714e+03 +5.348425714e+03 +5.348425714e+03 -5.2411e-01 +4.9090e+00 -4.2278e+00 +1.7089e+00 +1.7547e+00
10 +9.118189266e+01 +9.118189266e+01 +1.618618927e+02 +1.618618927e+02 -1.9671e+00 +2.6221e+00 -3.2013e+00 +4.2760e+00 +3.7059e+00
617 +3.769615598e+01 +3.769615598e+01 +1.083761560e+02 +1.083761560e+02 +4.3913e-01 +4.1566e+00 -3.3969e+00 +3.3100e+00 +3.0398e+00
2083 +2.365436662e+01 +2.365436662e+01 +9.433436662e+01 +9.433436662e+01 +3.6167e-01 +1.6097e+00 -2.5558e+00 +1.6157e+00 +2.5121e+00
% function evaluation | noise-free fitness - Fopt (-6.260000000000e+00) | best noise-free fitness - Fopt | measured fitness | best measured fitness | x1 | x2...
1 +1.160284905e+05 +1.160284905e+05 +1.160222305e+05 +1.160222305e+05 +2.8854e+00 -3.6798e+00 -3.0472e+00 -8.8991e-01 +3.5786e+00
2 +1.306036517e+02 +1.306036517e+02 +1.243436517e+02 +1.243436517e+02 -3.7273e+00 -4.3690e+00 -1.5952e+00 -2.8300e-01 -4.9828e+00
75 +3.598716278e+01 +3.598716278e+01 +2.972716278e+01 +2.972716278e+01 -1.9261e+00 -2.1640e+00 -1.6239e+00 -1.1624e+00 -2.2828e+00
2100 +1.268803598e+01 +1.268803598e+01 +6.428035977e+00 +6.428035977e+00 -2.0172e+00 -4.4367e+00 -1.4214e+00 -2.4759e+00 +1.1378e+00
% function evaluation | noise-free fitness - Fopt (1.838600000000e+02) | best noise-free fitness - Fopt | measured fitness | best measured fitness | x1 | x2...
1 +1.314554739e+04 +1.314554739e+04 +1.332940739e+04 +1.332940739e+04 -1.9888e+00 +8.3001e-01 -3.7530e+00 +3.1093e+00 +1.3020e+00
2 +3.950288390e+02 +3.950288390e+02 +5.788888390e+02 +5.788888390e+02 +4.9004e+00 -2.2241e+00 -1.4260e+00 -7.8690e-03 -3.1321e+00
25 +1.901052605e+02 +1.901052605e+02 +3.739652605e+02 +3.739652605e+02 +4.7073e+00 -1.5160e+00 -4.3343e+00 +3.7114e+00 -2.1663e+00
29 +5.127119244e+01 +5.127119244e+01 +2.351311924e+02 +2.351311924e+02 +3.9679e+00 -2.4883e+00 +2.4180e-01 -2.7814e+00 -2.6264e-01
886 +2.445534193e+01 +2.445534193e+01 +2.083153419e+02 +2.083153419e+02 +3.4889e+00 -2.7227e+00 +1.3124e+00 -1.6619e+00 +4.3458e-01
