% function evaluation | noise-free fitness - Fopt (-1.000000000000e+03) | best noise-free fitness - Fopt | measured fitness | best measured fitness | x1 | x2...
1 +7.912392409e+01 +7.912392409e+01 -9.208760759e+02 -9.208760759e+02 -1.2248e+00 +4.3846e+00 +3.5554e+00 -3.1330e+00 -3.8739e+00
4 +5.911934797e+01 +5.911934797e+01 -9.408806520e+02 -9.408806520e+02 -3.4817e+00 +3.2121e+00 +1.2427e+00 -2.0396e+00 -2.6882e-01
64 +3.688193496e+01 +3.688193496e+01 -9.631180650e+02 -9.631180650e+02 -3.1937e+00 +4.7276e+00 -2.2320e+00 -3.4475e+00 -2.0550e-01
141 +2.247147975e+01 +2.247147975e+01 -9.775285202e+02 -9.775285202e+02 +2.8148e+00 -1.5093e+00 -1.8052e-01 -2.5720e+00 +3.0426e-01
418 +1.385805357e+01 +1.385805357e+01 -9.861419464e+02 -9.861419464e+02 -1.9898e+00 -3.1268e+00 +3.8465e+00 +2.0985e+00 -3.6255e+00
770 +8.202892898e+00 +8.202892898e+00 -9.917971071e+02 -9.917971071e+02 -3.8895e+00 -2.5273e+00 +3.8549e+00 +7.3404e-01 -4.1258e+00
1345 +5.035412835e+00 +5.035412835e+00 -9.949645872e+02 -9.949645872e+02 +1.0155e+00 -2.5167e-01 +9.2869e-01 +9.0372e-02 -9.6046e-01
2866 +5.670795124e-01 +5.670795124e-01 -9.994329205e+02 -9.994329205e+02 +2.1526e+00 +8.0974e-01 +1.5589e+00 +2.2981e+00 +3.8347e-02
% function evaluation | noise-free fitness - Fopt (1.000000000000e+03) | best noise-free fitness - Fopt | measured fitness | best measured fitness | x1 | x2...
1 +8.068049073e+01 +8.068049073e+01 +1.080680491e+03 +1.080680491e+03 +3.2840e+00 +7.3044e-01 -1.3146e+00 +1.1059e-01 -1.1147e+00
20 +2.935445259e+01 +2.935445259e+01 +1.029354453e+03 +1.029354453e+03 -3.9150e+00 -1.5334e+00 +2.5426e+00 +1.3729e+00 +4.8621e+00
46 +1.770693025e+01 +1.770693025e+01 +1.017706930e+03 +1.017706930e+03 -2.0310e+00 -3.7258e-01 -3.1572e+00 +3.3515e+00 -3.3174e-01
63 +2.622839004e+00 +2.622839004e+00 +1.002622839e+03 +1.002622839e+03 -4.2022e+00 +1.8802e+00 +3.7963e-01 -3.8563e+00 -2.4617e+00
3605 +2.227772574e+00 +2.227772574e+00 +1.002227773e+03 +1.002227773e+03 -8.5988e-01 -3.9312e-02 -2.3976e+00 +4.2069e+00 +1.1329e+00
% function evaluation | noise-free fitness - Fopt (-4.913000000000e+01) | best noise-free fitness - Fopt | measured fitness | best measured fitness | x1 | x2...
1 +6.725023058e+01 +6.725023058e+01 +1.812023058e+01 +1.812023058e+01 -1.5710e+00 -1.8071e+00 +4.7858e+00 +3.2966e-01 +3.0113e+00
3 +6.260026284e+01 +6.260026284e+01 +1.347026284e+01 +1.347026284e+01 +2.9950e-01 -4.5788e-01 -1.1547e+00 -3.6452e+00 -2.3773e-02
42 +2.095302438e+01 +2.095302438e+01 -2.817697562e+01 -2.817697562e+01 -3.2170e+00 +3.5127e+00 +2.8682e+00 +1.6361e+00 +4.6935e+00
72 +7.328847756e+00 +7.328847756e+00 -4.180115224e+01 -4.180115224e+01 +9.1158e-01 -1.4745e+00 +2.0525e+00 +1.5413e+00 +2.3303e-01
2071 +2.122997821e+00 +2.122997821e+00 -4.700700218e+01 -4.700700218e+01 +2.0095e+00 -1.8426e+00 +1.9115e+00 +1.2474e+00 +9.7996e-01
% function evaluation | noise-free fitness - Fopt (2.977300000000e+02) | best noise-free fitness - Fopt | measured fitness | best measured fitness | x1 | x2...
1 +8.271716252e+01 +8.271716252e+01 +3.804471625e+02 +3.804471625e+02 -9.7280e-01 -3.8282e+00 -4.0728e+00 -5.0805e-01 +7.4579e-01
2 +3.989449934e+01 +3.989449934e+01 +3.376244993e+02 +3.376244993e+02 -4.1565e+00 -3.7459e-01 -2.6190e-01 +3.7397e-01 -2.5868e-01
40 +2.628975977e+01 +2.628975977e+01 +3.240197598e+02 +3.240197598e+02 -2.8986e+00 +2.1077e+00 +1.5677e+00 +3.0145e+00 -2.2286e+00
102 +2.262399855e+01 +2.262399855e+01 +3.203539985e+02 +3.203539985e+02 -1.0866e+00 -2.0937e+00 +1.5949e+00 -9.6779e-01 +2.0369e+00
154 +1.476195828e+01 +1.476195828e+01 +3.124919583e+02 +3.124919583e+02 +4.7859e+00 -3.3988e+00 +8.6546e-01 -4.2171e+00 -1.6076e+00
242 +9.181733646e+00 +9.181733646e+00 +3.069117336e+02 +3.069117336e+02 +1.3177e+00 -3.4268e+00 +2.1554e+00 -3.7622e+00 +1.5267e-01
700 +2.791310478e+00 +2.791310478e+00 +3.005213105e+02 +3.005213105e+02 +1.8667e+00 +1.6057e+00 +2.5642e+00 +2.1475e+00 -1.8974e-01
998 +2.218522457e+00 +2.218522457e+00 +2.999485225e+02 +2.999485225e+02 +1.3802e+00 +3.7104e+00 +3.5951e+00 -2.9739e+00 -2.6907e-01
% function evaluation | noise-free fitness - Fopt (5.157000000000e+01) | best noise-free fitness - Fopt | measured fitness | best measured fitness | x1 | x2...
1 +8.467962364e+01 +8.467962364e+01 +1.362496236e+02 +1.362496236e+02 -7.2179e-01 -4.7815e+00 -4.6625e+00 +2.3793e+00 +2.2126e+00
13 +5.856473105e+01 +5.856473105e+01 +1.101347311e+02 +1.101347311e+02 -1.8698e+00 +3.8463e+00 -2.9441e+00 +2.3310e+00 -5.5326e-01
33 +3.549518052e+01 +3.549518052e+01 +8.706518052e+01 +8.706518052e+01 +4.7688e+00 +8.9106e-01 -4.6502e+00 -1.0995e+00 +1.4894e+00
119 +1.516823831e+01 +1.516823831e+01 +6.673823831e+01 +6.673823831e+01 -9.1947e-01 -2.0064e+00 +8.6007e-01 -4.1417e+00 +1.5188e+00
259 +9.141035075e+00 +9.141035075e+00 +6.071103508e+01 +6.071103508e+01 -1.5478e+00 -3.4663e+00 -2.4167e-01 -3.6194e+00 -7.6797e-01
942 +6.213756793e+00 +6.213756793e+00 +5.778375679e+01 +5.778375679e+01 -4.8176e-01 +3.3460e+00 -4.6282e+00 -4.2051e+00 +3.0238e+00
2057 +2.055894377e+00 +2.055894377e+00 +5.362589438e+01 +5.362589438e+01 +1.8223e+00 +8.8818e-01 -2.6013e+00 -2.3577e+00 +1.4125e+00
% function evaluation | noise-free fitness - Fopt (3.943000000000e+01) | best noise-free fitness - Fopt | measured fitness | best measured fitness | x1 | x2...
1 +8.419504305e+01 +8.419504305e+01 +1.236250431e+02 +1.236250431e+02 -3.1310e+00 +4.3910e+00 -2.5197e-01 -1.1870e+00 -1.0371e+00
5 +3.629698383e+01 +3.629698383e+01 +7.572698383e+01 +7.572698383e+01 -4.4730e+00 +3.1082e+00 -4.0761e+00 -3.8356e+00 -2.5239e+00
17 +2.462183633e+01 +2.462183633e+01 +6.405183633e+01 +6.405183633e+01 +2.3728e+00 +2.2747e+00 +3.1537e-02 +6.5303e-01 -2.7094e+00
19 +1.298727418e+01 +1.298727418e+01 +5.241727418e+01 +5.241727418e+01 +3.4134e-01 +1.0287e+00 -2.9507e+00 -2.5909e+00 +1.6666e+00
156 +9.205618439e+00 +9.205618439e+00 +4.863561844e+01 +4.863561844e+01 +7.1015e-01 +1.5016e+00 -5.4339e-02 -6.0139e-01 -2.6043e+00
2261 +3.413099274e+00 +3.413099274e+00 +4.284309927e+01 +4.284309927e+01 +1.4752e+00 +1.9941e+00 -2.1299e+00 -1.0317e+00 +2.7256e+00
3954 +1.434664010e+00 +1.434664010e+00 +4.086466401e+01 +4.086466401e+01 +1.5943e+00 +2.8892e+00 -1.3501e+00 -8.5356e-01 +3.1981e+00
% function evaluation | noise-free fitness - Fopt (1.322900000000e+02) | best noise-free fitness - Fopt | measured fitness | best measured fitness | x1 | x2...
1 +7.727484142e+01 +7.727484142e+01 +2.095648414e+02 +2.095648414e+02 +1.6482e-01 +2.8438e+00 -7.0881e-01 -4.1649e+00 +3.3300e+00
8 +6.306908173e+01 +6.306908173e+01 +1.953590817e+02 +1.953590817e+02 -1.2027e+00 -4.5441e+00 +9.2929e-01 -4.2084e+00 +5.1160e-01
11 +3.418344164e+01 +3.418344164e+01 +1.664734416e+02 +1.664734416e+02 +2.7110e+00 +4.8191e-01 +2.6651e-01 +8.7459e-01 -4.7082e+00
16 +2.304423275e+01 +2.304423275e+01 +1.553342328e+02 +1.553342328e+02 -3.4472e+00 +3.6434e+00 -1.1880e+00 -1.0419e+00 +2.8884e+00
63 +1.378508661e+01 +1.378508661e+01 +1.460750866e+02 +1.460750866e+02 -2.3721e+00 +3.0174e+00 -1.5245e+00 +3.5012e-01 -4.4180e+00
276 +9.930051933e+00 +9.930051933e+00 +1.422200519e+02 +1.422200519e+02 -2.0677e+00 +3.1163e+00 -9.7021e-01 -2.5817e+00 +4.7285e+00
542 +3.816886341e+00 +3.816886341e+00 +1.361068863e+02 +1.361068863e+02 +2.9728e+00 -3.4275e+00 -9.5074e-01 -2.6295e+00 +4.5076e+00
1329 +4.357367434e-01 +4.357367434e-01 +1.327257367e+02 +1.327257367e+02 -2.3906e+00 -4.8124e-01 -1.8300e+00 -4.5274e-01 -3.5940e+00
% function evaluation | noise-free fitness - Fopt (-4.871000000000e+01) | best noise-free fitness - Fopt | measured fitness | best measured fitness | x1 | x2...
1 +7.076936118e+01 +7.076936118e+01 +2.205936118e+01 +2.205936118e+01 -1.8360e+00 -3.7982e-01 -3.9435e+00 -4.2191e+00 +2.9157e+00
8 +2.627708981e+01 +2.627708981e+01 -2.243291019e+01 -2.243291019e+01 +3.8127e+00 -8.9911e-01 +3.4994e-01 -4.5156e-01 +2.6462e+00
68 +9.390805400e+00 +9.390805400e+00 -3.931919460e+01 -3.931919460e+01 +4.2569e+00 -7.5107e-01 +2.6906e+00 -5.2371e-01 +4.5396e+00
417 +1.422487329e+00 +1.422487329e+00 -4.728751267e+01 -4.728751267e+01 +3.0107e+00 +4.6342e+00 +4.9152e-01 +3.1925e+00 -2.3702e+00
% function evaluation | noise-free fitness - Fopt (-2.833000000000e+01) | best noise-free fitness - Fopt | measured fitness | best measured fitness | x1 | x2...
1 +8.426106846e+01 +8.426106846e+01 +5.593106846e+01 +5.593106846e+01 -2.5105e+00 -4.5497e+00 -2.6757e+00 -4.1386e+00 +4.5407e+00
9 +5.895697714e+01 +5.895697714e+01 +3.062697714e+01 +3.062697714e+01 +4.7844e+00 -1.1843e+00 +1.7989e+00 -3.7009e+00 -3.2175e-01
19 +2.958208908e+01 +2.958208908e+01 +1.252089084e+00 +1.252089084e+00 -2.1961e+00 +3.3470e+00 +3.6656e+00 -6.5723e-01 -4.9080e-01
47 +1.726748189e+01 +1.726748189e+01 -1.106251811e+01 -1.106251811e+01 +3.3865e+00 +3.9931e+00 -9.8804e-01 +1.5347e+00 -2.5551e+00
228 +2.244184919e+00 +2.244184919e+00 -2.608581508e+01 -2.608581508e+01 +3.4840e+00 +5.8334e-01 +9.2270e-01 +6.4539e-02 +2.3048e+00
4806 +1.096819157e+00 +1.096819157e+00 -2.723318084e+01 -2.723318084e+01 +9.0114e-01 -7.0288e-01 +3.7719e+00 -4.0249e+00 +2.7592e+00
% function evaluation | noise-free fitness - Fopt (-1.516100000000e+02) | best noise-free fitness - Fopt | measured fitness | best measured fitness | x1 | x2...
1 +7.818913638e+01 +7.818913638e+01 -7.342086362e+01 -7.342086362e+01 -4.5784e+00 -1.0590e+00 -4.3497e+00 -2.2164e+00 -1.4040e+00
22 +5.008343032e+01 +5.008343032e+01 -1.015265697e+02 -1.015265697e+02 -2.4704e+00 +1.4889e+00 -1.6780e+00 +3.9171e+00 -4.1666e+00
43 +3.427762270e+01 +3.427762270e+01 -1.173323773e+02 -1.173323773e+02 -1.2651e+00 +2.1329e+00 +1.8037e+00 +3.9309e-01 -8.4074e-01
130 +1.103299521e+01 +1.103299521e+01 -1.405770048e+02 -1.405770048e+02 -3.3728e+00 +2.6743e+00 +1.3763e+00 +2.6090e+00 -5.9785e-01
378 +6.796548292e+00 +6.796548292e+00 -1.448134517e+02 -1.448134517e+02 -6.0059e-01 +2.3353e+00 +2.3795e+00 +1.1378e+00 +3.2686e-01
1706 +4.690072045e+00 +4.690072045e+00 -1.469199280e+02 -1.469199280e+02 +7.8261e-01 -3.6534e+00 -4.8151e+00 +4.9529e+00 +2.3945e+00
4037 +3.403508991e+00 +3.403508991e+00 -1.482064910e+02 -1.482064910e+02 +6.6787e-01 +1.4485e+00 +1.1341e+00 -1.3079e+00 -2.7257e+00
% function evaluation | noise-free fitness - Fopt (-1.069900000000e+02) | best noise-free fitness - Fopt | measured fitness | best measured fitness | x1 | x2...
1 +7.763066566e+01 +7.763066566e+01 -2.935933434e+01 -2.935933434e+01 -2.2408e+00 +2.3665e+00 -4.9482e+00 +1.9632e+00 +2.7633e+00
4 +5.176655715e+01 +5.176655715e+01 -5.522344285e+01 -5.522344285e+01 -2.8841e+00 +2.1858e+00 +2.9124e+00 -7.3164e-01 +3.4258e+00
67 +3.246871057e+01 +3.246871057e+01 -7.452128943e+01 -7.452128943e+01 +3.2962e+00 -2.1536e+00 +3.2266e-01 +2.3171e+00 -3.6155e+00
116 +1.847866961e+01 +1.847866961e+01 -8.851133039e+01 -8.851133039e+01 +2.0005e+00 +1.9699e+00 +1.3929e+00 -4.0909e+00 +1.1843e+00
298 +1.479056547e+01 +1.479056547e+01 -9.219943453e+01 -9.219943453e+01 -8.9975e-01 -3.0844e+00 +2.7624e+00 +3.5827e+00 +9.8096e-01
740 +6.125246567e+00 +6.125246567e+00 -1.008647534e+02 -1.008647534e+02 -3.1414e+00 +3.8609e+00 +2.2763e+00 -2.3723e-01 +4.0938e+00
883 +3.932637188e+00 +3.932637188e+00 -1.030573628e+02 -1.030573628e+02 -2.7352e+00 -1.7931e+00 -1.7901e+00 +3.5880e+00 +8.3531e-02
1185 +2.057327988e+00 +2.057327988e+00 -1.049326720e+02 -1.049326720e+02 +4.3514e+00 +3.2606e+00 -1.0341e+00 -3.1826e+00 -2.2460e+00
% function evaluation | noise-free fitness - Fopt (1.000300000000e+02) | best noise-free fitness - Fopt | measured fitness | best measured fitness | x1 | x2...
1 +7.743587334e+01 +7.743587334e+01 +1.774658733e+02 +1.774658733e+02 +4.2074e+00 -4.5498e-02 -2.0973e+00 -2.0438e-01 +4.1995e+00
3 +4.153534881e+01 +4.153534881e+01 +1.415653488e+02 +1.415653488e+02 +4.5512e+00 -2.0186e+00 +4.3844e+00 +3.4645e+00 -2.7103e+00
25 +3.168470379e+01 +3.168470379e+01 +1.317147038e+02 +1.317147038e+02 +4.6852e+00 +1.7272e+00 -2.7030e+00 +2.4469e+00 -3.1157e+00
104 +2.284471275e+01 +2.284471275e+01 +1.228747128e+02 +1.228747128e+02 +1.5105e+00 +2.8298e+00 -1.9778e+00 +2.0933e-01 -1.6934e+00
588 +1.163357675e+01 +1.163357675e+01 +1.116635767e+02 +1.116635767e+02 +4.3776e+00 -4.4937e-01 -1.4340e+00 +4.5859e-01 +3.0914e+00
955 +5.025656726e+00 +5.025656726e+00 +1.050556567e+02 +1.050556567e+02 -4.9592e+00 -4.5229e+00 +1.1136e+00 +2.8250e+00 +9.5654e-01
4646 +3.629617132e+00 +3.629617132e+00 +1.036596171e+02 +1.036596171e+02 -4.6141e-01 -2.2005e-01 +6.9112e-01 +1.5647e+00 -3.1824e+00
% function evaluation | noise-free fitness - Fopt (-2.788900000000e+02) | best noise-free fitness - Fopt | measured fitness | best measured fitness | x1 | x2...
1 +6.420723742e+01 +6.420723742e+01 -2.146827626e+02 -2.146827626e+02 -4.5003e+00 +2.2589e+00 +4.5175e+00 -3.8074e+00 -9.2120e-02
6 +4.643997182e+01 +4.643997182e+01 -2.324500282e+02 -2.324500282e+02 -1.0496e-01 -4.2992e+00 -1.0586e+00 +4.7592e-01 +1.4947e+00
20 +1.924133417e+01 +1.924133417e+01 -2.596486658e+02 -2.596486658e+02 -5.1478e-01 +1.6314e+00 +2.8054e+00 -2.1986e+00 -2.3424e+00
159 +1.147569707e+01 +1.147569707e+01 -2.674143029e+02 -2.674143029e+02 -2.6411e+00 +2.5258e+00 +2.6226e+00 -1.9072e+00 -3.3650e+00
525 +9.626388876e+00 +9.626388876e+00 -2.692636111e+02 -2.692636111e+02 -1.1691e+00 -4.3894e+00 -9.1207e-02 -2.9678e+00 +3.5012e-01
% function evaluation | noise-free fitness - Fopt (5.142200000000e+02) | best noise-free fitness - Fopt | measured fitness | best measured fitness | x1 | x2...
1 +5.423388820e+01 +5.423388820e+01 +5.684538882e+02 +5.684538882e+02 +3.0165e+00 -2.4072e+00 +1.8767e+00 -2.3487e-01 +2.4664e+00
15 +3.698597202e+01 +3.698597202e+01 +5.512059720e+02 +5.512059720e+02 +3.6029e+00 -3.4059e+00 -4.3481e-01 +2.2511e+00 +1.8861e+00
144 +2.080541417e+01 +2.080541417e+01 +5.350254142e+02 +5.350254142e+02 -4.5351e+00 -4.8510e+00 +1.3426e+00 +1.5915e+00 -5.1296e-01
476 +1.258283895e+01 +1.258283895e+01 +5.268028390e+02 +5.268028390e+02 +2.3336e-01 -4.8605e+00 -4.7331e+00 -3.6280e+00 -3.4775e+00
905 +9.492323462e+00 +9.492323462e+00 +5.237123235e+02 +5.237123235e+02 +2.2546e+00 +3.1375e-01 -3.4625e+00 -4.7865e+00 +4.8504e+00
3080 +6.220453858e+00 +6.220453858e+00 +5.204404539e+02 +5.204404539e+02 -2.2742e-01 +7.8039e-01 -4.9726e+00 -4.1465e+00 +2.0956e+00
3921 +1.329652868e+00 +1.329652868e+00 +5.155496529e+02 +5.155496529e+02 -1.5325e+00 -1.1320e+00 -2.3946e+00 -2.1576e+00 -3.9311e+00
% function evaluation | noise-free fitness - Fopt (6.098800000000e+02) | best noise-free fitness - Fopt | measured fitness | best measured fitness | x1 | x2...
1 +8.304986591e+01 +8.304986591e+01 +6.929298659e+02 +6.929298659e+02 -1.9808e+00 +4.5180e+00 -3.2777e+00 +1.6205e+00 -4.2258e+00
11 +6.004206634e+01 +6.004206634e+01 +6.699220663e+02 +6.699220663e+02 -2.2460e+00 -4.0776e+00 -2.7743e+00 -3.7363e+00 +1.3096e+00
70 +3.540469271e+01 +3.540469271e+01 +6.452846927e+02 +6.452846927e+02 -3.7859e+00 +3.3461e-01 +2.2227e+00 -3.9587e+00 -2.2912e+00
211 +5.151993610e+00 +5.151993610e+00 +6.150319936e+02 +6.150319936e+02 -4.6330e+00 -1.4842e+00 -4.2544e+00 -3.4719e+00 +3.3244e+00
300 +2.687409601e+00 +2.687409601e+00 +6.125674096e+02 +6.125674096e+02 -2.4901e+00 -4.0149e+00 +2.3732e+00 -2.3871e+00 -1.8137e+00
1500 +7.533001395e-01 +7.533001395e-01 +6.106333001e+02 +6.106333001e+02 +2.3797e+00 -4.3600e+00 +2.3650e+00 -1.9866e+00 -5.3950e-01
