% function evaluation | noise-free fitness - Fopt (-1.000000000000e+03) | best noise-free fitness - Fopt | measured fitness | best measured fitness | x1 | x2...
1 +8.365468705e+01 +8.365468705e+01 -9.163453129e+02 -9.163453129e+02 -2.8555e+00 -1.0702e-01 -4.5803e+00 -4.3611e+00 -1.0277e+00 +3.7186e+00 +1.9680e+00 +1.0597e+00 -3.7938e+00 -1.5256e+00
237 +6.255951293e+01 +6.255951293e+01 -9.374404871e+02 -9.374404871e+02 +4.7699e+00 -4.9749e+00 +2.8677e+00 -1.1534e+00 +3.9401e+00 -3.6174e-01 +1.7184e+00 +3.0925e+00 -3.3783e+00 +3.4383e+00
779 +2.164495245e+01 +2.164495245e+01 -9.783550476e+02 -9.783550476e+02 +1.4489e+00 +4.3438e+00 +4.4197e+00 -2.3124e+00 -1.2135e+00 -3.3456e+00 -2.8469e+00 -3.0098e+00 +3.6859e+00 -1.7130e+00
% function evaluation | noise-free fitness - Fopt (1.000000000000e+03) | best noise-free fitness - Fopt | measured fitness | best measured fitness | x1 | x2...
1 +8.466218896e+01 +8.466218896e+01 +1.084662189e+03 +1.084662189e+03 +3.9281e+00 +3.0944e+00 -1.7185e+00 +4.3586e+00 -1.9958e+00 +4.3442e+00 +1.8435e+00 -4.8019e+00 +9.3477e-02 +4.0200e+00
247 +5.686452453e+01 +5.686452453e+01 +1.056864525e+03 +1.056864525e+03 +2.1232e-02 +6.7392e-01 -2.8926e+00 +3.0285e+00 -1.1375e+00 +4.6676e+00 -8.8406e-01 -2.5672e+00 -2.5543e+00 +3.8159e+00
371 +3.509744959e+01 +3.509744959e+01 +1.035097450e+03 +1.035097450e+03 +1.6403e-02 -4.6450e+00 +3.7530e+00 -2.8582e-01 -7.0223e-01 +2.6595e+00 +3.0626e-01 +2.3349e+00 +1.9187e+00 -1.5882e+00
2059 +2.494395328e+01 +2.494395328e+01 +1.024943953e+03 +1.024943953e+03 -8.0104e-02 -4.6148e+00 +1.5806e+00 +9.1419e-01 -5.5638e-02 +8.1252e-01 +2.1562e+00 +3.3438e+00 +2.2528e+00 -3.5050e+00
% function evaluation | noise-free fitness - Fopt (-4.913000000000e+01) | best noise-free fitness - Fopt | measured fitness | best measured fitness | x1 | x2...
1 +8.649563000e+01 +8.649563000e+01 +3.736563000e+01 +3.736563000e+01 -4.4049e+00 -5.1829e-02 +4.0690e+00 +3.9035e+00 -2.9183e+00 -1.8972e+00 +3.2011e+00 +1.2980e-01 -3.4193e+00 -3.1542e+00
188 +5.794837682e+01 +5.794837682e+01 +8.818376822e+00 +8.818376822e+00 -3.4060e+00 +1.9058e+00 -4.1129e+00 -8.9414e-01 +1.6337e+00 -2.6797e+00 -2.3299e+00 +2.0344e+00 +3.8473e+00 -3.2794e+00
1507 +2.334161625e+01 +2.334161625e+01 -2.578838375e+01 -2.578838375e+01 +3.1369e+00 -3.1583e+00 -2.4276e+00 +1.1725e+00 +1.2327e-02 -8.5333e-01 -3.8000e+00 -9.2770e-01 -3.3549e+00 +2.2905e+00
% function evaluation | noise-free fitness - Fopt (2.977300000000e+02) | best noise-free fitness - Fopt | measured fitness | best measured fitness | x1 | x2...
1 +8.645762390e+01 +8.645762390e+01 +3.841876239e+02 +3.841876239e+02 -1.1255e+00 -4.7644e+00 +8.1282e-01 -4.9261e+00 -5.1022e-01 +2.7127e+00 +2.8015e+00 +1.0040e+00 +1.2588e+00 -1.1760e+00
39 +5.863569168e+01 +5.863569168e+01 +3.563656917e+02 +3.563656917e+02 +2.3389e+00 -8.5902e-01 -3.1944e-01 +1.2754e+00 -2.9761e+00 -2.7713e+00 +1.4671e+00 +3.1222e+00 -1.1775e+00 -1.0090e-01
1242 +3.816014683e+01 +3.816014683e+01 +3.358901468e+02 +3.358901468e+02 -4.3506e+00 +3.4836e+00 +2.5906e+00 -1.8906e-01 +3.4613e-01 +9.6164e-02 -3.5723e+00 -4.9656e+00 +1.5592e+00 +2.7246e+00
2595 +2.047341679e+01 +2.047341679e+01 +3.182034168e+02 +3.182034168e+02 +1.9035e+00 +1.6260e+00 +3.9832e-01 +1.6831e+00 -7.1238e-01 -5.1959e-01 +2.3972e+00 +3.0907e+00 +2.3279e+00 +3.1105e+00
% function evaluation | noise-free fitness - Fopt (5.157000000000e+01) | best noise-free fitness - Fopt | measured fitness | best measured fitness | x1 | x2...
1 +8.385129783e+01 +8.385129783e+01 +1.354212978e+02 +1.354212978e+02 -2.5355e+00 +1.8629e-01 -6.4624e-01 +2.7135e+00 -2.3951e+00 -7.1950e-03 -2.3424e+00 +2.2400e+00 -2.2243e+00 -3.0329e+00
424 +5.205881919e+01 +5.205881919e+01 +1.036288192e+02 +1.036288192e+02 -2.2799e+00 +1.0471e+00 -3.3252e+00 +7.3167e-02 +9.5991e-01 +2.5538e-01 +3.9986e-01 -2.0964e+00 -1.6807e-01 +4.1608e+00
% function evaluation | noise-free fitness - Fopt (3.943000000000e+01) | best noise-free fitness - Fopt | measured fitness | best measured fitness | x1 | x2...
1 +8.649480975e+01 +8.649480975e+01 +1.259248098e+02 +1.259248098e+02 -3.9977e+00 +4.1386e+00 +3.6501e+00 -1.1729e+00 +4.1090e+00 +4.2812e+00 -4.4417e+00 +1.5964e+00 -4.8133e+00 +3.1037e+00
293 +6.147188095e+01 +6.147188095e+01 +1.009018810e+02 +1.009018810e+02 -2.0167e-01 +7.5326e-01 -1.0769e+00 -4.6424e-02 +3.5658e+00 +1.9625e+00 +4.2789e-01 -2.1941e+00 -1.0177e+00 -1.0492e+00
1297 +2.846483023e+01 +2.846483023e+01 +6.789483023e+01 +6.789483023e+01 +1.8486e+00 +2.6869e+00 -2.8316e+00 +4.5365e+00 -5.9227e-01 -3.7158e+00 +2.8794e+00 +1.5487e+00 -2.3929e+00 -2.0210e+00
% function evaluation | noise-free fitness - Fopt (1.322900000000e+02) | best noise-free fitness - Fopt | measured fitness | best measured fitness | x1 | x2...
1 +8.491156101e+01 +8.491156101e+01 +2.172015610e+02 +2.172015610e+02 +4.1038e+00 +3.9946e+00 -1.4551e+00 -4.8458e+00 -4.0185e+00 -5.4678e-01 +2.3479e+00 -1.3788e+00 +6.6166e-01 +1.9704e+00
106 +5.539882815e+01 +5.539882815e+01 +1.876888282e+02 +1.876888282e+02 -2.7316e+00 -8.8174e-01 -3.4887e+00 +4.2864e+00 +2.4342e+00 +3.4308e+00 +1.9791e+00 -1.6885e+00 -2.7671e+00 +4.1527e+00
404 +3.826815553e+01 +3.826815553e+01 +1.705581555e+02 +1.705581555e+02 -2.2143e+00 -3.5843e+00 +3.5043e+00 +3.2022e-01 +3.3915e-01 +3.5440e+00 +4.2388e+00 +2.8295e+00 -4.4049e+00 -1.8814e-01
1484 +1.619111751e+01 +1.619111751e+01 +1.484811175e+02 +1.484811175e+02 -9.1807e-01 -2.9771e+00 -1.7665e+00 -2.1380e+00 -1.5643e+00 -2.3339e+00 -4.1272e+00 -3.4322e+00 -1.0505e+00 -1.3356e+00
% function evaluation | noise-free fitness - Fopt (-4.871000000000e+01) | best noise-free fitness - Fopt | measured fitness | best measured fitness | x1 | x2...
1 +8.645790043e+01 +8.645790043e+01 +3.774790043e+01 +3.774790043e+01 -3.9991e+00 -4.4196e+00 -1.6750e+00 -9.7983e-02 +1.9805e+00 -2.0907e+00 +4.2760e+00 -4.5828e+00 -4.2954e+00 -4.0949e+00
172 +6.086233799e+01 +6.086233799e+01 +1.215233799e+01 +1.215233799e+01 -4.2988e-01 -1.3548e+00 +4.6874e-01 -1.1384e+00 +3.5976e+00 -9.5652e-01 -3.3654e+00 +2.9994e-01 -2.8300e-01 -8.8170e-01
3985 +3.799464478e+01 +3.799464478e+01 -1.071535522e+01 -1.071535522e+01 +4.4108e+00 +3.3829e+00 +1.7074e+00 +4.8228e+00 +5.8772e-01 -1.8733e+00 +1.5884e+00 -9.7160e-01 +3.0955e+00 -1.7506e+00
% function evaluation | noise-free fitness - Fopt (-2.833000000000e+01) | best noise-free fitness - Fopt | measured fitness | best measured fitness | x1 | x2...
1 +8.570077980e+01 +8.570077980e+01 +5.737077980e+01 +5.737077980e+01 -4.7991e+00 -4.1370e+00 +9.7255e-02 -6.5515e-01 +1.3150e+00 -2.7252e+00 -1.0349e+00 +4.7398e+00 +2.3300e+00 +2.1279e+00
348 +3.056429765e+01 +3.056429765e+01 +2.234297650e+00 +2.234297650e+00 -2.2014e-01 -2.0465e+00 -8.4328e-01 -4.6641e+00 +1.0257e+00 -2.8346e+00 -2.1370e+00 -6.0328e-03 +1.5260e+00 -3.9697e+00
4142 +2.192079435e+01 +2.192079435e+01 -6.409205650e+00 -6.409205650e+00 -3.5584e+00 +2.5342e+00 +4.0665e+00 -1.1765e-01 +7.3587e-01 +2.3230e+00 +1.7621e+00 -4.6354e+00 -3.8011e+00 -1.8380e+00
% function evaluation | noise-free fitness - Fopt (-1.516100000000e+02) | best noise-free fitness - Fopt | measured fitness | best measured fitness | x1 | x2...
1 +8.249456302e+01 +8.249456302e+01 -6.911543698e+01 -6.911543698e+01 -2.7639e+00 +3.6952e+00 +1.4490e+00 -1.7863e+00 +2.5126e+00 -2.8255e+00 -3.3671e+00 +1.9167e+00 -3.2053e-01 -1.6469e+00
28 +5.789367316e+01 +5.789367316e+01 -9.371632684e+01 -9.371632684e+01 -4.2504e+00 +4.4753e+00 +3.0623e+00 +2.9932e+00 +2.1306e+00 +3.4761e+00 -9.6425e-01 +1.1968e-01 +2.4037e+00 +2.5084e+00
1284 +8.726912678e+00 +8.726912678e+00 -1.428830873e+02 -1.428830873e+02 -2.0313e+00 +2.9240e+00 +2.5889e+00 +1.8855e-01 -3.4441e+00 -2.0266e+00 -3.5851e+00 +2.1160e+00 +1.8487e+00 -4.2666e+00
% function evaluation | noise-free fitness - Fopt (-1.069900000000e+02) | best noise-free fitness - Fopt | measured fitness | best measured fitness | x1 | x2...
1 +8.450933251e+01 +8.450933251e+01 -2.248066749e+01 -2.248066749e+01 +5.3026e-01 -2.4342e+00 +8.4736e-01 -4.5045e+00 -1.7105e+00 +2.9984e+00 +6.9130e-01 -6.2428e-01 +3.4164e+00 +4.0070e+00
65 +5.887793836e+01 +5.887793836e+01 -4.811206164e+01 -4.811206164e+01 -1.1563e+00 -1.7096e+00 +2.6944e+00 -4.0122e+00 -1.0214e+00 +3.8613e+00 +4.7452e+00 -5.7461e-02 +2.8605e+00 -3.2298e+00
1052 +3.492957303e+01 +3.492957303e+01 -7.206042697e+01 -7.206042697e+01 -7.1526e-02 -3.1412e+00 -5.5524e-01 +2.8800e+00 -1.2256e+00 -4.7304e+00 -5.1658e-01 -4.1323e+00 +3.5495e+00 +2.9860e+00
% function evaluation | noise-free fitness - Fopt (1.000300000000e+02) | best noise-free fitness - Fopt | measured fitness | best measured fitness | x1 | x2...
1 +8.617830866e+01 +8.617830866e+01 +1.862083087e+02 +1.862083087e+02 +6.1390e-01 -4.4612e+00 +2.4241e+00 -3.5888e+00 +4.1791e+00 -7.2451e-01 -2.6683e-01 +2.9890e+00 -4.8034e+00 +4.8832e+00
2 +5.431242809e+01 +5.431242809e+01 +1.543424281e+02 +1.543424281e+02 -4.1518e+00 +3.0391e-01 +2.0115e+00 +3.0565e+00 +3.8054e+00 -3.1707e+00 +2.0615e+00 +3.0238e+00 +7.1503e-01 +4.6417e+00
1955 +2.935641835e+01 +2.935641835e+01 +1.293864184e+02 +1.293864184e+02 -2.6677e+00 -1.6280e+00 -1.1912e+00 +4.0676e+00 -2.0951e+00 +3.0862e+00 -2.3153e+00 -3.8507e+00 +1.2102e+00 +2.7538e+00
% function evaluation | noise-free fitness - Fopt (-2.788900000000e+02) | best noise-free fitness - Fopt | measured fitness | best measured fitness | x1 | x2...
1 +7.898306892e+01 +7.898306892e+01 -1.999069311e+02 -1.999069311e+02 +3.3539e+00 -4.0260e-01 -4.3713e+00 +2.8373e+00 +1.2988e+00 +1.5655e+00 -2.6898e+00 +1.9794e+00 +3.4290e+00 +1.3557e+00
50 +6.062309348e+01 +6.062309348e+01 -2.182669065e+02 -2.182669065e+02 -2.8945e+00 +7.6580e-01 +1.3765e-01 +2.0117e+00 -2.5023e-01 +3.2150e+00 -1.1352e+00 -2.8353e+00 +1.3357e+00 -3.1884e+00
1949 +3.872714282e+01 +3.872714282e+01 -2.401628572e+02 -2.401628572e+02 -1.0685e+00 -4.0310e+00 +4.4978e+00 -3.0338e+00 -2.3030e+00 -4.3068e+00 -4.4259e+00 -2.5310e+00 +3.3884e+00 +3.9537e+00
% function evaluation | noise-free fitness - Fopt (5.142200000000e+02) | best noise-free fitness - Fopt | measured fitness | best measured fitness | x1 | x2...
1 +8.569166771e+01 +8.569166771e+01 +5.999116677e+02 +5.999116677e+02 +3.9516e+00 -1.5967e+00 -2.9027e+00 +2.0534e+00 -1.3563e+00 +1.4936e+00 +2.7623e+00 -1.0293e+00 -2.2623e+00 -2.2361e+00
68 +3.664657091e+01 +3.664657091e+01 +5.508665709e+02 +5.508665709e+02 -1.1015e+00 -3.0808e+00 -2.4928e+00 -3.6414e+00 -5.7533e-01 -2.8350e-01 +3.6080e+00 -4.8123e+00 -1.0992e+00 -1.3686e+00
% function evaluation | noise-free fitness - Fopt (6.098800000000e+02) | best noise-free fitness - Fopt | measured fitness | best measured fitness | x1 | x2...
1 +8.149474695e+01 +8.149474695e+01 +6.913747469e+02 +6.913747469e+02 -8.2986e-01 +5.5606e-01 +2.0867e+00 -3.6486e+00 +3.9618e-01 +1.6001e+00 -1.5627e+00 -7.0873e-01 -1.5087e+00 +3.8474e+00
141 +6.113246298e+01 +6.113246298e+01 +6.710124630e+02 +6.710124630e+02 -2.3655e+00 +4.6023e+00 -2.4803e+00 +6.4590e-01 -4.3419e+00 +2.1017e+00 +3.8596e+00 -2.4100e+00 +4.1772e+00 -6.8986e-01
1621 +3.302101897e+01 +3.302101897e+01 +6.429010190e+02 +6.429010190e+02 +1.3629e+00 +1.8458e-01 -1.7595e-01 -3.1954e+00 -1.9098e+00 -3.2015e+00 -3.8545e+00 -4.4133e+00 +3.5499e+00 +1.6337e-01
3578 +1.992606521e+01 +1.992606521e+01 +6.298060652e+02 +6.298060652e+02 -3.7938e+00 -4.3930e-01 -6.3138e-01 -4.5605e+00 -3.9475e+00 -4.1795e+00 -3.8998e+00 -2.8908e+00 +1.5471e-01 +2.3975e-01
