% function evaluation | noise-free fitness - Fopt (1.238300000000e+02) | best noise-free fitness - Fopt | measured fitness | best measured fitness | x1 | x2...
1 +2.755806671e+05 +2.755806671e+05 +2.757044971e+05 +2.757044971e+05 -9.3942e-01 +8.7185e-01 +4.2925e+00 +4.8952e+00 -3.9951e+00 +1.8456e+00 -3.4428e+00 +4.8880e+00 +2.2349e+00 +3.7970e+00
2 +2.651972680e+04 +2.651972680e+04 +2.664355680e+04 +2.664355680e+04 +3.0519e+00 +9.1701e-01 +4.6818e-01 +3.8063e+00 +1.2470e+00 +2.7134e-01 -3.7456e-01 +8.6616e-01 +3.9922e+00 -4.6572e+00
18 +2.266324892e+04 +2.266324892e+04 +2.278707892e+04 +2.278707892e+04 +2.2291e+00 -6.5265e-01 +1.1097e+00 +4.3499e+00 +8.8110e-01 +1.7631e+00 -1.0292e+00 -1.1683e+00 +1.2728e+00 -4.6795e+00
29 +1.011010313e+04 +1.011010313e+04 +1.023393313e+04 +1.023393313e+04 -2.4572e+00 -1.3877e+00 -2.1688e+00 -2.3907e+00 +1.2700e-01 -7.6102e-01 -2.1463e+00 -1.8434e+00 -2.6242e-01 +1.1596e+00
267 +8.493728262e+03 +8.493728262e+03 +8.617558262e+03 +8.617558262e+03 +1.8515e+00 -8.2864e-01 +1.0138e+00 +3.3563e-01 +2.6263e+00 -5.1218e-01 -1.7045e+00 -7.1134e-01 +2.8061e+00 -1.8597e+00
2001 +5.405342883e+03 +5.405342883e+03 +5.529172883e+03 +5.529172883e+03 -6.6808e-01 +5.2111e-01 +1.4966e+00 -1.7334e+00 +4.5516e-01 +2.1718e+00 -4.8086e-01 -8.5244e-01 -1.3679e-01 -2.2143e+00
% function evaluation | noise-free fitness - Fopt (4.751000000000e+01) | best noise-free fitness - Fopt | measured fitness | best measured fitness | x1 | x2...
1 +2.645740595e+04 +2.645740595e+04 +2.650491595e+04 +2.650491595e+04 -5.2439e-01 +4.4590e-01 +2.7078e-01 +2.1011e+00 +9.7973e-01 +1.9259e+00 -4.2006e+00 +2.2985e+00 +2.8967e+00 -1.4831e+00
15 +1.026495456e+04 +1.026495456e+04 +1.031246456e+04 +1.031246456e+04 -2.5151e+00 +8.4034e-01 +3.0166e-01 -1.0100e+00 +1.1569e+00 -2.2956e+00 -9.8756e-01 +1.0756e+00 +1.4826e+00 +2.3096e+00
815 +9.852718867e+03 +9.852718867e+03 +9.900228867e+03 +9.900228867e+03 +2.9817e+00 +4.3963e+00 +7.9497e-01 +2.8569e+00 +1.2917e+00 -1.6544e+00 -3.4997e-01 +2.0221e+00 +4.8724e+00 +9.1289e-01
1829 +5.393706981e+03 +5.393706981e+03 +5.441216981e+03 +5.441216981e+03 +4.7588e+00 +4.3707e+00 +2.7771e+00 +1.1253e+00 +2.6866e+00 +4.3579e+00 -2.4054e-01 -4.6760e-01 +4.3570e+00 -1.6430e+00
3376 +3.759771329e+03 +3.759771329e+03 +3.807281329e+03 +3.807281329e+03 -7.1937e-01 +2.2174e+00 -9.7664e-01 -1.3695e+00 +4.5022e-02 -1.6098e+00 +8.2599e-01 -1.2235e+00 +2.6690e+00 -3.0032e-01
% function evaluation | noise-free fitness - Fopt (5.534000000000e+01) | best noise-free fitness - Fopt | measured fitness | best measured fitness | x1 | x2...
1 +1.002348733e+05 +1.002348733e+05 +1.002902133e+05 +1.002902133e+05 +3.2161e+00 -1.5580e+00 -1.9017e+00 -2.9092e+00 +1.6595e+00 -3.3049e+00 -6.9440e-01 -4.5436e+00 +4.6412e+00 -2.9865e+00
5 +3.810825255e+04 +3.810825255e+04 +3.816359255e+04 +3.816359255e+04 +2.1199e+00 -3.4834e+00 +4.7969e+00 +1.6151e+00 +1.3064e+00 +3.6408e+00 -4.5053e+00 +4.2114e-01 +3.9109e+00 -2.2553e+00
168 +1.577002448e+04 +1.577002448e+04 +1.582536448e+04 +1.582536448e+04 -2.0051e-02 +3.5540e-01 -2.6409e+00 +1.7746e-01 +2.4297e+00 -1.1654e+00 -3.6663e+00 -1.1599e+00 -7.0922e-01 -8.9831e-01
187 +4.520421733e+03 +4.520421733e+03 +4.575761733e+03 +4.575761733e+03 -5.6538e-01 +1.2475e+00 +2.0965e-01 +2.7136e+00 +5.0116e-01 +2.1075e+00 +4.3630e-01 +1.4826e+00 +2.4123e+00 -9.2932e-01
4515 +1.958125339e+03 +1.958125339e+03 +2.013465339e+03 +2.013465339e+03 -1.0809e+00 +1.3329e+00 -2.0138e-01 -4.2354e-01 +7.8908e-02 -2.9544e+00 +2.7239e-01 +9.1712e-01 +1.0997e+00 -4.1039e-01
% function evaluation | noise-free fitness - Fopt (-9.033000000000e+01) | best noise-free fitness - Fopt | measured fitness | best measured fitness | x1 | x2...
1 +9.329753235e+04 +9.329753235e+04 +9.320720235e+04 +9.320720235e+04 -4.5217e+00 +1.1041e+00 +9.0356e-03 +2.5615e+00 -7.8025e-01 -2.6059e+00 +3.4685e+00 -2.0487e+00 +2.6374e+00 +6.0288e-01
3 +7.037678850e+03 +7.037678850e+03 +6.947348850e+03 +6.947348850e+03 -3.0753e+00 -6.4632e-02 -2.5107e-01 +1.5746e+00 +7.5660e-01 +4.1184e+00 -3.4479e+00 -1.7594e+00 +2.8050e+00 -3.6905e+00
164 +5.751807543e+03 +5.751807543e+03 +5.661477543e+03 +5.661477543e+03 -4.1312e+00 -1.5714e+00 +5.2898e-01 -2.3646e-01 +1.4360e+00 +4.1778e+00 -2.5753e+00 +2.4071e+00 +7.3845e-01 +1.7666e+00
480 +3.935785825e+03 +3.935785825e+03 +3.845455825e+03 +3.845455825e+03 -6.2180e-02 -1.1649e+00 +1.1449e+00 -1.8640e-01 -1.7512e+00 -8.3321e-02 +1.8084e+00 +8.5635e-01 -1.6265e-01 +2.2251e+00
% function evaluation | noise-free fitness - Fopt (6.561000000000e+01) | best noise-free fitness - Fopt | measured fitness | best measured fitness | x1 | x2...
1 +1.766772704e+05 +1.766772704e+05 +1.767428804e+05 +1.767428804e+05 -3.1222e+00 -5.2037e-01 +1.5707e+00 -3.7694e+00 +5.8067e-01 -4.8240e+00 +2.2313e-01 +3.3444e+00 -1.3380e+00 +2.9992e+00
2 +8.153319796e+04 +8.153319796e+04 +8.159880796e+04 +8.159880796e+04 -1.8416e+00 -9.4891e-01 +4.1335e+00 -3.6439e+00 -2.3133e+00 -1.1602e+00 +2.3211e+00 +1.2563e+00 -2.5744e+00 -6.6247e-01
41 +2.715937662e+04 +2.715937662e+04 +2.722498662e+04 +2.722498662e+04 -1.1290e+00 -2.1379e+00 +3.4503e-01 +1.6622e+00 -3.4565e+00 +2.8772e-01 -3.0093e+00 -2.1169e+00 -5.7468e-01 -9.2815e-01
143 +2.039112696e+04 +2.039112696e+04 +2.045673696e+04 +2.045673696e+04 +5.1145e-01 -1.6234e+00 -1.7939e+00 -4.8921e+00 -1.4967e-01 +3.9702e+00 -5.2157e-02 -4.9954e-01 -3.3599e+00 -9.7535e-01
146 +1.491113938e+04 +1.491113938e+04 +1.497674938e+04 +1.497674938e+04 -1.6452e+00 -1.4062e+00 +3.0745e+00 +2.7940e+00 -4.7975e+00 -3.1442e+00 -1.3989e+00 -5.5958e-01 -1.1427e+00 +5.0779e-01
490 +7.195610379e+03 +7.195610379e+03 +7.261220379e+03 +7.261220379e+03 +1.8375e+00 -9.9999e-01 -1.0874e-02 -2.5317e+00 +3.3493e+00 +3.7390e+00 -1.4256e+00 -5.3828e-01 -9.2823e-01 +2.6984e+00
900 +5.890264862e+03 +5.890264862e+03 +5.955874862e+03 +5.955874862e+03 -8.8665e-01 -6.4880e-01 +3.9224e+00 +3.0441e+00 -1.8288e-01 -3.1942e+00 -1.7068e+00 -6.1868e-01 -7.0896e-02 -1.5081e+00
4760 +2.792427549e+03 +2.792427549e+03 +2.858037549e+03 +2.858037549e+03 +1.2911e+00 +3.8228e-02 -1.1614e+00 +8.3929e-01 -9.7379e-01 +3.4839e+00 -1.5082e+00 +1.3312e+00 -1.0267e+00 -1.4200e-01
% function evaluation | noise-free fitness - Fopt (-2.900800000000e+02) | best noise-free fitness - Fopt | measured fitness | best measured fitness | x1 | x2...
1 +1.319842188e+05 +1.319842188e+05 +1.316941388e+05 +1.316941388e+05 -1.4889e+00 -1.7686e+00 +1.4390e+00 +1.2160e+00 -1.6545e+00 -4.2066e+00 +4.5489e+00 -3.5508e+00 +9.6958e-01 -2.9730e+00
2 +4.178581086e+04 +4.178581086e+04 +4.149573086e+04 +4.149573086e+04 -2.3243e-01 -1.2492e+00 -2.4190e-01 +2.0341e+00 -2.9627e+00 -1.4918e+00 -4.9481e+00 -2.9513e+00 +5.4658e-01 -7.5828e-01
18 +2.369566638e+04 +2.369566638e+04 +2.340558638e+04 +2.340558638e+04 -1.6995e-01 -1.3069e+00 -1.7511e+00 +1.8718e+00 -2.3543e+00 +1.9780e+00 +1.1485e-01 +3.4010e+00 -4.9726e-01 +1.7251e+00
311 +1.381488699e+04 +1.381488699e+04 +1.352480699e+04 +1.352480699e+04 +4.4811e+00 -9.0833e-01 -5.6951e-01 -1.8960e+00 -3.7902e-01 +2.6934e+00 -1.2415e+00 -2.4760e-01 -3.4840e-01 +2.3049e+00
694 +9.628106994e+03 +9.628106994e+03 +9.338026994e+03 +9.338026994e+03 -2.4957e-01 -1.7030e+00 -1.8297e-01 -1.0369e+00 +1.0116e-01 +1.7132e+00 -4.6923e-01 -2.5661e+00 -2.9035e+00 -3.7852e-01
1101 +3.009473357e+03 +3.009473357e+03 +2.719393357e+03 +2.719393357e+03 -2.4534e+00 +1.3914e+00 -6.0484e-01 +1.0391e+00 +3.0643e-01 -5.5084e-01 -5.7994e-01 -7.3658e-01 -3.1784e-02 +1.3177e+00
% function evaluation | noise-free fitness - Fopt (2.510000000000e+01) | best noise-free fitness - Fopt | measured fitness | best measured fitness | x1 | x2...
1 +2.195510597e+05 +2.195510597e+05 +2.195761597e+05 +2.195761597e+05 +1.5304e-01 -4.8121e+00 +3.9076e+00 -3.2646e+00 -2.9455e+00 -3.2856e+00 -2.0079e+00 +1.4414e+00 +3.4030e+00 +2.6175e+00
4 +1.077837450e+05 +1.077837450e+05 +1.078088450e+05 +1.078088450e+05 -4.3744e+00 -4.8853e+00 -4.2834e-01 +1.2682e+00 +3.8455e+00 +4.1378e+00 -6.5656e-01 +1.7966e+00 -4.0759e+00 +2.3125e+00
10 +6.938818905e+04 +6.938818905e+04 +6.941328905e+04 +6.941328905e+04 -2.3657e+00 +1.2701e-01 -1.2327e-01 -2.4108e+00 +4.0301e+00 -3.7915e+00 -1.9042e+00 +2.7969e+00 -6.7897e-01 -2.4155e+00
31 +1.558496967e+04 +1.558496967e+04 +1.561006967e+04 +1.561006967e+04 -1.8027e+00 +2.3073e-01 +1.0786e-01 -3.6396e+00 -1.4644e-02 +3.7167e+00 -1.1852e+00 +1.6352e+00 -3.1293e+00 +8.5635e-01
427 +8.897899842e+03 +8.897899842e+03 +8.922999842e+03 +8.922999842e+03 -2.0046e+00 -2.0979e-01 -2.9935e+00 -1.9068e-01 +1.5565e-01 +3.3752e+00 -4.1894e+00 -9.5134e-01 -4.7130e+00 -1.5168e+00
548 +5.906146739e+03 +5.906146739e+03 +5.931246739e+03 +5.931246739e+03 +3.3610e-01 -2.8385e+00 +6.2062e-01 -1.0963e+00 -4.1314e-01 -5.6126e-01 +1.7449e+00 +1.2879e+00 +4.4429e-01 +2.3071e+00
3218 +3.078788054e+03 +3.078788054e+03 +3.103888054e+03 +3.103888054e+03 +2.0641e-01 -1.3164e+00 +1.4923e+00 +7.7792e-01 -3.5453e-02 -1.5088e-01 +2.5872e+00 +4.4729e-01 +3.7028e+00 +1.9746e-01
% function evaluation | noise-free fitness - Fopt (-8.756000000000e+01) | best noise-free fitness - Fopt | measured fitness | best measured fitness | x1 | x2...
1 +3.943788419e+04 +3.943788419e+04 +3.935032419e+04 +3.935032419e+04 +1.8445e+00 +2.6877e+00 -2.4585e+00 -9.4373e-01 -3.0410e+00 +1.2143e+00 -2.8412e+00 -1.0286e+00 -8.5519e-01 +3.1627e+00
28 +8.582829974e+03 +8.582829974e+03 +8.495269974e+03 +8.495269974e+03 +8.3388e-01 -6.7791e-01 -2.6255e+00 +1.8555e+00 -1.3538e+00 -2.0348e+00 -8.3566e-01 +1.0451e-01 +4.9931e-02 +8.9103e-02
70 +5.055044359e+03 +5.055044359e+03 +4.967484359e+03 +4.967484359e+03 +2.4893e+00 -3.2165e-01 -1.0231e+00 -1.6097e+00 +3.5285e+00 -2.7104e+00 +2.9880e+00 -4.1066e-01 -2.1289e-01 -1.1019e+00
528 +3.747455795e+03 +3.747455795e+03 +3.659895795e+03 +3.659895795e+03 +8.8459e-02 -9.8518e-01 +7.8225e-01 -1.8075e+00 -9.4601e-02 -9.1346e-01 +1.2292e+00 +9.8892e-02 -3.8509e-01 +2.3701e+00
% function evaluation | noise-free fitness - Fopt (6.007000000000e+01) | best noise-free fitness - Fopt | measured fitness | best measured fitness | x1 | x2...
1 +7.965897200e+04 +7.965897200e+04 +7.971904200e+04 +7.971904200e+04 +1.9325e+00 -7.3482e-01 -4.8937e+00 -3.0701e+00 +2.5181e+00 +2.3687e+00 +1.2386e+00 +9.2628e-01 -2.4935e+00 -4.5518e-01
5 +5.921906901e+04 +5.921906901e+04 +5.927913901e+04 +5.927913901e+04 -2.2531e+00 +1.5906e+00 +3.4332e+00 -3.8226e+00 +3.3243e+00 -3.1308e+00 +4.3681e-01 -1.7030e+00 +1.8108e+00 -2.0035e+00
8 +3.288599286e+04 +3.288599286e+04 +3.294606286e+04 +3.294606286e+04 +1.7793e+00 -7.8928e-01 +1.4472e+00 +2.7867e+00 -3.8473e+00 -2.0658e+00 +1.0726e+00 +2.0983e-01 -3.4597e-01 -2.5690e+00
16 +1.787755395e+04 +1.787755395e+04 +1.793762395e+04 +1.793762395e+04 -2.7022e-01 -2.2759e+00 -2.6882e+00 -3.6978e+00 +8.5495e-01 +7.3632e-02 +4.1053e+00 +3.1611e+00 +8.5594e-01 -1.0320e+00
156 +1.229493695e+04 +1.229493695e+04 +1.235500695e+04 +1.235500695e+04 -1.6439e+00 -6.7301e-01 -2.1449e+00 -2.6305e+00 -1.8430e-01 +1.0952e+00 +2.5126e+00 +2.0577e-01 +3.4754e+00 -1.6589e+00
407 +4.690816196e+03 +4.690816196e+03 +4.750886196e+03 +4.750886196e+03 -1.3558e+00 +1.2120e+00 -7.1861e-01 +1.9478e+00 -1.6661e-01 +6.7399e-01 +8.9633e-01 -3.6926e-01 -1.0775e+00 +2.9348e-01
% function evaluation | noise-free fitness - Fopt (-1.366300000000e+02) | best noise-free fitness - Fopt | measured fitness | best measured fitness | x1 | x2...
1 +1.438159028e+05 +1.438159028e+05 +1.436792728e+05 +1.436792728e+05 +2.9835e+00 -3.4614e+00 -2.0427e+00 -1.8670e-01 -4.5758e+00 +3.8044e+00 +4.7339e+00 -3.6321e+00 +3.6351e+00 +7.0155e-01
3 +8.081396580e+04 +8.081396580e+04 +8.067733580e+04 +8.067733580e+04 -3.3546e+00 -2.6578e+00 +4.0515e+00 -2.5384e+00 -3.3249e+00 +6.0709e-01 +2.3931e+00 -8.6546e-02 +7.5893e-01 +2.4352e+00
4 +3.904050187e+04 +3.904050187e+04 +3.890387187e+04 +3.890387187e+04 -2.4888e-01 -1.3783e+00 -9.4650e-01 +1.7704e+00 +1.1007e+00 +5.0363e-01 -2.6175e+00 -3.7974e+00 -2.4253e+00 +1.6619e+00
100 +2.228689081e+04 +2.228689081e+04 +2.215026081e+04 +2.215026081e+04 -2.5629e+00 -5.4887e-01 -9.0104e-01 +1.5768e+00 -1.0709e+00 -2.1052e+00 +1.4515e+00 -1.2814e+00 -2.1490e+00 -3.5539e+00
432 +1.528978443e+04 +1.528978443e+04 +1.515315443e+04 +1.515315443e+04 +2.0991e+00 +1.4879e+00 -1.8753e+00 +4.5342e-01 -8.8979e-01 -5.8183e-01 +3.3485e+00 +2.5003e+00 -6.0756e-01 -1.9475e-01
465 +9.285867340e+03 +9.285867340e+03 +9.149237340e+03 +9.149237340e+03 -1.5568e+00 -8.6075e-01 +1.3207e+00 +1.2711e+00 -3.9861e+00 +1.7480e+00 +1.7077e+00 -1.5546e-01 -3.0541e+00 +9.0852e-02
2008 +5.949800806e+03 +5.949800806e+03 +5.813170806e+03 +5.813170806e+03 +2.7137e+00 +9.5354e-01 -1.5548e+00 -1.8028e-01 -5.4143e-02 +2.3741e-02 +1.2003e+00 -4.0657e-01 +8.3760e-01 +1.7544e+00
2775 +3.560631798e+03 +3.560631798e+03 +3.424001798e+03 +3.424001798e+03 +1.1249e+00 -1.0289e+00 +1.7193e+00 -3.7328e+00 +1.9284e+00 -2.4902e+00 +3.8475e-01 -3.1942e-01 +9.3963e-01 +5.2174e-01
% function evaluation | noise-free fitness - Fopt (1.639300000000e+02) | best noise-free fitness - Fopt | measured fitness | best measured fitness | x1 | x2...
1 +1.801435913e+05 +1.801435913e+05 +1.803075213e+05 +1.803075213e+05 +1.1087e+00 +1.7223e+00 +1.2033e+00 -7.5394e-01 +4.6545e+00 -4.2174e+00 +3.1766e+00 +8.3925e-01 -4.9835e+00 +2.9286e+00
2 +1.337430936e+05 +1.337430936e+05 +1.339070236e+05 +1.339070236e+05 -8.5311e-01 +2.7175e+00 -1.4663e-01 +2.5191e+00 -3.1278e+00 -4.2256e+00 +2.7942e+00 -1.4031e+00 -3.1185e+00 -2.6676e+00
7 +6.105268498e+04 +6.105268498e+04 +6.121661498e+04 +6.121661498e+04 +1.6951e+00 +2.8050e+00 +1.0996e+00 -1.0597e+00 -2.9775e+00 +2.9427e-01 -2.0119e+00 +2.4296e+00 +1.6867e+00 -1.0131e+00
14 +2.103143532e+04 +2.103143532e+04 +2.119536532e+04 +2.119536532e+04 -3.9063e+00 +4.8096e+00 +1.4480e+00 +4.8743e-01 -3.1976e+00 +3.6568e-01 -6.6298e-01 -9.1580e-01 -3.8118e-01 +3.6720e+00
368 +8.160380935e+03 +8.160380935e+03 +8.324310935e+03 +8.324310935e+03 +1.3382e+00 -4.7215e+00 -2.4629e+00 +9.3231e-01 +2.0233e+00 -2.5059e+00 -6.3647e-02 +1.1804e+00 -1.6631e-01 +1.8807e+00
3644 +2.485293385e+03 +2.485293385e+03 +2.649223385e+03 +2.649223385e+03 -1.4448e+00 +1.6366e+00 -5.1052e-02 -4.4438e-01 -6.8362e-01 +9.7166e-01 -1.1996e+00 -3.4476e+00 -1.7338e+00 -2.7130e-01
% function evaluation | noise-free fitness - Fopt (-5.002000000000e+01) | best noise-free fitness - Fopt | measured fitness | best measured fitness | x1 | x2...
1 +1.637553941e+05 +1.637553941e+05 +1.637053741e+05 +1.637053741e+05 +5.2161e-01 -1.7475e+00 +4.9940e-01 +4.2243e+00 +3.4669e+00 -1.1351e+00 +3.5925e+00 +2.0831e+00 +2.6582e+00 +4.1356e+00
2 +7.604503271e+04 +7.604503271e+04 +7.599501271e+04 +7.599501271e+04 -3.2260e+00 -2.1816e+00 -2.9782e-01 +4.7014e+00 -3.2760e+00 -4.3461e-01 +1.8688e+00 -3.7997e+00 -2.5448e+00 -1.5237e-01
15 +4.074536270e+04 +4.074536270e+04 +4.069534270e+04 +4.069534270e+04 +2.3753e+00 +1.3767e+00 -2.4554e+00 +7.8074e-02 +1.3339e+00 +1.8172e+00 -1.3463e+00 -1.3612e+00 -3.2842e+00 -4.6473e+00
34 +3.155156528e+04 +3.155156528e+04 +3.150154528e+04 +3.150154528e+04 -1.5915e+00 -3.6607e+00 +1.0084e+00 -1.6749e+00 -1.9736e-01 +1.5501e+00 -2.2141e+00 -7.0690e-02 +1.2977e+00 -3.0921e+00
57 +1.949193933e+04 +1.949193933e+04 +1.944191933e+04 +1.944191933e+04 +2.3906e+00 -1.1026e+00 -4.9925e-01 +9.4587e-01 +2.9917e-01 +2.3729e+00 -1.0113e+00 +2.2112e+00 -2.5026e+00 -1.4128e-01
136 +1.133942691e+04 +1.133942691e+04 +1.128940691e+04 +1.128940691e+04 +1.1660e+00 -1.7610e-01 +3.6450e+00 +3.4773e+00 -5.9986e-01 +2.8728e+00 -2.3429e+00 -4.4025e+00 +6.9924e-01 -1.9584e+00
374 +8.307737510e+03 +8.307737510e+03 +8.257717510e+03 +8.257717510e+03 -2.0121e+00 -3.2536e-01 -1.3658e+00 -3.8791e+00 -2.2621e+00 +1.8335e-01 +8.6904e-02 +3.2116e+00 +9.0091e-01 -1.2181e+00
1778 +1.004591670e+03 +1.004591670e+03 +9.545716704e+02 +9.545716704e+02 -1.9418e+00 +1.7113e+00 +7.5448e-01 +2.4916e+00 +9.8790e-02 +1.1711e+00 +7.4230e-01 -3.4687e+00 +1.1103e+00 -2.3744e-01
% function evaluation | noise-free fitness - Fopt (5.888600000000e+02) | best noise-free fitness - Fopt | measured fitness | best measured fitness | x1 | x2...
1 +3.026011342e+05 +3.026011342e+05 +3.031899942e+05 +3.031899942e+05 -9.7922e-02 +3.5230e+00 +4.7332e+00 +3.9139e+00 +2.6412e+00 -3.6909e+00 -4.9336e+00 +6.7574e-01 -3.0638e+00 +1.4322e+00
2 +4.507590866e+04 +4.507590866e+04 +4.566476866e+04 +4.566476866e+04 +2.7190e+00 +1.2830e+00 -2.7474e+00 -4.9971e+00 +3.1008e+00 +3.6088e+00 -4.3580e+00 -3.9834e+00 -1.0425e-01 -8.5315e-01
6 +2.940857522e+04 +2.940857522e+04 +2.999743522e+04 +2.999743522e+04 -1.0733e+00 +3.5279e+00 -4.3480e-01 +4.2304e-01 +3.8891e+00 -1.2729e+00 -1.5239e+00 -4.8456e+00 +7.8454e-01 +2.4350e+00
7 +1.984448455e+04 +1.984448455e+04 +2.043334455e+04 +2.043334455e+04 +2.3128e+00 +2.7000e-01 -4.8512e+00 +1.4536e+00 -1.6422e+00 +1.7911e+00 -3.3836e+00 -3.4075e+00 +1.3958e+00 +1.2570e+00
12 +1.527054841e+04 +1.527054841e+04 +1.585940841e+04 +1.585940841e+04 +6.9531e-01 +8.6251e-01 -2.0358e+00 +3.5707e+00 +3.6809e-01 -1.6504e+00 +1.4595e+00 -1.2199e+00 -3.1491e-02 -5.8823e-01
62 +9.229681426e+03 +9.229681426e+03 +9.818541426e+03 +9.818541426e+03 -2.6554e+00 -3.7511e+00 +2.5851e+00 +9.7515e-01 -2.3221e+00 +4.1709e-01 +5.7767e-01 -2.3666e-01 +1.7503e+00 -2.5962e+00
279 +3.926709583e+03 +3.926709583e+03 +4.515569583e+03 +4.515569583e+03 -5.6223e-02 +1.9462e+00 -3.5881e+00 -9.8664e-01 +9.2610e-01 -7.7403e-01 -1.5266e+00 -9.6507e-01 -2.5065e+00 +2.2631e+00
% function evaluation | noise-free fitness - Fopt (-3.294000000000e+01) | best noise-free fitness - Fopt | measured fitness | best measured fitness | x1 | x2...
1 +1.514096558e+05 +1.514096558e+05 +1.513767158e+05 +1.513767158e+05 +1.9113e+00 -5.2287e-01 +3.3116e+00 +3.8637e+00 -1.2534e+00 +3.1543e+00 +1.1009e+00 +2.9509e+00 -4.9724e+00 +1.6566e+00
11 +5.000442913e+04 +5.000442913e+04 +4.997148913e+04 +4.997148913e+04 -1.5455e+00 -7.7768e-01 -5.7269e-01 -4.1389e+00 +1.7285e+00 -2.3816e+00 +1.2756e+00 +7.3571e-01 -4.1113e+00 -2.5448e+00
28 +8.359651584e+03 +8.359651584e+03 +8.326711584e+03 +8.326711584e+03 -1.3018e+00 +2.1605e+00 +2.8185e-01 +1.3417e+00 -3.0024e+00 +1.8283e+00 -9.9125e-01 -5.8228e-02 +8.6772e-01 -2.6326e+00
3932 +4.665657178e+03 +4.665657178e+03 +4.632717178e+03 +4.632717178e+03 -7.8328e-01 -8.8702e-01 -1.1812e+00 +6.9433e-01 -6.9065e-01 -1.4966e+00 -1.2814e-01 +3.2041e+00 -9.2563e-02 +3.1078e+00
% function evaluation | noise-free fitness - Fopt (-1.116200000000e+02) | best noise-free fitness - Fopt | measured fitness | best measured fitness | x1 | x2...
1 +1.592629377e+05 +1.592629377e+05 +1.591513177e+05 +1.591513177e+05 -4.1322e+00 -1.4160e+00 -2.0871e+00 -1.9256e+00 +1.5325e+00 -6.4699e-01 +4.6990e+00 +8.5895e-01 +3.5635e+00 -3.6797e+00
4 +4.492260390e+04 +4.492260390e+04 +4.481098390e+04 +4.481098390e+04 -2.5039e+00 +3.5538e+00 -4.2534e+00 -2.0133e+00 -2.8595e+00 +3.8943e-01 -8.7503e-02 -1.3830e-01 -2.5519e+00 -4.6711e+00
10 +2.788410317e+04 +2.788410317e+04 +2.777248317e+04 +2.777248317e+04 +4.1385e+00 -2.6312e+00 -1.7142e-01 -1.6843e+00 -3.2897e+00 -1.1474e+00 -2.7211e+00 -3.5538e+00 +3.6650e-02 +3.7339e+00
18 +1.618505208e+04 +1.618505208e+04 +1.607343208e+04 +1.607343208e+04 -1.6562e-01 +1.0152e+00 -2.6965e-01 +2.2382e+00 -2.3771e+00 +4.1989e-01 -7.4277e-02 -4.0526e+00 -4.3065e-01 -3.0565e+00
96 +1.526064361e+04 +1.526064361e+04 +1.514902361e+04 +1.514902361e+04 +3.5810e+00 -9.8446e-01 -1.5864e+00 +1.7635e+00 +6.3858e-01 +1.1151e+00 +7.1644e-01 -9.0519e-01 +4.3785e-01 +1.1353e+00
1500 +8.962097206e+03 +8.962097206e+03 +8.850477206e+03 +8.850477206e+03 +2.0264e+00 -7.8473e-01 -3.1776e-01 +2.0310e+00 -7.6394e-01 +4.7214e+00 +7.1914e-01 -4.6658e-01 +1.4611e+00 -2.9640e+00
3327 +3.343664407e+03 +3.343664407e+03 +3.232044407e+03 +3.232044407e+03 -6.3880e-01 -1.4213e+00 -1.3107e+00 +2.3038e+00 -1.2592e+00 +8.0922e-01 +1.0213e+00 +1.7634e+00 +2.7968e-01 -1.3774e+00
