% function evaluation | noise-free fitness - Fopt (1.238300000000e+02) | best noise-free fitness - Fopt | measured fitness | best measured fitness | x1 | x2...
1 +5.803083606e+04 +5.803083606e+04 +5.815466606e+04 +5.815466606e+04 -2.9856e+00 +1.4120e+00 -1.3235e-01 -4.8517e+00 +4.3451e+00
4 +3.536927232e+04 +3.536927232e+04 +3.549310232e+04 +3.549310232e+04 -4.7912e-01 -5.2020e-01 +3.4043e+00 -2.6990e+00 -2.2924e+00
13 +1.179776351e+04 +1.179776351e+04 +1.192159351e+04 +1.192159351e+04 +3.8605e+00 -3.3128e+00 -4.8585e+00 -1.8091e+00 +1.6552e+00
20 +3.475960774e+03 +3.475960774e+03 +3.599790774e+03 +3.599790774e+03 +7.8737e-01 +5.1206e-01 +2.9336e-01 +1.9588e+00 +1.7065e-01
22 +2.122083201e+03 +2.122083201e+03 +2.245913201e+03 +2.245913201e+03 +2.3149e+00 -1.9326e-01 -2.0855e+00 -2.7055e+00 +3.8831e+00
247 +5.295943471e+02 +5.295943471e+02 +6.534243471e+02 +6.534243471e+02 -1.9300e+00 +7.8550e-01 -4.0893e-01 +1.1848e+00 -3.9624e-01
1568 +2.928906702e+02 +2.928906702e+02 +4.167206702e+02 +4.167206702e+02 +3.3438e+00 -1.6136e+00 -1.2969e+00 -2.3688e+00 +3.6991e-01
4859 +4.527837282e+01 +4.527837282e+01 +1.691083728e+02 +1.691083728e+02 +2.4548e-01 -2.3341e+00 -7.5652e-01 -1.1041e-01 +1.0759e+00
% function evaluation | noise-free fitness - Fopt (4.751000000000e+01) | best noise-free fitness - Fopt | measured fitness | best measured fitness | x1 | x2...
1 +1.679116261e+04 +1.679116261e+04 +1.683867261e+04 +1.683867261e+04 +2.9431e+00 +4.7253e-01 -1.5483e+00 -5.1107e-01 -4.5927e+00
12 +1.238442271e+04 +1.238442271e+04 +1.243193271e+04 +1.243193271e+04 +3.2510e+00 -9.2878e-01 +2.5446e+00 -4.3452e-01 -3.9749e+00
16 +1.858506041e+03 +1.858506041e+03 +1.906016041e+03 +1.906016041e+03 +3.7796e-01 +1.1609e+00 -7.4792e-01 +1.9546e+00 -7.3775e-01
42 +1.008580725e+03 +1.008580725e+03 +1.056090725e+03 +1.056090725e+03 +4.2033e+00 +1.5185e+00 -2.0516e+00 -2.5766e-01 -9.8175e-01
72 +9.802635598e+02 +9.802635598e+02 +1.027773560e+03 +1.027773560e+03 -5.0283e-01 -1.8529e+00 +1.0725e+00 -5.0495e-01 -9.4133e-01
551 +4.317267506e+02 +4.317267506e+02 +4.792367506e+02 +4.792367506e+02 -2.0751e-01 +6.9502e-01 -5.6220e-01 +9.8484e-01 -1.4764e-01
838 +3.391361331e+02 +3.391361331e+02 +3.866461331e+02 +3.866461331e+02 -1.4985e+00 -2.2190e-01 +3.4739e-01 +4.5375e-01 -7.8358e-01
894 +1.272593993e+02 +1.272593993e+02 +1.747693993e+02 +1.747693993e+02 -1.2711e+00 +2.7520e-02 +1.0230e+00 +5.0704e-01 +1.6918e-04
% function evaluation | noise-free fitness - Fopt (5.534000000000e+01) | best noise-free fitness - Fopt | measured fitness | best measured fitness | x1 | x2...
1 +1.664443459e+05 +1.664443459e+05 +1.664996859e+05 +1.664996859e+05 +2.6388e+00 +1.0245e+00 +2.7030e+00 -4.0929e+00 -4.2320e+00
2 +6.997093300e+03 +6.997093300e+03 +7.052433300e+03 +7.052433300e+03 -1.3150e+00 +4.9606e-01 +3.7880e+00 +6.0098e-01 -1.4984e+00
14 +5.409034915e+03 +5.409034915e+03 +5.464374915e+03 +5.464374915e+03 -1.1603e+00 -2.1242e+00 -8.4442e-01 -4.3942e-01 -2.1999e+00
23 +2.406067683e+03 +2.406067683e+03 +2.461407683e+03 +2.461407683e+03 +1.0206e-01 -1.3840e+00 +1.3154e+00 +3.4310e+00 -1.0689e+00
76 +1.334188908e+03 +1.334188908e+03 +1.389528908e+03 +1.389528908e+03 +1.6808e-01 -1.2826e+00 -4.5224e+00 -3.6419e+00 +3.1188e+00
291 +7.582086420e+02 +7.582086420e+02 +8.135486420e+02 +8.135486420e+02 -9.5833e-01 +3.9081e-01 +1.7396e+00 +6.6746e-01 +1.4851e+00
1285 +4.125559084e+02 +4.125559084e+02 +4.678959084e+02 +4.678959084e+02 -1.3359e-01 +2.8531e-02 -1.7576e+00 +5.6240e-03 +1.1802e+00
2959 +3.837802925e+02 +3.837802925e+02 +4.391202925e+02 +4.391202925e+02 +3.3235e+00 -1.0783e+00 -3.9202e+00 -1.8902e+00 +2.6706e+00
4355 +2.197659574e+02 +2.197659574e+02 +2.751059574e+02 +2.751059574e+02 +1.1117e+00 +2.8758e-01 -1.5806e+00 -5.3286e-01 +7.2095e-01
4777 +1.288892595e+02 +1.288892595e+02 +1.842292595e+02 +1.842292595e+02 +5.5712e-01 +1.2975e+00 -2.2748e+00 -1.0199e+00 +8.1902e-01
% function evaluation | noise-free fitness - Fopt (-9.033000000000e+01) | best noise-free fitness - Fopt | measured fitness | best measured fitness | x1 | x2...
1 +2.159647338e+04 +2.159647338e+04 +2.150614338e+04 +2.150614338e+04 +2.8311e-01 +2.9026e+00 +3.6305e+00 +2.3068e+00 -7.6307e-01
16 +1.247890887e+04 +1.247890887e+04 +1.238857887e+04 +1.238857887e+04 +2.5313e+00 -4.8633e+00 -3.1850e+00 +2.9215e+00 +3.0630e+00
18 +8.070067374e+03 +8.070067374e+03 +7.979737374e+03 +7.979737374e+03 +7.9691e-02 -7.6960e-01 +4.4249e-01 -4.3086e+00 -1.0932e+00
44 +5.702985693e+03 +5.702985693e+03 +5.612655693e+03 +5.612655693e+03 +7.6060e-01 +1.3178e+00 +2.7883e-01 -3.3558e+00 +5.5186e-02
76 +3.525076219e+03 +3.525076219e+03 +3.434746219e+03 +3.434746219e+03 +1.4304e+00 -2.1742e+00 +4.1415e-01 +3.4546e+00 +3.2540e+00
180 +4.213757948e+02 +4.213757948e+02 +3.310457948e+02 +3.310457948e+02 -1.1420e+00 +3.3059e+00 +1.2075e+00 -3.7459e+00 -8.3883e-01
324 +3.146119997e+01 +3.146119997e+01 -5.886880003e+01 -5.886880003e+01 -7.2044e-01 -9.1732e-01 -8.4091e-01 +4.8422e-01 -8.5007e-02
% function evaluation | noise-free fitness - Fopt (6.561000000000e+01) | best noise-free fitness - Fopt | measured fitness | best measured fitness | x1 | x2...
1 +1.236972065e+05 +1.236972065e+05 +1.237628165e+05 +1.237628165e+05 -2.7712e-01 -2.0464e+00 -4.8033e+00 -4.2161e+00 -2.0046e+00
2 +7.957047381e+03 +7.957047381e+03 +8.022657381e+03 +8.022657381e+03 +1.6953e+00 -1.4892e+00 -6.4116e-01 +2.2577e+00 -2.8212e+00
3 +2.472129471e+03 +2.472129471e+03 +2.537739471e+03 +2.537739471e+03 +2.5810e+00 -1.9661e+00 -1.2685e+00 +2.1949e+00 +1.5453e+00
16 +5.585287666e+02 +5.585287666e+02 +6.241387666e+02 +6.241387666e+02 -4.9219e-01 +5.9883e-01 +1.6453e-01 -2.9937e-01 -1.1691e+00
65 +3.839523840e+02 +3.839523840e+02 +4.495623840e+02 +4.495623840e+02 +1.5187e+00 -1.3031e+00 +5.4654e-01 +1.3181e+00 +1.6926e+00
1908 +1.948425598e+02 +1.948425598e+02 +2.604525598e+02 +2.604525598e+02 -1.2885e-01 -8.5105e-01 -3.9773e+00 +4.7466e-02 +2.1028e+00
2530 +9.837369257e+01 +9.837369257e+01 +1.639836926e+02 +1.639836926e+02 +1.8787e+00 -1.0090e+00 -4.4076e+00 -1.0584e-01 +1.0179e+00
% function evaluation | noise-free fitness - Fopt (-2.900800000000e+02) | best noise-free fitness - Fopt | measured fitness | best measured fitness | x1 | x2...
1 +6.746457577e+04 +6.746457577e+04 +6.717449577e+04 +6.717449577e+04 +1.5655e+00 -4.6602e+00 +2.8923e+00 -5.9351e-01 +8.3252e-01
2 +4.770779231e+04 +4.770779231e+04 +4.741771231e+04 +4.741771231e+04 +3.1313e+00 -2.3635e+00 +2.9828e+00 -3.3773e+00 +5.0618e-02
4 +1.344701191e+04 +1.344701191e+04 +1.315693191e+04 +1.315693191e+04 +2.0236e+00 +7.9194e-02 -2.0823e+00 +6.8346e-01 -2.1927e+00
9 +2.444776335e+03 +2.444776335e+03 +2.154696335e+03 +2.154696335e+03 +8.0240e-01 +7.9145e-01 +3.3616e+00 +2.6100e+00 -2.3818e+00
33 +1.537460594e+02 +1.537460594e+02 -1.363339406e+02 -1.363339406e+02 +2.9715e-01 -8.0863e-01 -5.3634e-02 -1.2181e-01 +1.3190e-01
1054 +8.052222894e+01 +8.052222894e+01 -2.095577711e+02 -2.095577711e+02 +7.3322e-01 +7.8993e-01 +4.5499e-01 -1.3196e-01 -1.9456e-01
% function evaluation | noise-free fitness - Fopt (2.510000000000e+01) | best noise-free fitness - Fopt | measured fitness | best measured fitness | x1 | x2...
1 +3.260143887e+04 +3.260143887e+04 +3.262653887e+04 +3.262653887e+04 -3.0780e+00 +1.9449e+00 +4.6207e+00 +7.2509e-01 -3.5535e+00
4 +6.357309957e+03 +6.357309957e+03 +6.382409957e+03 +6.382409957e+03 -3.7862e+00 +7.3911e-01 +1.3586e+00 +1.0686e+00 -3.2220e+00
14 +3.360945619e+03 +3.360945619e+03 +3.386045619e+03 +3.386045619e+03 +1.1124e+00 +2.1377e+00 -4.2739e-01 +5.3017e-01 +2.0170e+00
73 +1.344649348e+03 +1.344649348e+03 +1.369749348e+03 +1.369749348e+03 -3.5069e-01 -2.2043e+00 +2.7233e-01 -9.8392e-01 -1.7045e-01
118 +5.998757802e+02 +5.998757802e+02 +6.249757802e+02 +6.249757802e+02 +5.8641e-01 -1.1672e+00 +2.9197e-01 +1.5761e+00 -9.3920e-01
289 +3.550337834e+02 +3.550337834e+02 +3.801337834e+02 +3.801337834e+02 -1.9302e+00 -4.0997e-01 +8.8704e-02 -9.0324e-02 -6.9269e-01
3525 +1.800396080e+02 +1.800396080e+02 +2.051396080e+02 +2.051396080e+02 +2.7012e+00 +2.1168e+00 -2.0331e+00 -1.7991e+00 +3.0115e+00
% function evaluation | noise-free fitness - Fopt (-8.756000000000e+01) | best noise-free fitness - Fopt | measured fitness | best measured fitness | x1 | x2...
1 +1.388554993e+05 +1.388554993e+05 +1.387679393e+05 +1.387679393e+05 +2.2818e+00 +2.4671e+00 +3.8124e+00 +4.9477e+00 -2.7243e+00
2 +3.620837274e+04 +3.620837274e+04 +3.612081274e+04 +3.612081274e+04 +3.5938e+00 +2.9752e+00 -4.8552e+00 +2.7867e+00 +6.4296e-01
3 +9.171339193e+03 +9.171339193e+03 +9.083779193e+03 +9.083779193e+03 +2.3233e+00 -3.4387e+00 -3.0498e-01 -1.0095e+00 +3.5185e+00
7 +3.996646606e+03 +3.996646606e+03 +3.909086606e+03 +3.909086606e+03 +3.0397e+00 +1.8802e-01 -4.6535e+00 +3.4091e+00 +1.3251e+00
23 +2.011857619e+03 +2.011857619e+03 +1.924297619e+03 +1.924297619e+03 +2.2888e+00 -1.7973e+00 -2.9927e+00 +4.1317e+00 +1.9099e+00
192 +1.468648043e+03 +1.468648043e+03 +1.381088043e+03 +1.381088043e+03 -7.3928e-01 +6.8698e-01 -9.6586e-01 -2.1321e+00 +1.4363e+00
268 +7.159821595e+02 +7.159821595e+02 +6.284221595e+02 +6.284221595e+02 +4.0479e+00 -2.6846e+00 +2.2878e-01 +1.8647e+00 +2.7040e+00
768 +5.945523365e+02 +5.945523365e+02 +5.069923365e+02 +5.069923365e+02 +1.5178e+00 +1.1814e-01 -1.7503e-01 +9.7004e-01 -1.1447e+00
1067 +3.208348426e+02 +3.208348426e+02 +2.332748426e+02 +2.332748426e+02 +4.7453e-01 -1.8252e+00 -4.6643e-01 -3.7809e-01 -4.5129e-02
2780 +2.224556117e+02 +2.224556117e+02 +1.348956117e+02 +1.348956117e+02 +2.6969e+00 -1.4684e+00 -1.7569e-01 -2.1020e-01 -4.9191e-01
4619 +6.881864873e+01 +6.881864873e+01 -1.874135127e+01 -1.874135127e+01 -6.7487e-01 -4.7970e-01 -1.2976e+00 -6.7048e-01 -4.1521e-01
% function evaluation | noise-free fitness - Fopt (6.007000000000e+01) | best noise-free fitness - Fopt | measured fitness | best measured fitness | x1 | x2...
1 +1.128335817e+05 +1.128335817e+05 +1.128936517e+05 +1.128936517e+05 +2.6019e+00 +2.8811e+00 -2.0328e+00 -3.9371e+00 -4.0549e+00
2 +5.038666267e+03 +5.038666267e+03 +5.098736267e+03 +5.098736267e+03 +1.4299e+00 -1.4511e-01 +5.8916e-01 +2.0941e+00 -3.9250e-01
6 +1.089211520e+03 +1.089211520e+03 +1.149281520e+03 +1.149281520e+03 +1.6661e+00 -1.7320e+00 +1.3195e+00 -1.4554e-02 +1.5198e+00
62 +4.585162626e+02 +4.585162626e+02 +5.185862626e+02 +5.185862626e+02 +1.0232e+00 +7.5127e-01 +5.0138e-01 -1.1377e+00 +3.6462e+00
68 +2.739346075e+02 +2.739346075e+02 +3.340046075e+02 +3.340046075e+02 -5.8434e-01 +3.1861e-01 +8.4535e-01 -9.4148e-01 +2.1949e+00
2235 +1.110330467e+02 +1.110330467e+02 +1.711030467e+02 +1.711030467e+02 +3.2423e-01 +3.9145e-01 +3.6201e-01 -9.9469e-01 -4.5024e-01
% function evaluation | noise-free fitness - Fopt (-1.366300000000e+02) | best noise-free fitness - Fopt | measured fitness | best measured fitness | x1 | x2...
1 +5.660182313e+03 +5.660182313e+03 +5.523552313e+03 +5.523552313e+03 -9.1726e-01 +9.1506e-01 -2.8977e+00 -1.0337e+00 +3.2996e+00
19 +3.622609855e+03 +3.622609855e+03 +3.485979855e+03 +3.485979855e+03 -8.9853e-01 -8.7292e-01 +8.6008e-01 +1.5503e+00 -4.4375e+00
30 +1.011437807e+03 +1.011437807e+03 +8.748078072e+02 +8.748078072e+02 -3.7947e+00 -1.8120e+00 +1.0085e+00 +3.2766e+00 -3.3190e+00
215 +3.398741915e+02 +3.398741915e+02 +2.032441915e+02 +2.032441915e+02 -1.0735e+00 -1.1375e-01 +2.6868e-01 +1.1221e-01 -8.7454e-01
1910 +1.217727806e+02 +1.217727806e+02 -1.485721943e+01 -1.485721943e+01 -9.6696e-01 -6.7762e-01 +3.4652e-01 +3.1132e-01 -7.1937e-01
% function evaluation | noise-free fitness - Fopt (1.639300000000e+02) | best noise-free fitness - Fopt | measured fitness | best measured fitness | x1 | x2...
1 +1.896637018e+05 +1.896637018e+05 +1.898276318e+05 +1.898276318e+05 -1.3651e-01 -4.5407e+00 +3.7980e+00 -1.3576e+00 -3.4566e+00
2 +9.949093592e+02 +9.949093592e+02 +1.158839359e+03 +1.158839359e+03 +8.1845e-01 -1.0251e+00 +8.4868e-02 +1.4208e+00 +1.2967e+00
482 +1.270638013e+02 +1.270638013e+02 +2.909938013e+02 +2.909938013e+02 +3.0665e-01 -6.6595e-01 -4.6785e-01 +6.6562e-01 -2.8988e-01
3734 +2.924674440e+01 +2.924674440e+01 +1.931767444e+02 +1.931767444e+02 -4.1052e-01 +5.5586e-01 +1.9955e-01 +5.5942e-01 +1.3705e-01
% function evaluation | noise-free fitness - Fopt (-5.002000000000e+01) | best noise-free fitness - Fopt | measured fitness | best measured fitness | x1 | x2...
1 +2.290992980e+04 +2.290992980e+04 +2.285990980e+04 +2.285990980e+04 +3.2815e-01 -1.0769e+00 +1.2414e-01 -1.6408e+00 +4.2947e+00
6 +7.490253523e+03 +7.490253523e+03 +7.440233523e+03 +7.440233523e+03 -3.4897e+00 -2.1778e+00 +3.4881e+00 +4.7806e+00 +3.1566e+00
12 +3.952212103e+03 +3.952212103e+03 +3.902192103e+03 +3.902192103e+03 +3.7586e-01 -7.5805e-01 -4.6531e+00 -2.3987e+00 +3.8066e-01
60 +1.082930121e+03 +1.082930121e+03 +1.032910121e+03 +1.032910121e+03 +7.9574e-02 +6.9862e-01 -1.2175e+00 +8.5031e-01 +2.4301e+00
139 +6.540406129e+02 +6.540406129e+02 +6.040206129e+02 +6.040206129e+02 -8.6735e-01 -3.1356e-01 -2.1792e+00 -1.6373e+00 +9.8237e-01
154 +1.379805563e+02 +1.379805563e+02 +8.796055628e+01 +8.796055628e+01 -1.5564e+00 -1.9553e-01 +2.6660e-01 +3.9614e-01 +9.2917e-01
% function evaluation | noise-free fitness - Fopt (5.888600000000e+02) | best noise-free fitness - Fopt | measured fitness | best measured fitness | x1 | x2...
1 +5.262964193e+04 +5.262964193e+04 +5.321850193e+04 +5.321850193e+04 +1.9007e+00 +3.8285e+00 +2.4020e+00 -2.4802e-01 -3.8508e+00
8 +1.659675796e+04 +1.659675796e+04 +1.718561796e+04 +1.718561796e+04 -2.0400e+00 +3.5504e+00 +3.1199e-01 +6.2842e-01 -1.3786e+00
10 +8.982892550e+03 +8.982892550e+03 +9.571752550e+03 +9.571752550e+03 +1.4119e+00 -1.9568e+00 -3.9596e-01 +7.3653e-01 -4.3170e+00
20 +2.135573429e+03 +2.135573429e+03 +2.724433429e+03 +2.724433429e+03 +5.7895e-01 -2.0498e+00 -3.7068e+00 +2.2145e+00 -2.1996e+00
28 +1.104442032e+03 +1.104442032e+03 +1.693302032e+03 +1.693302032e+03 +1.7253e+00 -1.5084e+00 -4.1353e-01 +8.3726e-02 -3.8788e-02
906 +3.242731739e+02 +3.242731739e+02 +9.131331739e+02 +9.131331739e+02 +1.1636e+00 +1.3438e+00 -1.0634e+00 -2.3327e-01 +1.2101e+00
1625 +1.378076741e+02 +1.378076741e+02 +7.266676741e+02 +7.266676741e+02 +3.3369e-01 -1.7211e+00 -1.4967e+00 +6.2948e-01 -1.4694e+00
2794 +9.087862705e+01 +9.087862705e+01 +6.797386270e+02 +6.797386270e+02 -2.2103e-01 -4.1085e-01 -4.6078e-01 +2.1822e-01 -7.6470e-01
2970 +5.573656509e+01 +5.573656509e+01 +6.445965651e+02 +6.445965651e+02 +3.7873e-01 +1.7797e-01 +8.0536e-01 -1.1872e-01 +3.1335e-01
% function evaluation | noise-free fitness - Fopt (-3.294000000000e+01) | best noise-free fitness - Fopt | measured fitness | best measured fitness | x1 | x2...
1 +5.177816546e+04 +5.177816546e+04 +5.174522546e+04 +5.174522546e+04 -4.3196e-01 +5.5808e-01 +4.0472e+00 -3.2209e+00 +3.5792e+00
2 +2.992277569e+04 +2.992277569e+04 +2.988983569e+04 +2.988983569e+04 +8.0081e-01 +1.0167e+00 -1.3299e+00 +4.4918e+00 -2.8441e-02
6 +1.372031646e+04 +1.372031646e+04 +1.368737646e+04 +1.368737646e+04 -3.0051e+00 -2.8554e-01 +4.1866e+00 -2.8954e+00 -2.6592e+00
15 +7.551547751e+03 +7.551547751e+03 +7.518607751e+03 +7.518607751e+03 -2.1589e+00 -3.5500e-01 +1.1958e+00 +3.7050e+00 +2.5445e+00
18 +1.563878321e+03 +1.563878321e+03 +1.530938321e+03 +1.530938321e+03 +1.7861e-01 -1.8981e+00 +1.6773e-01 +2.7920e+00 +2.8210e+00
30 +9.629098781e+02 +9.629098781e+02 +9.299698781e+02 +9.299698781e+02 +6.0328e-01 -7.9782e-01 +1.9065e+00 -1.5452e-01 -1.5366e+00
710 +5.803909997e+02 +5.803909997e+02 +5.474509997e+02 +5.474509997e+02 -9.5758e-01 +1.8890e+00 +1.8838e+00 -3.3883e+00 -2.4123e+00
1270 +3.856058336e+02 +3.856058336e+02 +3.526658336e+02 +3.526658336e+02 -9.5042e-01 +1.5843e+00 +8.5561e-01 -2.1180e+00 -1.1934e+00
3188 +1.930702123e+02 +1.930702123e+02 +1.601302123e+02 +1.601302123e+02 -1.0046e-01 +1.0357e+00 +9.9203e-01 -1.4507e+00 -3.5843e-01
% function evaluation | noise-free fitness - Fopt (-1.116200000000e+02) | best noise-free fitness - Fopt | measured fitness | best measured fitness | x1 | x2...
1 +5.707645907e+04 +5.707645907e+04 +5.696483907e+04 +5.696483907e+04 -2.1881e-01 -4.2899e+00 +2.8805e+00 +3.2939e+00 +2.7643e+00
4 +1.936149569e+04 +1.936149569e+04 +1.924987569e+04 +1.924987569e+04 -1.7225e+00 -2.4658e+00 -3.5254e+00 +1.6429e+00 +2.9916e+00
6 +4.547393275e+03 +4.547393275e+03 +4.435773275e+03 +4.435773275e+03 +2.6681e+00 -3.4358e+00 +3.8733e+00 -1.3398e+00 -1.6235e+00
7 +3.816361753e+03 +3.816361753e+03 +3.704741753e+03 +3.704741753e+03 +9.9688e-01 -2.2555e+00 +4.3840e-01 +5.8669e-01 -3.5954e+00
47 +7.774895047e+02 +7.774895047e+02 +6.658695047e+02 +6.658695047e+02 +9.2501e-01 -1.2547e+00 +3.0660e-01 +1.7184e+00 +2.3689e-01
215 +4.127371106e+02 +4.127371106e+02 +3.011171106e+02 +3.011171106e+02 -3.4794e-01 +5.8204e-01 +2.8811e-01 +1.3857e+00 -2.9110e-01
500 +3.425272091e+02 +3.425272091e+02 +2.309072091e+02 +2.309072091e+02 -1.4261e+00 -9.4476e-01 +9.1620e-03 +1.1337e+00 +9.8078e-01
992 +1.606737902e+02 +1.606737902e+02 +4.905379015e+01 +4.905379015e+01 +2.0253e+00 -1.2684e+00 +1.6001e+00 +3.9172e-01 -1.9212e-01
1372 +1.037789655e+02 +1.037789655e+02 -7.841034516e+00 -7.841034516e+00 -4.3092e-01 +1.6366e-01 +2.2336e-01 +6.8787e-01 -4.1775e-01
