% function evaluation | noise-free fitness - Fopt (-5.465000000000e+02) | best noise-free fitness - Fopt | measured fitness | best measured fitness | x1 | x2...
1 +2.309631897e+04 +2.309631897e+04 +2.254981897e+04 +2.254981897e+04 +4.3856e+00 -1.6007e+00 +2.1918e+00 +2.7561e+00 +1.5953e+00
3 +9.917087261e+03 +9.917087261e+03 +9.370587261e+03 +9.370587261e+03 +3.8800e+00 +3.6127e+00 -3.2545e+00 -7.4162e-01 +2.9612e+00
21 +4.373721041e+00 +4.373721041e+00 -5.421262790e+02 -5.421262790e+02 -7.9358e-01 +5.6245e-02 +1.7542e+00 -2.2053e+00 +1.9352e+00
97 +2.935829758e+00 +2.935829758e+00 -5.435641702e+02 -5.435641702e+02 -1.2769e-01 -9.6566e-02 +1.4679e+00 -8.1672e-01 +1.3274e+00
390 +2.437176934e+00 +2.437176934e+00 -5.440628231e+02 -5.440628231e+02 -9.6217e-01 +8.6687e-01 +1.9418e+00 -2.1534e+00 +2.1348e+00
1106 +1.281128929e+00 +1.281128929e+00 -5.452188711e+02 -5.452188711e+02 +1.6145e+00 +2.1827e+00 +2.0632e+00 -2.1131e+00 +6.4467e-01
2370 +7.388754939e-01 +7.388754939e-01 -5.457611245e+02 -5.457611245e+02 -2.0511e+00 +2.1470e+00 +2.0850e+00 -2.1466e+00 +6.4827e-01
3447 +6.000487434e-01 +6.000487434e-01 -5.458999513e+02 -5.458999513e+02 -2.0714e+00 +2.0989e+00 +2.0922e+00 -2.1530e+00 +6.3465e-01
4397 +3.185299002e-01 +3.185299002e-01 -5.461814701e+02 -5.461814701e+02 -2.0461e+00 +2.1152e+00 +2.0890e+00 -2.1350e+00 +9.5840e-01
% function evaluation | noise-free fitness - Fopt (1.000000000000e+03) | best noise-free fitness - Fopt | measured fitness | best measured fitness | x1 | x2...
1 +7.282331257e+04 +7.282331257e+04 +7.382331257e+04 +7.382331257e+04 +6.7171e-01 -3.2398e+00 +3.8051e+00 -1.1982e+00 +2.2946e+00
3 +9.943273464e+03 +9.943273464e+03 +1.094327346e+04 +1.094327346e+04 +4.8198e+00 -2.6592e-01 +6.5318e-01 -1.1109e+00 -3.7773e+00
17 +4.852480861e+03 +4.852480861e+03 +5.852480861e+03 +5.852480861e+03 -3.0858e+00 +4.2996e-02 -1.1642e+00 +1.0489e+00 -2.3856e+00
25 +4.435677221e+01 +4.435677221e+01 +1.044356772e+03 +1.044356772e+03 +2.0992e+00 +3.2173e+00 +9.4263e-01 -1.5607e+00 -1.4159e+00
47 +3.903387624e+01 +3.903387624e+01 +1.039033876e+03 +1.039033876e+03 +7.1247e-01 +2.1299e+00 +2.3953e-01 -6.2389e-01 -2.2156e+00
123 +4.361966225e+00 +4.361966225e+00 +1.004361966e+03 +1.004361966e+03 +7.2255e-01 +2.6141e+00 -2.0311e-01 -1.3992e+00 -1.3122e+00
148 +3.131585001e+00 +3.131585001e+00 +1.003131585e+03 +1.003131585e+03 -1.7171e+00 +2.1723e-01 -1.8903e+00 -6.3404e-01 -2.3900e+00
203 +2.232734259e+00 +2.232734259e+00 +1.002232734e+03 +1.002232734e+03 -2.2308e+00 -7.2298e-01 -1.7243e+00 -2.9370e-01 -2.5600e+00
909 +1.529646415e+00 +1.529646415e+00 +1.001529646e+03 +1.001529646e+03 -1.9931e+00 +1.9825e+00 -1.2117e-01 -2.0648e+00 -2.1407e+00
4269 +9.776287267e-01 +9.776287267e-01 +1.000977629e+03 +1.000977629e+03 -2.1101e+00 +2.1378e+00 -6.2203e-02 -1.8563e+00 -2.1614e+00
% function evaluation | noise-free fitness - Fopt (2.083800000000e+02) | best noise-free fitness - Fopt | measured fitness | best measured fitness | x1 | x2...
1 +3.856758690e+04 +3.856758690e+04 +3.877596690e+04 +3.877596690e+04 -3.1736e+00 -3.3467e+00 +1.1358e+00 +1.1521e+00 -2.1238e+00
4 +1.843863855e+04 +1.843863855e+04 +1.864701855e+04 +1.864701855e+04 +1.5013e+00 -3.7078e+00 +8.0234e-01 -3.7207e-01 -2.4645e-01
6 +2.380703058e+03 +2.380703058e+03 +2.589083058e+03 +2.589083058e+03 +4.6653e+00 +4.9351e+00 +1.1880e+00 +1.5012e+00 +1.9993e+00
25 +2.119102216e+02 +2.119102216e+02 +4.202902216e+02 +4.202902216e+02 +2.3736e-01 +4.2255e-01 +9.8679e-02 +4.9037e-01 +8.6540e-01
103 +2.415629605e+01 +2.415629605e+01 +2.325362961e+02 +2.325362961e+02 +4.0307e-01 +5.2027e-01 -2.1618e-01 +1.2836e+00 +1.8718e+00
118 +5.635880873e+00 +5.635880873e+00 +2.140158809e+02 +2.140158809e+02 +9.3154e-01 +2.8509e+00 +1.4909e+00 +2.8295e-01 +2.6416e+00
202 +2.898578873e+00 +2.898578873e+00 +2.112785789e+02 +2.112785789e+02 -8.3174e-02 +1.2467e+00 +9.6703e-01 +2.3121e+00 +2.0724e+00
438 +2.229101877e+00 +2.229101877e+00 +2.106091019e+02 +2.106091019e+02 +1.5700e+00 -4.3419e-01 +1.0254e+00 +8.5561e-01 +2.3908e+00
1434 +1.483160872e+00 +1.483160872e+00 +2.098631609e+02 +2.098631609e+02 +1.5875e+00 +3.1291e+00 +8.5147e-01 +8.6972e-01 +2.3955e+00
4088 +9.870709389e-01 +9.870709389e-01 +2.093670709e+02 +2.093670709e+02 +1.5515e+00 +3.0221e+00 +1.2611e+00 +8.0861e-01 +2.4078e+00
% function evaluation | noise-free fitness - Fopt (-1.449600000000e+02) | best noise-free fitness - Fopt | measured fitness | best measured fitness | x1 | x2...
1 +1.830145884e+04 +1.830145884e+04 +1.815649884e+04 +1.815649884e+04 -2.7985e-01 +1.0218e+00 -2.1706e-02 -5.8500e-01 -4.7409e+00
18 +1.275417597e+04 +1.275417597e+04 +1.260921597e+04 +1.260921597e+04 -2.4682e+00 -1.7077e-01 -2.2482e+00 -2.7969e+00 +1.2592e+00
24 +5.363958554e+03 +5.363958554e+03 +5.218998554e+03 +5.218998554e+03 -2.3761e-01 +3.4147e+00 -4.4999e+00 -6.4069e-02 -2.7138e+00
32 +3.258483920e+03 +3.258483920e+03 +3.113523920e+03 +3.113523920e+03 -2.9427e-01 -3.9704e+00 -3.2288e+00 -1.4595e+00 -1.6904e+00
51 +5.266627219e+00 +5.266627219e+00 -1.396933728e+02 -1.396933728e+02 -1.1668e-02 -9.9486e-01 -1.5512e+00 -1.9944e+00 -1.1848e+00
54 +3.406011535e+00 +3.406011535e+00 -1.415539885e+02 -1.415539885e+02 -2.3198e+00 +1.4439e-01 -2.7697e+00 -1.7990e+00 -1.7598e+00
350 +2.313283051e+00 +2.313283051e+00 -1.426467169e+02 -1.426467169e+02 +1.4797e+00 -2.9043e+00 -1.8891e+00 -1.0735e+00 -1.4127e+00
1089 +1.185309100e+00 +1.185309100e+00 -1.437746909e+02 -1.437746909e+02 -2.2980e-01 -2.5719e+00 -1.9346e+00 -6.4919e-01 -2.4841e+00
2156 +9.804495422e-01 +9.804495422e-01 -1.439795505e+02 -1.439795505e+02 +6.5512e-01 -2.8799e+00 -1.9296e+00 -6.1684e-01 -2.4790e+00
3721 +6.230343753e-01 +6.230343753e-01 -1.443369656e+02 -1.443369656e+02 +1.4867e+00 -2.9451e+00 -1.9353e+00 -6.1548e-01 -2.4943e+00
% function evaluation | noise-free fitness - Fopt (-6.300000000000e+00) | best noise-free fitness - Fopt | measured fitness | best measured fitness | x1 | x2...
1 +4.983599628e+04 +4.983599628e+04 +4.982969628e+04 +4.982969628e+04 +1.7624e+00 -4.1339e+00 -1.8951e+00 +8.2155e-01 +2.4905e+00
2 +7.394058281e+03 +7.394058281e+03 +7.387758281e+03 +7.387758281e+03 +4.0654e+00 -1.8192e+00 +2.0130e+00 +5.6118e-03 -2.5444e+00
12 +3.410045091e+03 +3.410045091e+03 +3.403745091e+03 +3.403745091e+03 -2.5033e+00 +1.9107e-01 -7.7513e-01 +3.8350e+00 -1.3932e+00
56 +2.661462736e+02 +2.661462736e+02 +2.598462736e+02 +2.598462736e+02 -2.7561e+00 -4.1937e+00 +7.3028e-01 +1.3469e+00 -1.7652e+00
57 +6.552681277e+01 +6.552681277e+01 +5.922681277e+01 +5.922681277e+01 +8.2571e-02 +1.1259e+00 -6.7608e-01 +2.6712e+00 -1.0284e+00
136 +4.587751768e+00 +4.587751768e+00 -1.712248232e+00 -1.712248232e+00 -4.6474e-01 -1.1541e+00 -2.2847e+00 +1.8658e+00 -8.0115e-01
141 +3.158672193e+00 +3.158672193e+00 -3.141327807e+00 -3.141327807e+00 +1.9779e+00 -2.2358e-01 -1.0536e+00 +1.2867e+00 -2.2120e+00
225 +2.255727274e+00 +2.255727274e+00 -4.044272726e+00 -4.044272726e+00 +9.8176e-01 -2.3814e+00 -1.3103e+00 +2.4320e+00 -1.9734e+00
440 +1.488705972e+00 +1.488705972e+00 -4.811294028e+00 -4.811294028e+00 +4.9622e-01 -2.5933e+00 -1.9964e+00 +2.0618e+00 -2.0761e+00
946 +9.470442712e-01 +9.470442712e-01 -5.352955729e+00 -5.352955729e+00 +4.6021e-01 -2.5561e+00 -2.0142e+00 +2.1500e+00 -2.0866e+00
2118 +5.238220390e-01 +5.238220390e-01 -5.776177961e+00 -5.776177961e+00 +1.1024e+00 -2.3524e+00 -2.0489e+00 +2.1193e+00 -2.1148e+00
2448 +2.715729381e-01 +2.715729381e-01 -6.028427062e+00 -6.028427062e+00 +2.0644e+00 -2.1563e+00 -2.0246e+00 +2.1160e+00 -2.1304e+00
3026 +1.929562363e-01 +1.929562363e-01 -6.107043764e+00 -6.107043764e+00 +2.0780e+00 -2.1704e+00 -2.0674e+00 +2.1228e+00 -2.1329e+00
3186 +1.140297503e-01 +1.140297503e-01 -6.185970250e+00 -6.185970250e+00 +2.0765e+00 -2.1542e+00 -2.1032e+00 +2.1022e+00 -2.1319e+00
3437 +9.479395050e-02 +9.479395050e-02 -6.205206049e+00 -6.205206049e+00 +2.1002e+00 -2.1467e+00 -2.1105e+00 +2.0839e+00 -2.1288e+00
3666 +5.453598955e-02 +5.453598955e-02 -6.245464010e+00 -6.245464010e+00 +2.0988e+00 -2.1344e+00 -2.1044e+00 +2.0994e+00 -2.1253e+00
3706 +3.586915998e-02 +3.586915998e-02 -6.264130840e+00 -6.264130840e+00 +2.1105e+00 -2.1242e+00 -2.0933e+00 +2.0986e+00 -2.1210e+00
3757 +2.163836245e-02 +2.163836245e-02 -6.278361638e+00 -6.278361638e+00 +2.1163e+00 -2.1164e+00 -2.1008e+00 +2.0999e+00 -2.1181e+00
3786 +1.515161160e-02 +1.515161160e-02 -6.284848388e+00 -6.284848388e+00 +2.1124e+00 -2.1169e+00 -2.1074e+00 +2.0989e+00 -2.1155e+00
3986 +9.832766379e-03 +9.832766379e-03 -6.290167234e+00 -6.290167234e+00 +2.1041e+00 -2.1177e+00 -2.1070e+00 +2.0996e+00 -2.1130e+00
4262 +1.584856494e-03 +1.584856494e-03 -6.298415144e+00 -6.298415144e+00 +2.1035e+00 -2.1004e+00 -2.1086e+00 +2.1000e+00 -2.1067e+00
4903 +8.966602700e-04 +8.966602700e-04 -6.299103340e+00 -6.299103340e+00 +2.1020e+00 -2.1076e+00 -2.1064e+00 +2.1043e+00 -2.1074e+00
% function evaluation | noise-free fitness - Fopt (-2.206000000000e+01) | best noise-free fitness - Fopt | measured fitness | best measured fitness | x1 | x2...
1 +1.204133516e+05 +1.204133516e+05 +1.203912916e+05 +1.203912916e+05 +4.5707e+00 -3.7849e+00 +4.6650e+00 +3.9540e+00 +2.7900e+00
2 +1.791601713e+04 +1.791601713e+04 +1.789395713e+04 +1.789395713e+04 +4.8578e+00 -4.2511e+00 -3.7008e+00 +8.0037e-01 +4.6505e+00
3 +1.068690441e+04 +1.068690441e+04 +1.066484441e+04 +1.066484441e+04 -1.1136e+00 +4.5757e+00 -1.5573e+00 -4.4390e+00 -7.0713e-02
25 +9.653237324e+03 +9.653237324e+03 +9.631177324e+03 +9.631177324e+03 -4.9483e+00 +9.5440e-01 -1.8541e+00 +8.3728e-02 +4.1030e+00
29 +5.253930769e+03 +5.253930769e+03 +5.231870769e+03 +5.231870769e+03 +4.1236e+00 +3.2297e+00 +1.7454e+00 -4.1071e+00 +1.1156e+00
31 +1.274878584e+03 +1.274878584e+03 +1.252818584e+03 +1.252818584e+03 +3.9779e+00 -1.4783e+00 -3.7669e+00 +3.5647e-01 +2.1325e+00
48 +2.262458294e+02 +2.262458294e+02 +2.041858294e+02 +2.041858294e+02 +1.3582e+00 -1.4867e+00 -3.4655e+00 -6.8166e-01 +2.7201e+00
83 +1.343393322e+02 +1.343393322e+02 +1.122793322e+02 +1.122793322e+02 +6.6336e-01 -1.0146e+00 -2.2960e+00 +1.2625e-01 +1.4747e+00
105 +1.465509025e+01 +1.465509025e+01 -7.404909751e+00 -7.404909751e+00 +8.2247e-03 -3.9623e-01 -3.0372e+00 -5.6595e-01 +2.4284e+00
124 +7.035377920e+00 +7.035377920e+00 -1.502462208e+01 -1.502462208e+01 -1.7921e+00 +0.0000e+00 +0.0000e+00 -8.5131e-01 +2.3400e+00
128 +4.261512114e+00 +4.261512114e+00 -1.779848789e+01 -1.779848789e+01 +1.1658e+00 -5.8704e-01 -2.0371e+00 -6.8573e-01 +1.0597e+00
155 +3.051852854e+00 +3.051852854e+00 -1.900814715e+01 -1.900814715e+01 +1.5250e-02 -3.2349e-01 -1.2346e+00 -2.3669e+00 +8.5747e-01
456 +2.321425440e+00 +2.321425440e+00 -1.973857456e+01 -1.973857456e+01 +2.1725e+00 -2.1829e-03 -7.1298e-01 -2.5211e+00 +1.4093e+00
1255 +1.551978319e+00 +1.551978319e+00 -2.050802168e+01 -2.050802168e+01 +2.0102e+00 -5.3395e-01 -7.3692e-01 -2.0154e+00 +1.7649e+00
3034 +9.795179494e-01 +9.795179494e-01 -2.108048205e+01 -2.108048205e+01 +2.0668e+00 -6.0100e-01 -7.6410e-01 -2.0030e+00 +2.1454e+00
% function evaluation | noise-free fitness - Fopt (7.129000000000e+01) | best noise-free fitness - Fopt | measured fitness | best measured fitness | x1 | x2...
1 +5.623961655e+04 +5.623961655e+04 +5.631090655e+04 +5.631090655e+04 -1.2046e+00 +1.0640e+00 -7.5416e-01 -3.0551e+00 +3.5760e-01
3 +7.673408579e+03 +7.673408579e+03 +7.744698579e+03 +7.744698579e+03 +4.9343e+00 +4.4339e+00 -2.6073e+00 +4.4476e+00 -1.5255e-01
30 +4.827522590e+02 +4.827522590e+02 +5.540422590e+02 +5.540422590e+02 -2.1415e+00 +1.0561e+00 +6.6080e-01 +3.0943e+00 -1.6478e+00
46 +2.391288543e+01 +2.391288543e+01 +9.520288543e+01 +9.520288543e+01 -2.7162e+00 +1.8850e+00 +1.5714e+00 +9.5501e-01 -1.0863e+00
54 +4.421675904e+00 +4.421675904e+00 +7.571167590e+01 +7.571167590e+01 +1.4361e+00 +1.2404e+00 +6.1776e-02 +1.0887e+00 -1.0238e+00
146 +3.839970483e+00 +3.839970483e+00 +7.512997048e+01 +7.512997048e+01 +8.2191e-01 +2.0624e+00 +2.0779e+00 +3.8687e-01 -1.9196e+00
244 +2.487661079e+00 +2.487661079e+00 +7.377766108e+01 +7.377766108e+01 -1.9929e+00 -5.5545e-01 +1.1171e+00 +1.9290e+00 -1.0755e+00
2066 +1.467589477e+00 +1.467589477e+00 +7.275758948e+01 +7.275758948e+01 -2.2002e+00 +2.0229e+00 +2.4874e-02 +2.5424e+00 -1.1344e+00
2506 +9.749776220e-01 +9.749776220e-01 +7.226497762e+01 +7.226497762e+01 -2.1688e+00 +2.1017e+00 +8.3612e-02 +2.5937e+00 -1.1491e+00
3779 +5.731082670e-01 +5.731082670e-01 +7.186310827e+01 +7.186310827e+01 -2.0811e+00 +2.0556e+00 +1.0974e-02 +2.6485e+00 -1.9381e+00
4023 +3.822175699e-01 +3.822175699e-01 +7.167221757e+01 +7.167221757e+01 -2.0527e+00 +2.0743e+00 +5.2726e-02 +2.6508e+00 -1.9637e+00
% function evaluation | noise-free fitness - Fopt (-1.054000000000e+01) | best noise-free fitness - Fopt | measured fitness | best measured fitness | x1 | x2...
1 +5.589177743e+04 +5.589177743e+04 +5.588123743e+04 +5.588123743e+04 +2.2016e+00 +1.3851e-01 -4.5502e-01 +2.8446e+00 +8.3309e-01
2 +2.301969243e+04 +2.301969243e+04 +2.300915243e+04 +2.300915243e+04 -4.1101e+00 -4.9032e+00 -1.1905e+00 -3.3678e+00 +1.8833e+00
9 +1.554712360e+04 +1.554712360e+04 +1.553658360e+04 +1.553658360e+04 -5.9791e-01 -3.6153e+00 +1.0765e+00 +1.6443e+00 -1.4773e+00
10 +7.940288690e+03 +7.940288690e+03 +7.929748690e+03 +7.929748690e+03 -9.3512e-01 -4.0445e+00 -6.7966e-01 +1.2925e+00 -2.1502e+00
14 +5.355010398e+03 +5.355010398e+03 +5.344470398e+03 +5.344470398e+03 -2.2397e+00 -4.3385e+00 -2.4575e+00 -2.7434e+00 +4.5045e-01
32 +3.846962837e+00 +3.846962837e+00 -6.693037163e+00 -6.693037163e+00 -8.4933e-01 -1.4155e+00 -2.3741e+00 -1.3209e+00 -1.5283e+00
399 +2.192848709e+00 +2.192848709e+00 -8.347151291e+00 -8.347151291e+00 -9.2180e-01 -2.9001e-02 -2.6676e+00 -4.3478e-01 -1.3941e+00
1630 +1.273837616e+00 +1.273837616e+00 -9.266162384e+00 -9.266162384e+00 +2.3007e+00 -1.9316e+00 -2.1638e+00 -1.6206e+00 -2.1801e+00
1837 +9.534661011e-01 +9.534661011e-01 -9.586533899e+00 -9.586533899e+00 +2.2783e+00 -2.1532e+00 -2.0729e+00 -1.6714e+00 -2.1901e+00
2292 +6.108621219e-01 +6.108621219e-01 -9.929137878e+00 -9.929137878e+00 +2.1203e+00 -2.0855e+00 -2.1252e+00 -1.6451e+00 -2.1789e+00
% function evaluation | noise-free fitness - Fopt (3.860100000000e+02) | best noise-free fitness - Fopt | measured fitness | best measured fitness | x1 | x2...
1 +6.215061894e+04 +6.215061894e+04 +6.253662894e+04 +6.253662894e+04 -1.5841e+00 +3.0160e+00 +3.0935e+00 +2.5419e+00 -2.5529e+00
3 +7.009325040e+02 +7.009325040e+02 +1.086942504e+03 +1.086942504e+03 +2.4328e+00 +7.2841e-02 -6.3304e-03 +2.0091e+00 +2.6705e+00
55 +3.902638840e+00 +3.902638840e+00 +3.899126388e+02 +3.899126388e+02 -2.3814e-01 +4.5110e-01 -2.0768e+00 +1.3843e+00 +2.3110e+00
79 +2.167339733e+00 +2.167339733e+00 +3.881773397e+02 +3.881773397e+02 +2.1871e+00 -2.0467e+00 +2.4494e-02 +1.0255e+00 +1.6413e+00
977 +1.479304696e+00 +1.479304696e+00 +3.874893047e+02 +3.874893047e+02 +2.1020e+00 -2.0714e+00 -2.1773e-02 +1.1259e+00 +1.6729e+00
1538 +9.870659345e-01 +9.870659345e-01 +3.869970659e+02 +3.869970659e+02 +2.2318e+00 -2.0939e+00 -9.6449e-02 +2.6261e+00 +1.5970e+00
1887 +4.902462416e-01 +4.902462416e-01 +3.865002462e+02 +3.865002462e+02 +2.0678e+00 -2.0577e+00 -3.2797e-02 +2.5842e+00 +1.9699e+00
2174 +3.820113586e-01 +3.820113586e-01 +3.863920114e+02 +3.863920114e+02 +2.0607e+00 -2.1161e+00 -4.9499e-02 +2.5789e+00 +1.9698e+00
3614 +2.502846456e-01 +2.502846456e-01 +3.862602846e+02 +3.862602846e+02 +2.1071e+00 -2.0841e+00 -6.6924e-02 +2.6135e+00 +1.9835e+00
% function evaluation | noise-free fitness - Fopt (-1.257000000000e+01) | best noise-free fitness - Fopt | measured fitness | best measured fitness | x1 | x2...
1 +3.043983934e+04 +3.043983934e+04 +3.042726934e+04 +3.042726934e+04 -2.7224e+00 -4.0608e+00 +2.7466e+00 -4.2120e+00 +1.3712e+00
3 +1.086364192e+03 +1.086364192e+03 +1.073794192e+03 +1.073794192e+03 -2.5235e+00 +3.9658e+00 -2.5777e+00 -9.9366e-01 +6.4565e-01
52 +5.746332770e+00 +5.746332770e+00 -6.823667230e+00 -6.823667230e+00 +1.5733e+00 +1.8288e+00 -1.7669e+00 -1.8293e+00 +1.8903e+00
201 +3.915750311e+00 +3.915750311e+00 -8.654249689e+00 -8.654249689e+00 -1.9199e+00 +7.1779e-01 -1.0400e+00 -1.8951e+00 +2.1507e+00
288 +2.152231084e+00 +2.152231084e+00 -1.041776892e+01 -1.041776892e+01 +2.2407e+00 +1.3030e+00 -1.0449e+00 -8.1226e-01 +2.3604e+00
1905 +1.468535868e+00 +1.468535868e+00 -1.110146413e+01 -1.110146413e+01 -1.3845e+00 +1.8153e-01 -5.8523e-01 -1.0217e+00 +2.3709e+00
3411 +9.933388177e-01 +9.933388177e-01 -1.157666118e+01 -1.157666118e+01 -1.5067e+00 +2.6820e-01 -5.0641e-01 -9.9059e-01 +2.3748e+00
% function evaluation | noise-free fitness - Fopt (-1.270400000000e+02) | best noise-free fitness - Fopt | measured fitness | best measured fitness | x1 | x2...
1 +3.187705340e+04 +3.187705340e+04 +3.175001340e+04 +3.175001340e+04 -9.3138e-04 +1.8798e-01 +4.4687e+00 -3.9987e+00 -3.8981e+00
6 +2.314195030e+04 +2.314195030e+04 +2.301491030e+04 +2.301491030e+04 +1.7582e+00 +4.6077e-01 +3.1800e+00 +4.9895e+00 +9.3962e-01
10 +2.426652551e+02 +2.426652551e+02 +1.156252551e+02 +1.156252551e+02 -3.2723e+00 -1.1132e+00 +1.6260e+00 +2.0410e+00 -7.1770e-01
113 +4.547469219e+01 +4.547469219e+01 -8.156530781e+01 -8.156530781e+01 -1.3059e+00 -8.1186e-01 +2.6831e-01 +2.3503e+00 -4.8516e-01
122 +6.058877675e+00 +6.058877675e+00 -1.209811223e+02 -1.209811223e+02 -1.8406e+00 -6.5306e-01 +7.9224e-02 +7.9446e-01 -1.1595e+00
261 +3.688185287e+00 +3.688185287e+00 -1.233518147e+02 -1.233518147e+02 -1.8880e+00 -6.9549e-01 +1.4150e-01 +1.4095e+00 -2.2421e+00
382 +2.298706482e+00 +2.298706482e+00 -1.247412935e+02 -1.247412935e+02 -2.0357e+00 -4.1590e-01 +4.3820e-01 +5.8379e-01 -1.6227e+00
1232 +1.506902001e+00 +1.506902001e+00 -1.255330980e+02 -1.255330980e+02 -1.0555e+00 -2.3543e+00 -8.9967e-02 +2.5655e+00 -2.0266e+00
2054 +8.906206242e-01 +8.906206242e-01 -1.261493794e+02 -1.261493794e+02 -9.7681e-01 -2.3391e+00 -5.4096e-03 +2.6530e+00 -2.0036e+00
% function evaluation | noise-free fitness - Fopt (-3.752000000000e+01) | best noise-free fitness - Fopt | measured fitness | best measured fitness | x1 | x2...
1 +5.056578231e+04 +5.056578231e+04 +5.052826231e+04 +5.052826231e+04 +7.6078e-01 -3.3193e+00 +1.3041e-01 -3.8742e+00 +1.3066e+00
2 +1.320240003e+04 +1.320240003e+04 +1.316488003e+04 +1.316488003e+04 +4.5378e+00 +4.5051e+00 +9.6194e-01 +5.8713e-01 +3.0873e+00
3 +9.510438128e+03 +9.510438128e+03 +9.472918128e+03 +9.472918128e+03 -2.6700e+00 +3.1986e+00 -9.0969e-01 -6.7475e-01 +1.8952e+00
10 +1.678670168e+03 +1.678670168e+03 +1.641150168e+03 +1.641150168e+03 +1.6370e+00 -1.2915e-01 -3.5279e+00 +1.7830e-01 +3.2221e+00
49 +8.827546287e+02 +8.827546287e+02 +8.452346287e+02 +8.452346287e+02 +1.9703e+00 -9.9752e-01 -3.3381e-01 +5.1708e-02 +9.4513e-01
73 +4.700872274e+00 +4.700872274e+00 -3.281912773e+01 -3.281912773e+01 -1.1307e+00 -1.4629e+00 -2.9263e-01 +1.6476e+00 +9.2717e-01
123 +3.670106150e+00 +3.670106150e+00 -3.384989385e+01 -3.384989385e+01 -6.5709e-01 -1.8526e+00 -1.4749e+00 +3.4451e-01 +2.0513e+00
481 +2.215883807e+00 +2.215883807e+00 -3.530411619e+01 -3.530411619e+01 +2.1078e+00 -2.1332e+00 -1.4560e+00 +2.3702e+00 +1.0740e+00
1168 +1.058012698e+00 +1.058012698e+00 -3.646198730e+01 -3.646198730e+01 +7.6778e-01 -2.5280e+00 -1.9983e+00 +2.1526e+00 +2.0883e+00
2370 +8.123714279e-01 +8.123714279e-01 -3.670762857e+01 -3.670762857e+01 +1.2091e+00 -2.3161e+00 -2.0657e+00 +2.0874e+00 +2.1085e+00
2702 +5.714131730e-01 +5.714131730e-01 -3.694858683e+01 -3.694858683e+01 +1.0734e+00 -2.2966e+00 -2.0496e+00 +2.1244e+00 +2.0835e+00
% function evaluation | noise-free fitness - Fopt (-3.311600000000e+02) | best noise-free fitness - Fopt | measured fitness | best measured fitness | x1 | x2...
1 +6.481701915e+04 +6.481701915e+04 +6.448585915e+04 +6.448585915e+04 +2.3851e+00 +4.1627e+00 +3.0421e-02 +4.0405e+00 -3.5252e+00
2 +5.082618784e+04 +5.082618784e+04 +5.049502784e+04 +5.049502784e+04 +7.5827e-01 -8.6687e-01 -9.3419e-01 -4.1922e+00 +1.4773e+00
5 +1.403878359e+04 +1.403878359e+04 +1.370762359e+04 +1.370762359e+04 -3.9236e+00 +3.0961e+00 -1.3875e+00 -1.2484e+00 +1.7044e+00
8 +8.146692871e+02 +8.146692871e+02 +4.835092871e+02 +4.835092871e+02 +3.8085e+00 -9.3786e-02 -3.1457e+00 +8.9475e-01 +1.8102e+00
56 +3.481917704e+02 +3.481917704e+02 +1.703177038e+01 +1.703177038e+01 +1.0620e+00 +1.6807e+00 -3.2134e-01 +8.1880e-01 +8.3794e-01
69 +1.614126218e+02 +1.614126218e+02 -1.697473782e+02 -1.697473782e+02 -3.1293e+00 -3.2479e+00 +7.7422e-02 +2.4862e+00 +2.0379e+00
118 +3.507309667e+01 +3.507309667e+01 -2.960869033e+02 -2.960869033e+02 -4.9265e-02 -3.1440e+00 -1.4658e+00 +2.0901e+00 +2.0779e+00
189 +6.472049209e+00 +6.472049209e+00 -3.246879508e+02 -3.246879508e+02 -1.0775e+00 -1.7192e+00 -1.3453e+00 +2.4721e+00 +6.6163e-01
208 +5.098942194e+00 +5.098942194e+00 -3.260610578e+02 -3.260610578e+02 +3.1988e-01 +5.6623e-01 -1.1289e+00 +2.4797e+00 +5.4171e-01
322 +3.922401315e+00 +3.922401315e+00 -3.272375987e+02 -3.272375987e+02 +3.5038e-01 -1.5514e+00 -1.1536e+00 +2.2338e+00 +1.3284e+00
1253 +2.472974597e+00 +2.472974597e+00 -3.286870254e+02 -3.286870254e+02 -1.5782e+00 -4.0463e-01 -2.6312e+00 +1.4696e+00 +1.7574e+00
2014 +1.445917127e+00 +1.445917127e+00 -3.297140829e+02 -3.297140829e+02 -1.5951e+00 -3.1149e-01 -2.4781e+00 +1.5492e+00 +1.1243e+00
2516 +9.475788461e-01 +9.475788461e-01 -3.302124212e+02 -3.302124212e+02 -1.5300e+00 -3.0456e-01 -2.5649e+00 +1.9656e+00 +1.7971e+00
2905 +5.316334220e-01 +5.316334220e-01 -3.306283666e+02 -3.306283666e+02 -1.5396e+00 -3.0355e-01 -2.5380e+00 +2.0174e+00 +2.1139e+00
% function evaluation | noise-free fitness - Fopt (4.481000000000e+01) | best noise-free fitness - Fopt | measured fitness | best measured fitness | x1 | x2...
1 +1.694157664e+05 +1.694157664e+05 +1.694605764e+05 +1.694605764e+05 +1.9674e+00 -2.2752e+00 -3.3707e+00 -2.5324e-01 -4.6673e+00
2 +1.007753353e+04 +1.007753353e+04 +1.012234353e+04 +1.012234353e+04 +1.6502e+00 -3.7412e+00 +2.5885e+00 -9.4248e-01 +1.9774e+00
4 +4.143807371e+03 +4.143807371e+03 +4.188617371e+03 +4.188617371e+03 -1.5096e+00 +3.9621e+00 +3.1591e+00 +1.2955e+00 +2.8175e+00
26 +3.617097879e+03 +3.617097879e+03 +3.661907879e+03 +3.661907879e+03 -2.9687e+00 +1.0989e+00 +3.9086e+00 -7.4150e-01 +3.3949e+00
37 +7.582670461e+02 +7.582670461e+02 +8.030770461e+02 +8.030770461e+02 -1.7924e-01 +3.8331e+00 +1.5023e+00 +2.6450e+00 +1.0204e+00
55 +5.107151536e+02 +5.107151536e+02 +5.555251536e+02 +5.555251536e+02 -2.1979e+00 +2.8075e+00 -1.2041e+00 +1.8899e+00 +1.2197e+00
60 +3.203549302e+02 +3.203549302e+02 +3.651649302e+02 +3.651649302e+02 +9.5493e-01 +3.2301e+00 -7.7268e-01 +3.3637e+00 +4.4716e-01
125 +1.694107027e+02 +1.694107027e+02 +2.142207027e+02 +2.142207027e+02 +5.6737e-01 +0.0000e+00 +1.6690e+00 +0.0000e+00 +1.7577e+00
138 +3.269849450e+00 +3.269849450e+00 +4.807984945e+01 +4.807984945e+01 +0.0000e+00 +2.4012e+00 +0.0000e+00 +2.7891e+00 +1.9924e+00
327 +2.368468553e+00 +2.368468553e+00 +4.717846855e+01 +4.717846855e+01 +5.2103e-01 +2.6594e+00 -7.0131e-03 +2.4911e+00 +1.9534e+00
996 +1.127541280e+00 +1.127541280e+00 +4.593754128e+01 +4.593754128e+01 -1.9363e+00 +2.1721e+00 +1.0515e+00 +2.4043e+00 +2.0148e+00
1665 +9.528534574e-01 +9.528534574e-01 +4.576285346e+01 +4.576285346e+01 -2.0158e+00 +2.1752e+00 +1.0770e+00 +2.4043e+00 +2.0169e+00
2396 +5.946917440e-01 +5.946917440e-01 +4.540469174e+01 +4.540469174e+01 -2.1049e+00 +2.1699e+00 +1.4762e+00 +2.2992e+00 +2.0479e+00
2832 +2.379441529e-01 +2.379441529e-01 +4.504794415e+01 +4.504794415e+01 -2.0888e+00 +2.1013e+00 +2.1384e+00 +2.1428e+00 +2.0668e+00
3218 +1.233702072e-01 +1.233702072e-01 +4.493337021e+01 +4.493337021e+01 -2.1049e+00 +2.1151e+00 +2.1504e+00 +2.1188e+00 +2.0905e+00
3378 +7.807849225e-02 +7.807849225e-02 +4.488807849e+01 +4.488807849e+01 -2.1101e+00 +2.1159e+00 +2.1456e+00 +2.1045e+00 +2.0953e+00
3658 +6.303486307e-02 +6.303486307e-02 +4.487303486e+01 +4.487303486e+01 -2.1085e+00 +2.1158e+00 +2.1431e+00 +2.0900e+00 +2.1013e+00
3806 +2.618013550e-02 +2.618013550e-02 +4.483618014e+01 +4.483618014e+01 -2.1286e+00 +2.1214e+00 +2.0890e+00 +2.1154e+00 +2.1090e+00
4130 +8.975643336e-03 +8.975643336e-03 +4.481897564e+01 +4.481897564e+01 -2.1070e+00 +2.1140e+00 +2.0943e+00 +2.1168e+00 +2.1029e+00
4872 +4.949202798e-03 +4.949202798e-03 +4.481494920e+01 +4.481494920e+01 -2.0881e+00 +2.1189e+00 +2.1008e+00 +2.1073e+00 +2.1027e+00
% function evaluation | noise-free fitness - Fopt (-1.764600000000e+02) | best noise-free fitness - Fopt | measured fitness | best measured fitness | x1 | x2...
1 +1.205338484e+05 +1.205338484e+05 +1.203573884e+05 +1.203573884e+05 +4.0174e+00 -1.3492e+00 +5.8495e-01 +4.3092e-01 -4.3273e+00
2 +1.708482299e+04 +1.708482299e+04 +1.690836299e+04 +1.690836299e+04 -2.3240e+00 +3.3677e+00 -3.2705e+00 +2.8813e-01 +4.5769e+00
4 +1.534454040e+04 +1.534454040e+04 +1.516808040e+04 +1.516808040e+04 +4.6316e+00 -4.0246e+00 -2.5896e+00 +1.2268e+00 +1.8424e+00
5 +7.320811245e+03 +7.320811245e+03 +7.144351245e+03 +7.144351245e+03 -3.3802e+00 +3.2838e+00 -3.8996e+00 +2.6579e+00 +1.8075e+00
6 +1.625040791e+03 +1.625040791e+03 +1.448580791e+03 +1.448580791e+03 -1.0483e+00 +4.1746e+00 -1.5758e+00 +1.4508e+00 +1.0482e+00
51 +1.276201997e+01 +1.276201997e+01 -1.636979800e+02 -1.636979800e+02 +2.3349e+00 +1.7899e+00 +4.9190e-01 +8.1472e-01 +1.9246e+00
83 +3.268073160e+00 +3.268073160e+00 -1.731919268e+02 -1.731919268e+02 +1.4908e+00 +2.9056e+00 -3.3127e-02 +9.7073e-01 +2.1305e+00
500 +2.244204669e+00 +2.244204669e+00 -1.742157953e+02 -1.742157953e+02 +1.6498e+00 +2.9938e+00 -8.2631e-01 +9.7641e-01 +2.0521e+00
1392 +1.499436905e+00 +1.499436905e+00 -1.749605631e+02 -1.749605631e+02 +1.4893e+00 +2.9953e+00 -1.2646e+00 +1.6047e+00 +2.2144e+00
1994 +8.238981148e-01 +8.238981148e-01 -1.756361019e+02 -1.756361019e+02 +1.3936e+00 +2.9279e+00 -1.8656e+00 +2.1555e+00 +2.0291e+00
2057 +4.532571608e-01 +4.532571608e-01 -1.760067428e+02 -1.760067428e+02 +1.4271e+00 +3.0539e+00 -1.8708e+00 +2.1557e+00 +2.1172e+00
2493 +3.751775247e-01 +3.751775247e-01 -1.760848225e+02 -1.760848225e+02 +1.4481e+00 +2.9823e+00 -1.8716e+00 +2.1528e+00 +2.1216e+00
3103 +2.435906653e-01 +2.435906653e-01 -1.762164093e+02 -1.762164093e+02 +1.4958e+00 +2.9973e+00 -1.8743e+00 +2.1609e+00 +2.0938e+00
