% function evaluation | noise-free fitness - Fopt (-2.098800000000e+02) | best noise-free fitness - Fopt | measured fitness | best measured fitness | x1 | x2...
1 +3.822303342e+05 +3.822303342e+05 +3.820204542e+05 +3.820204542e+05 -1.7636e+00 -3.7146e-01 -3.0472e-01 +2.8640e-01 +2.2704e+00
29 +1.630713649e+05 +1.630713649e+05 +1.628614849e+05 +1.628614849e+05 -2.9703e+00 -1.1835e+00 -3.8616e+00 +5.7053e-01 +1.8062e+00
73 +9.854456466e+04 +9.854456466e+04 +9.833468466e+04 +9.833468466e+04 -4.4162e+00 -1.1758e+00 -1.6812e+00 +1.8310e+00 +1.5327e+00
207 +6.125657190e+04 +6.125657190e+04 +6.104669190e+04 +6.104669190e+04 -1.3980e+00 -2.5792e+00 -2.2990e+00 +3.2140e+00 +1.8877e+00
292 +1.802205366e+04 +1.802205366e+04 +1.781217366e+04 +1.781217366e+04 -4.3744e+00 -1.0157e+00 +0.0000e+00 +2.0115e+00 +1.7606e+00
371 +1.404765538e+04 +1.404765538e+04 +1.383777538e+04 +1.383777538e+04 -2.3570e+00 -6.5920e-01 +1.0134e-01 +2.1224e+00 +1.7914e+00
492 +9.597171530e+03 +9.597171530e+03 +9.387291530e+03 +9.387291530e+03 -2.1109e+00 -1.9467e+00 +4.3447e+00 +1.8352e+00 +1.7809e+00
508 +1.692749427e+03 +1.692749427e+03 +1.482869427e+03 +1.482869427e+03 -4.2272e+00 -1.4344e+00 +4.3226e+00 +2.2391e+00 +1.8021e+00
833 +1.344588196e+03 +1.344588196e+03 +1.134708196e+03 +1.134708196e+03 -3.4852e+00 -1.4387e+00 +4.3310e+00 +2.3884e+00 +1.8100e+00
972 +4.608935283e+02 +4.608935283e+02 +2.510135283e+02 +2.510135283e+02 -3.9068e+00 -1.5944e+00 +4.0329e+00 +2.3501e+00 +1.7796e+00
1089 +2.523073755e+02 +2.523073755e+02 +4.242737550e+01 +4.242737550e+01 -3.1418e+00 -1.3106e+00 +3.6067e+00 +2.4064e+00 +1.7747e+00
1411 +1.445728818e+02 +1.445728818e+02 -6.530711820e+01 -6.530711820e+01 -3.1054e+00 -6.8634e-01 +3.7577e+00 +2.4074e+00 +1.7810e+00
1611 +9.783727180e+01 +9.783727180e+01 -1.120427282e+02 -1.120427282e+02 -3.1132e+00 -8.8978e-01 +3.5530e+00 +2.4032e+00 +1.7837e+00
1771 +5.789560742e+01 +5.789560742e+01 -1.519843926e+02 -1.519843926e+02 -3.0822e+00 -4.3529e-01 +3.6432e+00 +2.4020e+00 +1.7867e+00
1945 +3.929574522e+01 +3.929574522e+01 -1.705842548e+02 -1.705842548e+02 -3.1203e+00 +1.4120e-02 +3.4979e+00 +2.3888e+00 +1.7891e+00
2251 +1.916208675e+01 +1.916208675e+01 -1.907179133e+02 -1.907179133e+02 -3.0804e+00 +4.2008e-01 +3.5783e+00 +2.3881e+00 +1.7856e+00
3066 +1.519108938e+01 +1.519108938e+01 -1.946889106e+02 -1.946889106e+02 -2.5248e+00 +4.6897e-01 +3.5366e+00 +2.3893e+00 +1.7864e+00
3229 +8.837989730e+00 +8.837989730e+00 -2.010420103e+02 -2.010420103e+02 -1.1234e+00 +5.3702e-01 +3.5808e+00 +2.3793e+00 +1.7866e+00
3371 +5.671987536e+00 +5.671987536e+00 -2.042080125e+02 -2.042080125e+02 -9.0473e-01 +5.8510e-01 +3.5435e+00 +2.3827e+00 +1.7859e+00
3587 +3.877872554e+00 +3.877872554e+00 -2.060021274e+02 -2.060021274e+02 +8.1976e-02 +4.0588e-01 +3.5400e+00 +2.3807e+00 +1.7866e+00
3654 +2.236298720e+00 +2.236298720e+00 -2.076437013e+02 -2.076437013e+02 +3.1157e-01 +3.3996e-01 +3.5511e+00 +2.3807e+00 +1.7858e+00
3814 +4.419903081e-01 +4.419903081e-01 -2.094380097e+02 -2.094380097e+02 +8.9468e-01 +4.3173e-01 +3.5603e+00 +2.3850e+00 +1.7852e+00
3974 +3.408197349e-01 +3.408197349e-01 -2.095391803e+02 -2.095391803e+02 +1.1976e+00 +4.3201e-01 +3.5390e+00 +2.3847e+00 +1.7856e+00
4183 +1.512561303e-01 +1.512561303e-01 -2.097287439e+02 -2.097287439e+02 +1.2069e+00 +4.3076e-01 +3.5470e+00 +2.3848e+00 +1.7855e+00
4331 +9.420654157e-02 +9.420654157e-02 -2.097857935e+02 -2.097857935e+02 +1.1507e+00 +4.6166e-01 +3.5569e+00 +2.3848e+00 +1.7856e+00
4380 +6.097289667e-02 +6.097289667e-02 -2.098190271e+02 -2.098190271e+02 +1.2599e+00 +4.5548e-01 +3.5567e+00 +2.3853e+00 +1.7857e+00
4700 +3.066506441e-02 +3.066506441e-02 -2.098493349e+02 -2.098493349e+02 +1.2679e+00 +4.5143e-01 +3.5559e+00 +2.3855e+00 +1.7856e+00
4851 +9.698816246e-03 +9.698816246e-03 -2.098703012e+02 -2.098703012e+02 +1.2730e+00 +4.5310e-01 +3.5527e+00 +2.3861e+00 +1.7856e+00
% function evaluation | noise-free fitness - Fopt (-9.209000000000e+01) | best noise-free fitness - Fopt | measured fitness | best measured fitness | x1 | x2...
1 +1.749724681e+07 +1.749724681e+07 +1.749715472e+07 +1.749715472e+07 +4.5220e+00 -1.0678e+00 +1.6077e+00 +4.5510e+00 -4.1246e+00
2 +5.655577550e+05 +5.655577550e+05 +5.654656650e+05 +5.654656650e+05 -4.2211e-01 +2.4059e+00 -3.6749e+00 -2.9491e+00 +6.2776e-01
8 +3.181830247e+05 +3.181830247e+05 +3.180909347e+05 +3.180909347e+05 -9.3270e-01 +1.4718e+00 -7.4382e-01 -1.6161e+00 -7.1917e-01
40 +7.306167757e+04 +7.306167757e+04 +7.296958757e+04 +7.296958757e+04 -4.6327e+00 +4.0248e+00 -3.5005e+00 -1.8020e+00 -3.6507e-01
84 +5.033900389e+04 +5.033900389e+04 +5.024691389e+04 +5.024691389e+04 -5.0000e+00 +3.8790e+00 -3.2376e-01 -7.9462e-01 +0.0000e+00
98 +3.772408875e+04 +3.772408875e+04 +3.763199875e+04 +3.763199875e+04 -4.4804e+00 +3.3860e+00 -2.5808e+00 -1.0506e+00 +0.0000e+00
100 +2.055018533e+04 +2.055018533e+04 +2.045809533e+04 +2.045809533e+04 -1.4812e+00 -2.4107e+00 -4.1627e+00 -1.6879e+00 -1.5102e-01
336 +1.325766012e+04 +1.325766012e+04 +1.316557012e+04 +1.316557012e+04 +5.0000e+00 -1.9477e+00 -1.9245e+00 -1.9063e+00 -3.0417e-02
386 +8.265813272e+03 +8.265813272e+03 +8.173723272e+03 +8.173723272e+03 +4.8543e+00 -5.0000e+00 -1.3648e+00 -1.6249e+00 -1.7067e-01
462 +3.822732471e+03 +3.822732471e+03 +3.730642471e+03 +3.730642471e+03 +0.0000e+00 -9.9594e-01 +1.5660e-01 -1.8703e+00 -1.7970e-01
662 +1.653574192e+03 +1.653574192e+03 +1.561484192e+03 +1.561484192e+03 +1.0001e+00 -6.3856e-01 +3.2095e-01 -1.8566e+00 -1.5267e-01
774 +7.278209508e+02 +7.278209508e+02 +6.357309508e+02 +6.357309508e+02 +1.3550e-01 -8.3476e-01 +3.4484e-01 -1.7878e+00 -1.0303e-01
1022 +3.797492839e+02 +3.797492839e+02 +2.876592839e+02 +2.876592839e+02 -5.7276e-02 -4.8600e-01 +2.3891e-01 -1.7841e+00 -1.2219e-01
1614 +1.726534865e+02 +1.726534865e+02 +8.056348654e+01 +8.056348654e+01 +3.3111e+00 +3.8794e-01 +1.3941e-01 -1.8423e+00 -1.1779e-01
1854 +6.095482742e+01 +6.095482742e+01 -3.113517258e+01 -3.113517258e+01 +3.1705e+00 +1.6832e+00 +1.4549e-01 -1.8510e+00 -1.1707e-01
1941 +2.713938405e+01 +2.713938405e+01 -6.495061595e+01 -6.495061595e+01 +3.6178e+00 +2.5672e+00 +1.4137e-01 -1.8104e+00 -1.1612e-01
2344 +2.480144335e+01 +2.480144335e+01 -6.728855665e+01 -6.728855665e+01 +4.0593e+00 +2.4562e+00 +1.5047e-01 -1.8082e+00 -1.1882e-01
2624 +1.580586358e+01 +1.580586358e+01 -7.628413642e+01 -7.628413642e+01 +2.6460e+00 +2.8437e+00 +5.0008e-02 -1.8175e+00 -1.1688e-01
2744 +6.898694846e+00 +6.898694846e+00 -8.519130515e+01 -8.519130515e+01 +2.3460e+00 +2.4332e+00 +9.7215e-02 -1.8190e+00 -1.1786e-01
2818 +4.465640779e+00 +4.465640779e+00 -8.762435922e+01 -8.762435922e+01 +2.6793e+00 +2.7353e+00 +8.4412e-02 -1.8256e+00 -1.1971e-01
3144 +3.012993842e+00 +3.012993842e+00 -8.907700616e+01 -8.907700616e+01 +1.7628e+00 +2.7664e+00 +9.6233e-02 -1.8215e+00 -1.1855e-01
3184 +1.609571444e+00 +1.609571444e+00 -9.048042856e+01 -9.048042856e+01 +1.1425e+00 +2.7049e+00 +9.8937e-02 -1.8241e+00 -1.2022e-01
3218 +3.454572510e-01 +3.454572510e-01 -9.174454275e+01 -9.174454275e+01 +7.5513e-01 +2.6233e+00 +1.0106e-01 -1.8244e+00 -1.1892e-01
3264 +1.985072937e-01 +1.985072937e-01 -9.189149271e+01 -9.189149271e+01 +8.0333e-01 +2.6289e+00 +1.0008e-01 -1.8248e+00 -1.1935e-01
3584 +1.212181624e-01 +1.212181624e-01 -9.196878184e+01 -9.196878184e+01 +7.5107e-01 +2.6368e+00 +1.0055e-01 -1.8261e+00 -1.1929e-01
4157 +6.089743469e-02 +6.089743469e-02 -9.202910257e+01 -9.202910257e+01 +8.0354e-01 +2.6257e+00 +9.2223e-02 -1.8277e+00 -1.1919e-01
4471 +1.904484988e-02 +1.904484988e-02 -9.207095515e+01 -9.207095515e+01 +7.2108e-01 +2.6429e+00 +9.1328e-02 -1.8261e+00 -1.1920e-01
4530 +1.197393634e-02 +1.197393634e-02 -9.207802606e+01 -9.207802606e+01 +6.7745e-01 +2.6362e+00 +9.0826e-02 -1.8265e+00 -1.1924e-01
4951 +7.865180819e-03 +7.865180819e-03 -9.208213482e+01 -9.208213482e+01 +7.4898e-01 +2.6332e+00 +9.0334e-02 -1.8266e+00 -1.1924e-01
% function evaluation | noise-free fitness - Fopt (-8.789000000000e+01) | best noise-free fitness - Fopt | measured fitness | best measured fitness | x1 | x2...
1 +3.855751034e+06 +3.855751034e+06 +3.855663144e+06 +3.855663144e+06 -3.2540e+00 +1.6268e+00 -2.0134e+00 +2.1104e+00 -4.7909e+00
2 +2.157251427e+06 +2.157251427e+06 +2.157163537e+06 +2.157163537e+06 -9.0095e-01 -2.0067e+00 +3.9955e-01 -3.1821e-01 -1.5848e+00
15 +2.721101293e+05 +2.721101293e+05 +2.720222393e+05 +2.720222393e+05 -3.2007e+00 -9.9421e-01 -3.1317e+00 -1.2255e+00 -2.5957e+00
29 +2.993129072e+04 +2.993129072e+04 +2.984340072e+04 +2.984340072e+04 +3.3696e+00 -2.7370e+00 -1.0443e+00 -2.2970e+00 -3.2241e+00
86 +8.596959289e+03 +8.596959289e+03 +8.509069289e+03 +8.509069289e+03 -1.3631e+00 +6.3467e-01 +5.3332e-01 -2.6120e+00 -3.0929e+00
418 +2.103663822e+03 +2.103663822e+03 +2.015773822e+03 +2.015773822e+03 -5.3088e-01 -6.7567e-01 +1.0057e+00 -2.0656e+00 -3.1175e+00
497 +8.354113987e+02 +8.354113987e+02 +7.475213987e+02 +7.475213987e+02 -4.0433e-01 -3.5606e-01 +9.0291e-01 -2.1628e+00 -3.0720e+00
1218 +6.264556224e+02 +6.264556224e+02 +5.385656224e+02 +5.385656224e+02 -5.7942e-01 -2.6220e-01 +9.6912e-01 -2.0960e+00 -3.0905e+00
1432 +2.822267380e+02 +2.822267380e+02 +1.943367380e+02 +1.943367380e+02 -6.1271e-01 +1.9441e+00 +1.2767e+00 -2.0538e+00 -3.0912e+00
1457 +2.230697432e+02 +2.230697432e+02 +1.351797432e+02 +1.351797432e+02 -8.0359e-01 +1.8952e+00 +1.2717e+00 -2.0527e+00 -3.0835e+00
1655 +4.589317102e+01 +4.589317102e+01 -4.199682898e+01 -4.199682898e+01 -7.3470e-01 +4.5702e+00 +1.3110e+00 -2.1306e+00 -3.0844e+00
1815 +3.793565913e+01 +3.793565913e+01 -4.995434087e+01 -4.995434087e+01 -5.9555e-01 +4.3583e+00 +1.1807e+00 -2.1333e+00 -3.0826e+00
2078 +2.256326803e+01 +2.256326803e+01 -6.532673197e+01 -6.532673197e+01 -2.6455e-01 +2.9297e+00 +1.1751e+00 -2.1160e+00 -3.0842e+00
2269 +1.278268743e+01 +1.278268743e+01 -7.510731257e+01 -7.510731257e+01 -2.6265e-01 +3.7751e+00 +1.3119e+00 -2.0934e+00 -3.0817e+00
2282 +9.790864749e+00 +9.790864749e+00 -7.809913525e+01 -7.809913525e+01 -2.6118e-01 +3.5458e+00 +1.2923e+00 -2.1015e+00 -3.0803e+00
2310 +3.628608961e+00 +3.628608961e+00 -8.426139104e+01 -8.426139104e+01 -1.9707e-01 +3.6415e+00 +1.2948e+00 -2.1054e+00 -3.0831e+00
2623 +1.974633074e+00 +1.974633074e+00 -8.591536693e+01 -8.591536693e+01 -1.8670e-01 +3.5927e+00 +1.2729e+00 -2.1140e+00 -3.0830e+00
2642 +7.916072011e-01 +7.916072011e-01 -8.709839280e+01 -8.709839280e+01 -2.8058e-01 +3.6663e+00 +1.2461e+00 -2.1095e+00 -3.0831e+00
2842 +4.651512568e-01 +4.651512568e-01 -8.742484874e+01 -8.742484874e+01 -2.5421e-01 +3.6256e+00 +1.2439e+00 -2.1114e+00 -3.0827e+00
3023 +2.543155805e-01 +2.543155805e-01 -8.763568442e+01 -8.763568442e+01 -1.4137e-01 +3.6387e+00 +1.2514e+00 -2.1098e+00 -3.0827e+00
3242 +2.055657410e-01 +2.055657410e-01 -8.768443426e+01 -8.768443426e+01 -1.5370e-01 +3.6249e+00 +1.2546e+00 -2.1097e+00 -3.0824e+00
3762 +1.157304845e-01 +1.157304845e-01 -8.777426952e+01 -8.777426952e+01 +6.9119e-03 +3.6286e+00 +1.2569e+00 -2.1096e+00 -3.0824e+00
3848 +3.093907652e-02 +3.093907652e-02 -8.785906092e+01 -8.785906092e+01 +1.9505e-01 +3.6291e+00 +1.2522e+00 -2.1090e+00 -3.0824e+00
4202 +2.191565848e-02 +2.191565848e-02 -8.786808434e+01 -8.786808434e+01 +2.2084e-01 +3.6254e+00 +1.2485e+00 -2.1091e+00 -3.0824e+00
4362 +1.562522585e-02 +1.562522585e-02 -8.787437477e+01 -8.787437477e+01 +2.2677e-01 +3.6253e+00 +1.2507e+00 -2.1094e+00 -3.0824e+00
% function evaluation | noise-free fitness - Fopt (3.201900000000e+02) | best noise-free fitness - Fopt | measured fitness | best measured fitness | x1 | x2...
1 +5.360077523e+07 +5.360077523e+07 +5.360109542e+07 +5.360109542e+07 -8.8918e-01 +2.8906e+00 +3.7811e+00 -2.8542e+00 +3.5265e+00
3 +9.272458153e+06 +9.272458153e+06 +9.272778343e+06 +9.272778343e+06 -6.0528e-01 -6.2453e-01 +4.9097e+00 -3.7050e+00 -4.0108e-01
4 +1.643765652e+06 +1.643765652e+06 +1.644085842e+06 +1.644085842e+06 -9.8684e-01 +1.6853e+00 -1.3426e+00 -4.6017e+00 -4.5337e+00
7 +6.985016748e+05 +6.985016748e+05 +6.988218648e+05 +6.988218648e+05 -3.6619e+00 +4.0780e-01 -4.8346e+00 +2.5728e+00 -4.0627e+00
36 +1.150403199e+05 +1.150403199e+05 +1.153605099e+05 +1.153605099e+05 +2.2668e+00 +4.1143e+00 -2.0436e+00 -2.4786e+00 -3.3888e+00
73 +7.163990669e+04 +7.163990669e+04 +7.196009669e+04 +7.196009669e+04 +1.3814e-01 +2.6866e+00 -4.6225e+00 -5.6665e-01 -3.6504e+00
104 +3.251494771e+04 +3.251494771e+04 +3.283513771e+04 +3.283513771e+04 +4.2739e+00 +4.6202e+00 -9.4784e-01 -4.6204e-02 -3.5655e+00
204 +6.550896251e+03 +6.550896251e+03 +6.871086251e+03 +6.871086251e+03 +4.8149e+00 +4.6703e+00 +2.7733e-01 -1.0207e+00 -3.5174e+00
269 +2.123396461e+03 +2.123396461e+03 +2.443586461e+03 +2.443586461e+03 +4.8984e+00 +4.5952e+00 +7.6709e-01 -8.7954e-01 -3.4618e+00
1374 +1.584447351e+03 +1.584447351e+03 +1.904637351e+03 +1.904637351e+03 +4.9315e+00 +4.2265e+00 +1.6225e+00 -8.7424e-01 -3.4742e+00
1964 +8.660142910e+02 +8.660142910e+02 +1.186204291e+03 +1.186204291e+03 +4.4915e+00 +2.8285e+00 +1.3427e+00 -8.5833e-01 -3.4725e+00
2147 +5.222259134e+02 +5.222259134e+02 +8.424159134e+02 +8.424159134e+02 +3.8809e+00 +9.8841e-01 +1.3725e+00 -8.0234e-01 -3.4621e+00
2187 +3.071265246e+02 +3.071265246e+02 +6.273165246e+02 +6.273165246e+02 +3.9802e+00 -8.9418e-01 +1.7342e+00 -9.0149e-01 -3.4630e+00
2204 +1.318709689e+02 +1.318709689e+02 +4.520609689e+02 +4.520609689e+02 +3.8943e+00 -1.4675e+00 +1.6143e+00 -8.8985e-01 -3.4728e+00
2244 +6.713650292e+01 +6.713650292e+01 +3.873265029e+02 +3.873265029e+02 +3.8529e+00 -3.2132e+00 +1.5680e+00 -8.5849e-01 -3.4681e+00
2324 +5.754552772e+01 +5.754552772e+01 +3.777355277e+02 +3.777355277e+02 +3.8363e+00 -3.1473e+00 +1.5341e+00 -8.7017e-01 -3.4684e+00
2444 +3.411181894e+01 +3.411181894e+01 +3.543018189e+02 +3.543018189e+02 +3.8185e+00 -2.5438e+00 +1.5012e+00 -8.6316e-01 -3.4713e+00
2558 +2.152964980e+01 +2.152964980e+01 +3.417196498e+02 +3.417196498e+02 +3.8402e+00 -2.4016e+00 +1.3473e+00 -8.5951e-01 -3.4696e+00
3077 +1.147260656e+01 +1.147260656e+01 +3.316626066e+02 +3.316626066e+02 +2.5137e+00 -2.1256e+00 +1.4197e+00 -8.6160e-01 -3.4690e+00
3155 +5.974904298e+00 +5.974904298e+00 +3.261649043e+02 +3.261649043e+02 +1.3632e+00 -2.4801e+00 +1.4199e+00 -8.6173e-01 -3.4682e+00
3277 +3.894764861e+00 +3.894764861e+00 +3.240847649e+02 +3.240847649e+02 +1.0848e+00 -2.3863e+00 +1.4205e+00 -8.6119e-01 -3.4686e+00
3477 +2.481786114e+00 +2.481786114e+00 +3.226717861e+02 +3.226717861e+02 +1.0828e+00 -2.3753e+00 +1.4008e+00 -8.5556e-01 -3.4700e+00
3750 +1.429578375e+00 +1.429578375e+00 +3.216195784e+02 +3.216195784e+02 +5.6013e-01 -2.4354e+00 +1.4182e+00 -8.5685e-01 -3.4699e+00
3830 +9.831419241e-01 +9.831419241e-01 +3.211731419e+02 +3.211731419e+02 +1.9938e-01 -2.3987e+00 +1.4207e+00 -8.5856e-01 -3.4700e+00
4004 +4.572390095e-01 +4.572390095e-01 +3.206472390e+02 +3.206472390e+02 -6.6284e-02 -2.3382e+00 +1.4193e+00 -8.5844e-01 -3.4694e+00
4118 +3.923733969e-01 +3.923733969e-01 +3.205823734e+02 +3.205823734e+02 -4.9975e-02 -2.3501e+00 +1.4177e+00 -8.5679e-01 -3.4697e+00
4456 +1.460881587e-01 +1.460881587e-01 +3.203360882e+02 +3.203360882e+02 -4.6283e-01 -2.4272e+00 +1.3998e+00 -8.5743e-01 -3.4697e+00
4896 +7.820922769e-02 +7.820922769e-02 +3.202682092e+02 +3.202682092e+02 -4.1633e-01 -2.3882e+00 +1.4098e+00 -8.5725e-01 -3.4697e+00
4936 +1.415264786e-02 +1.415264786e-02 +3.202041526e+02 +3.202041526e+02 -3.9557e-01 -2.3552e+00 +1.4048e+00 -8.5734e-01 -3.4697e+00
% function evaluation | noise-free fitness - Fopt (-1.042400000000e+02) | best noise-free fitness - Fopt | measured fitness | best measured fitness | x1 | x2...
1 +5.778591438e+05 +5.778591438e+05 +5.777549038e+05 +5.777549038e+05 +8.9916e-01 -5.3602e-01 +4.3119e+00 +6.6621e-01 +7.1119e-01
19 +1.018494776e+05 +1.018494776e+05 +1.017452376e+05 +1.017452376e+05 +2.3590e+00 +3.3234e+00 -4.3222e+00 -1.3076e+00 -2.8803e-01
73 +6.347986547e+04 +6.347986547e+04 +6.337562547e+04 +6.337562547e+04 -4.8192e+00 +3.1887e+00 -9.2463e-02 -4.3675e-01 +1.8513e-01
93 +1.021513840e+04 +1.021513840e+04 +1.011089840e+04 +1.011089840e+04 -9.4527e-01 +1.6832e+00 -1.0458e+00 -3.0675e-01 -1.1108e-01
422 +5.981835069e+03 +5.981835069e+03 +5.877595069e+03 +5.877595069e+03 -1.9794e+00 +1.7883e+00 -8.0588e-01 -3.6650e-01 -6.2275e-02
712 +3.791235263e+03 +3.791235263e+03 +3.686995263e+03 +3.686995263e+03 +7.5169e-01 -3.0632e+00 -4.6400e-01 -4.0146e-01 -5.5738e-02
772 +1.094203101e+03 +1.094203101e+03 +9.899631005e+02 +9.899631005e+02 +6.3483e-01 -3.8491e+00 +3.4941e-01 -5.6352e-01 -6.7002e-02
862 +4.825412732e+02 +4.825412732e+02 +3.783012732e+02 +3.783012732e+02 +2.6202e+00 -5.0000e+00 +1.0842e+00 -4.0559e-01 -7.0022e-02
1182 +2.136764955e+02 +2.136764955e+02 +1.094364955e+02 +1.094364955e+02 +1.5503e+00 -2.4040e+00 +1.0280e+00 -4.6916e-01 -6.5201e-02
1570 +8.234624169e+01 +8.234624169e+01 -2.189375831e+01 -2.189375831e+01 +2.8588e+00 -3.1007e+00 +1.1613e+00 -5.2146e-01 -5.5749e-02
1742 +4.673417166e+01 +4.673417166e+01 -5.750582834e+01 -5.750582834e+01 +2.4897e+00 -2.9637e+00 +1.3112e+00 -4.9949e-01 -5.4689e-02
1862 +2.319184605e+01 +2.319184605e+01 -8.104815395e+01 -8.104815395e+01 +3.8237e-01 -3.1066e+00 +1.2766e+00 -4.9053e-01 -5.6494e-02
2397 +1.421667484e+01 +1.421667484e+01 -9.002332516e+01 -9.002332516e+01 +3.6501e-01 -3.6534e+00 +1.2121e+00 -5.0280e-01 -5.8611e-02
2532 +6.629490102e+00 +6.629490102e+00 -9.761050990e+01 -9.761050990e+01 +2.2873e-01 -3.8481e+00 +1.3195e+00 -4.9389e-01 -5.5989e-02
2652 +5.336124034e+00 +5.336124034e+00 -9.890387597e+01 -9.890387597e+01 +1.3542e-01 -3.9977e+00 +1.3211e+00 -4.9138e-01 -6.0705e-02
2930 +2.589996315e+00 +2.589996315e+00 -1.016500037e+02 -1.016500037e+02 +4.3753e-01 -3.8600e+00 +1.3187e+00 -4.8550e-01 -5.7881e-02
3092 +1.765493534e+00 +1.765493534e+00 -1.024745065e+02 -1.024745065e+02 +3.5457e-01 -3.7924e+00 +1.3191e+00 -4.8769e-01 -5.8862e-02
3130 +1.066389560e+00 +1.066389560e+00 -1.031736104e+02 -1.031736104e+02 +3.6672e-01 -3.9245e+00 +1.3008e+00 -4.8942e-01 -5.8856e-02
3172 +6.583704767e-01 +6.583704767e-01 -1.035816295e+02 -1.035816295e+02 +2.0401e-01 -3.9761e+00 +1.3191e+00 -4.8980e-01 -5.8323e-02
3330 +1.955649257e-01 +1.955649257e-01 -1.040444351e+02 -1.040444351e+02 +2.6781e-01 -3.9779e+00 +1.3181e+00 -4.9407e-01 -5.8197e-02
4052 +1.082965272e-01 +1.082965272e-01 -1.041317035e+02 -1.041317035e+02 +2.8547e-01 -3.9677e+00 +1.3175e+00 -4.9339e-01 -5.8423e-02
4207 +4.900152604e-02 +4.900152604e-02 -1.041909985e+02 -1.041909985e+02 +2.9774e-01 -3.9395e+00 +1.3091e+00 -4.9328e-01 -5.8421e-02
4768 +2.891727820e-02 +2.891727820e-02 -1.042110827e+02 -1.042110827e+02 +4.0946e-01 -3.9354e+00 +1.3102e+00 -4.9314e-01 -5.8369e-02
% function evaluation | noise-free fitness - Fopt (-3.570000000000e+01) | best noise-free fitness - Fopt | measured fitness | best measured fitness | x1 | x2...
1 +2.716228505e+07 +2.716228505e+07 +2.716224935e+07 +2.716224935e+07 -3.8324e+00 +4.3501e+00 +1.1918e+00 +2.8002e+00 +1.4455e+00
3 +1.982850681e+05 +1.982850681e+05 +1.982493681e+05 +1.982493681e+05 +1.1179e+00 +3.9144e+00 -1.4604e+00 +2.7571e+00 -4.2325e+00
41 +1.257245651e+05 +1.257245651e+05 +1.256888651e+05 +1.256888651e+05 -1.0459e+00 +3.0525e+00 +1.2351e-01 +4.1739e+00 -3.5545e+00
121 +1.499379940e+04 +1.499379940e+04 +1.495809940e+04 +1.495809940e+04 -3.0689e+00 +1.4179e+00 +3.0820e+00 +3.7708e+00 -3.8461e+00
286 +7.433093160e+03 +7.433093160e+03 +7.397393160e+03 +7.397393160e+03 -6.1400e-01 +1.8787e+00 +2.1268e+00 +2.9480e+00 -3.7555e+00
374 +5.049536188e+03 +5.049536188e+03 +5.013836188e+03 +5.013836188e+03 -1.8683e+00 +1.2312e+00 +1.5424e+00 +3.1473e+00 -3.8702e+00
521 +2.742006091e+03 +2.742006091e+03 +2.706306091e+03 +2.706306091e+03 -3.8297e+00 +4.4861e+00 +1.8158e+00 +3.1281e+00 -3.8349e+00
566 +1.498491150e+03 +1.498491150e+03 +1.462791150e+03 +1.462791150e+03 -8.0419e-01 +5.0000e+00 +2.7636e+00 +3.1564e+00 -3.8007e+00
614 +5.664645582e+02 +5.664645582e+02 +5.307645582e+02 +5.307645582e+02 -3.6447e+00 +2.9111e+00 +3.3436e+00 +3.0113e+00 -3.8317e+00
1056 +2.142264774e+02 +2.142264774e+02 +1.785264774e+02 +1.785264774e+02 -3.5833e+00 +2.2870e+00 +3.1226e+00 +3.2112e+00 -3.8283e+00
1243 +1.041785434e+02 +1.041785434e+02 +6.847854341e+01 +6.847854341e+01 -3.1947e+00 +1.5196e-01 +3.2123e+00 +3.1394e+00 -3.8273e+00
1332 +6.270209908e+01 +6.270209908e+01 +2.700209908e+01 +2.700209908e+01 -3.7700e+00 +6.0056e-01 +3.2587e+00 +3.1586e+00 -3.8319e+00
2000 +3.209472763e+01 +3.209472763e+01 -3.605272370e+00 -3.605272370e+00 -3.4968e+00 +1.8931e+00 +3.2137e+00 +3.1380e+00 -3.8358e+00
2040 +2.038444332e+01 +2.038444332e+01 -1.531555668e+01 -1.531555668e+01 -3.2083e+00 +1.8164e+00 +3.1545e+00 +3.1341e+00 -3.8343e+00
2200 +1.022828009e+01 +1.022828009e+01 -2.547171991e+01 -2.547171991e+01 -3.5497e+00 +1.8268e+00 +3.1879e+00 +3.1372e+00 -3.8328e+00
2240 +8.338453341e+00 +8.338453341e+00 -2.736154666e+01 -2.736154666e+01 -3.5564e+00 +1.7926e+00 +3.1931e+00 +3.1400e+00 -3.8304e+00
2360 +5.883257619e+00 +5.883257619e+00 -2.981674238e+01 -2.981674238e+01 -3.5646e+00 +1.7769e+00 +3.2005e+00 +3.1362e+00 -3.8312e+00
2903 +3.948220156e+00 +3.948220156e+00 -3.175177984e+01 -3.175177984e+01 -3.5663e+00 +1.6907e+00 +3.2858e+00 +3.1321e+00 -3.8320e+00
3127 +2.393716361e+00 +2.393716361e+00 -3.330628364e+01 -3.330628364e+01 -3.5885e+00 +1.6165e+00 +3.2436e+00 +3.1330e+00 -3.8311e+00
3816 +1.179739314e+00 +1.179739314e+00 -3.452026069e+01 -3.452026069e+01 -2.2463e+00 +1.5607e+00 +3.2608e+00 +3.1381e+00 -3.8315e+00
3976 +5.070635823e-01 +5.070635823e-01 -3.519293642e+01 -3.519293642e+01 -2.1451e+00 +1.6546e+00 +3.2432e+00 +3.1358e+00 -3.8316e+00
4240 +2.963967355e-01 +2.963967355e-01 -3.540360326e+01 -3.540360326e+01 -2.5591e+00 +1.6176e+00 +3.2613e+00 +3.1339e+00 -3.8311e+00
4375 +1.665198094e-01 +1.665198094e-01 -3.553348019e+01 -3.553348019e+01 -2.5400e+00 +1.6549e+00 +3.2501e+00 +3.1329e+00 -3.8314e+00
4610 +1.410000745e-01 +1.410000745e-01 -3.555899993e+01 -3.555899993e+01 -2.1815e+00 +1.6787e+00 +3.2582e+00 +3.1336e+00 -3.8314e+00
4855 +8.766916722e-02 +8.766916722e-02 -3.561233083e+01 -3.561233083e+01 -2.4697e+00 +1.6507e+00 +3.2526e+00 +3.1325e+00 -3.8311e+00
4867 +5.588477346e-02 +5.588477346e-02 -3.564411523e+01 -3.564411523e+01 -2.1235e+00 +1.6704e+00 +3.2495e+00 +3.1326e+00 -3.8311e+00
% function evaluation | noise-free fitness - Fopt (2.070000000000e+01) | best noise-free fitness - Fopt | measured fitness | best measured fitness | x1 | x2...
1 +3.489382530e+07 +3.489382530e+07 +3.489384600e+07 +3.489384600e+07 -3.5758e+00 -1.9685e+00 +2.4143e+00 +6.2804e-01 -3.3560e+00
3 +2.073340755e+07 +2.073340755e+07 +2.073342825e+07 +2.073342825e+07 -3.3247e+00 +2.2633e+00 -2.3150e+00 +1.1269e-01 -1.6767e+00
5 +3.721556274e+04 +3.721556274e+04 +3.723626274e+04 +3.723626274e+04 -3.3773e+00 +1.6142e+00 +3.5554e-01 +2.0788e+00 +2.7807e+00
185 +2.155389101e+04 +2.155389101e+04 +2.157459101e+04 +2.157459101e+04 +4.6325e-01 -1.5337e+00 +0.0000e+00 +1.3598e+00 +3.0328e+00
224 +6.308473697e+03 +6.308473697e+03 +6.329173697e+03 +6.329173697e+03 +1.9630e+00 -2.3894e+00 -3.6326e+00 +1.1966e+00 +2.9442e+00
439 +2.023205700e+03 +2.023205700e+03 +2.043905700e+03 +2.043905700e+03 +2.4534e+00 -2.5925e+00 -2.1593e+00 +1.1371e+00 +2.8940e+00
581 +1.431046534e+03 +1.431046534e+03 +1.451746534e+03 +1.451746534e+03 +2.6494e+00 -2.6374e+00 -1.7798e+00 +1.5542e+00 +2.8788e+00
605 +7.175558077e+02 +7.175558077e+02 +7.382558077e+02 +7.382558077e+02 +2.6179e+00 -1.2526e+00 -1.9479e+00 +1.4843e+00 +2.8819e+00
946 +4.604372660e+02 +4.604372660e+02 +4.811372660e+02 +4.811372660e+02 +2.3088e+00 -1.2102e+00 -1.9453e+00 +1.4878e+00 +2.8971e+00
1125 +3.174288865e+02 +3.174288865e+02 +3.381288865e+02 +3.381288865e+02 +1.9111e+00 -1.2417e+00 -2.0232e+00 +1.4195e+00 +2.8835e+00
1325 +6.974806090e+01 +6.974806090e+01 +9.044806090e+01 +9.044806090e+01 +1.8294e+00 -1.2378e+00 -2.0907e+00 +1.4122e+00 +2.8990e+00
2117 +3.405016040e+01 +3.405016040e+01 +5.475016040e+01 +5.475016040e+01 +1.9570e+00 -1.8218e+00 -2.1795e+00 +1.3889e+00 +2.8993e+00
2821 +2.334089897e+01 +2.334089897e+01 +4.404089897e+01 +4.404089897e+01 +9.7981e-01 -1.9779e+00 -2.1051e+00 +1.3776e+00 +2.8994e+00
3145 +1.509483923e+01 +1.509483923e+01 +3.579483923e+01 +3.579483923e+01 +5.9526e-02 -1.9054e+00 -2.1495e+00 +1.3824e+00 +2.8997e+00
3390 +8.930787018e+00 +8.930787018e+00 +2.963078702e+01 +2.963078702e+01 -1.9601e+00 -1.7332e+00 -2.1686e+00 +1.3896e+00 +2.8996e+00
3515 +5.788233757e+00 +5.788233757e+00 +2.648823376e+01 +2.648823376e+01 -2.8046e+00 -1.7946e+00 -2.1705e+00 +1.3912e+00 +2.8991e+00
3675 +3.392142179e+00 +3.392142179e+00 +2.409214218e+01 +2.409214218e+01 -3.3697e+00 -1.7734e+00 -2.1486e+00 +1.3912e+00 +2.8984e+00
3715 +1.941170511e+00 +1.941170511e+00 +2.264117051e+01 +2.264117051e+01 -3.3641e+00 -1.8523e+00 -2.1456e+00 +1.3903e+00 +2.8983e+00
3755 +1.093781205e+00 +1.093781205e+00 +2.179378120e+01 +2.179378120e+01 -3.3596e+00 -1.9148e+00 -2.1433e+00 +1.3896e+00 +2.8982e+00
3789 +5.691890023e-01 +5.691890023e-01 +2.126918900e+01 +2.126918900e+01 -3.3922e+00 -1.9724e+00 -2.1452e+00 +1.3863e+00 +2.8982e+00
3835 +3.807091555e-01 +3.807091555e-01 +2.108070916e+01 +2.108070916e+01 -3.3926e+00 -2.0114e+00 -2.1406e+00 +1.3870e+00 +2.8981e+00
4184 +2.197960891e-01 +2.197960891e-01 +2.091979609e+01 +2.091979609e+01 -3.2871e+00 -2.0537e+00 -2.1252e+00 +1.3841e+00 +2.8985e+00
4235 +1.381811055e-01 +1.381811055e-01 +2.083818111e+01 +2.083818111e+01 -3.3291e+00 -2.0627e+00 -2.1306e+00 +1.3857e+00 +2.8986e+00
4315 +5.775589232e-02 +5.775589232e-02 +2.075775589e+01 +2.075775589e+01 -3.3411e+00 -2.0526e+00 -2.1282e+00 +1.3860e+00 +2.8984e+00
4619 +3.497050865e-02 +3.497050865e-02 +2.073497051e+01 +2.073497051e+01 -3.6001e+00 -2.0342e+00 -2.1264e+00 +1.3861e+00 +2.8985e+00
4955 +2.043059424e-02 +2.043059424e-02 +2.072043059e+01 +2.072043059e+01 -3.5596e+00 -2.0358e+00 -2.1262e+00 +1.3861e+00 +2.8984e+00
% function evaluation | noise-free fitness - Fopt (3.807000000000e+01) | best noise-free fitness - Fopt | measured fitness | best measured fitness | x1 | x2...
1 +1.382311242e+07 +1.382311242e+07 +1.382315049e+07 +1.382315049e+07 -2.2765e+00 -4.1845e+00 +6.8744e-01 +3.0770e+00 -5.9984e-01
10 +5.565782043e+05 +5.565782043e+05 +5.566162743e+05 +5.566162743e+05 -2.1743e+00 -2.6150e+00 -4.2105e+00 +3.9396e+00 +2.3506e+00
35 +1.042781267e+05 +1.042781267e+05 +1.043161967e+05 +1.043161967e+05 +2.2859e+00 -2.4145e+00 +3.5469e+00 +1.6277e+00 +3.2992e+00
100 +6.497494444e+04 +6.497494444e+04 +6.501301444e+04 +6.501301444e+04 +5.0000e+00 -2.4079e+00 +3.6973e+00 +2.4002e+00 +3.3443e+00
104 +6.061378126e+04 +6.061378126e+04 +6.065185126e+04 +6.065185126e+04 -7.2549e-01 -3.4231e+00 +4.3050e+00 +4.0132e+00 +3.2368e+00
116 +1.258028872e+04 +1.258028872e+04 +1.261835872e+04 +1.261835872e+04 +3.2880e+00 -5.0000e+00 +3.4835e+00 +3.2752e+00 +3.0348e+00
370 +4.120624750e+03 +4.120624750e+03 +4.158694750e+03 +4.158694750e+03 +4.7402e+00 -4.9995e+00 +2.9287e+00 +3.0773e+00 +3.1461e+00
582 +3.452212521e+03 +3.452212521e+03 +3.490282521e+03 +3.490282521e+03 +4.3274e+00 -4.9995e+00 +2.5364e+00 +2.7327e+00 +3.1017e+00
1011 +1.881932198e+03 +1.881932198e+03 +1.920002198e+03 +1.920002198e+03 +3.6842e+00 -8.9657e-02 +2.4381e+00 +3.1225e+00 +3.1396e+00
1096 +8.306058633e+02 +8.306058633e+02 +8.686758633e+02 +8.686758633e+02 +3.5791e+00 +9.1042e-01 +2.0973e+00 +3.1017e+00 +3.1278e+00
1124 +5.625058548e+02 +5.625058548e+02 +6.005758548e+02 +6.005758548e+02 +3.7894e+00 +2.0671e+00 +1.9060e+00 +2.8464e+00 +3.1112e+00
1342 +3.516071239e+02 +3.516071239e+02 +3.896771239e+02 +3.896771239e+02 +3.4739e+00 +0.0000e+00 +1.5561e+00 +2.9167e+00 +3.1018e+00
1394 +1.422831880e+02 +1.422831880e+02 +1.803531880e+02 +1.803531880e+02 +2.1131e+00 -3.3917e-01 +1.7685e+00 +2.9212e+00 +3.1224e+00
1500 +3.704346447e+01 +3.704346447e+01 +7.511346447e+01 +7.511346447e+01 +5.3433e-01 +1.4891e-01 +1.6367e+00 +2.9417e+00 +3.1149e+00
2599 +1.997324448e+01 +1.997324448e+01 +5.804324448e+01 +5.804324448e+01 +1.5732e+00 +8.4223e-01 +1.6620e+00 +2.9385e+00 +3.1169e+00
2622 +1.269750996e+01 +1.269750996e+01 +5.076750996e+01 +5.076750996e+01 +6.4439e-01 +8.3550e-01 +1.7179e+00 +2.9462e+00 +3.1162e+00
2679 +9.995973867e+00 +9.995973867e+00 +4.806597387e+01 +4.806597387e+01 +8.4109e-01 +7.8501e-01 +1.7325e+00 +2.9562e+00 +3.1146e+00
2940 +5.011867847e+00 +5.011867847e+00 +4.308186785e+01 +4.308186785e+01 +1.2700e+00 +8.5773e-01 +1.7442e+00 +2.9671e+00 +3.1165e+00
3100 +3.732575986e+00 +3.732575986e+00 +4.180257599e+01 +4.180257599e+01 +1.2344e+00 +8.5292e-01 +1.7147e+00 +2.9662e+00 +3.1163e+00
3123 +2.114942425e+00 +2.114942425e+00 +4.018494243e+01 +4.018494243e+01 +2.2291e+00 +8.7051e-01 +1.7036e+00 +2.9546e+00 +3.1161e+00
3180 +1.503133161e+00 +1.503133161e+00 +3.957313316e+01 +3.957313316e+01 +1.8093e+00 +8.7169e-01 +1.6969e+00 +2.9636e+00 +3.1160e+00
3443 +9.187472232e-01 +9.187472232e-01 +3.898874722e+01 +3.898874722e+01 +2.6884e+00 +8.3324e-01 +1.6923e+00 +2.9620e+00 +3.1159e+00
3963 +6.191182451e-01 +6.191182451e-01 +3.868911825e+01 +3.868911825e+01 +2.6965e+00 +8.3497e-01 +1.6955e+00 +2.9627e+00 +3.1161e+00
4243 +3.961803553e-01 +3.961803553e-01 +3.846618036e+01 +3.846618036e+01 +3.0395e+00 +8.3445e-01 +1.6997e+00 +2.9616e+00 +3.1163e+00
4323 +1.536625904e-01 +1.536625904e-01 +3.822366259e+01 +3.822366259e+01 +2.9340e+00 +8.3638e-01 +1.7009e+00 +2.9613e+00 +3.1165e+00
4415 +7.566616773e-02 +7.566616773e-02 +3.814566617e+01 +3.814566617e+01 +2.6399e+00 +8.3209e-01 +1.7026e+00 +2.9601e+00 +3.1167e+00
4655 +3.262254907e-02 +3.262254907e-02 +3.810262255e+01 +3.810262255e+01 +2.7702e+00 +8.3331e-01 +1.7030e+00 +2.9622e+00 +3.1169e+00
4756 +1.745526708e-02 +1.745526708e-02 +3.808745527e+01 +3.808745527e+01 +2.7389e+00 +8.3247e-01 +1.7019e+00 +2.9618e+00 +3.1169e+00
4836 +1.297387981e-02 +1.297387981e-02 +3.808297388e+01 +3.808297388e+01 +2.7185e+00 +8.3407e-01 +1.7023e+00 +2.9621e+00 +3.1169e+00
% function evaluation | noise-free fitness - Fopt (-4.542000000000e+01) | best noise-free fitness - Fopt | measured fitness | best measured fitness | x1 | x2...
1 +8.074857200e+06 +8.074857200e+06 +8.074811780e+06 +8.074811780e+06 +2.0172e+00 +1.1151e+00 -1.5436e+00 -3.3980e+00 +4.8703e+00
2 +4.519062978e+06 +4.519062978e+06 +4.519017558e+06 +4.519017558e+06 +2.2049e+00 -3.9975e+00 +1.5892e+00 -4.2475e+00 +4.2108e+00
5 +1.306218748e+06 +1.306218748e+06 +1.306173328e+06 +1.306173328e+06 -7.6085e-01 +4.5496e+00 -2.1112e+00 -3.1280e+00 +3.0977e+00
9 +4.177554663e+05 +4.177554663e+05 +4.177100463e+05 +4.177100463e+05 +2.9977e+00 -2.3350e+00 -4.9021e+00 -1.6484e+00 +2.1617e+00
16 +7.675824698e+04 +7.675824698e+04 +7.671282698e+04 +7.671282698e+04 -3.4926e-01 -1.9470e-01 -4.1098e+00 +3.5659e+00 +2.2846e+00
114 +4.339306786e+04 +4.339306786e+04 +4.334764786e+04 +4.334764786e+04 +1.8738e+00 -7.7750e-01 +1.0730e+00 +2.5994e+00 +2.1825e+00
121 +8.815280990e+03 +8.815280990e+03 +8.769860990e+03 +8.769860990e+03 -1.5396e+00 +2.6801e+00 +0.0000e+00 +2.0041e+00 +2.2988e+00
269 +4.955630765e+03 +4.955630765e+03 +4.910210765e+03 +4.910210765e+03 +7.6638e-02 -1.8062e+00 -1.1379e+00 +2.0494e+00 +2.3360e+00
434 +3.762839749e+03 +3.762839749e+03 +3.717419749e+03 +3.717419749e+03 -1.0896e+00 -1.2834e+00 -4.1540e+00 +1.6690e+00 +2.2944e+00
686 +2.484320441e+03 +2.484320441e+03 +2.438900441e+03 +2.438900441e+03 -2.2239e+00 -2.7890e+00 -3.1689e+00 +1.6864e+00 +2.3189e+00
735 +7.068999030e+02 +7.068999030e+02 +6.614799030e+02 +6.614799030e+02 -3.3369e+00 -2.6326e+00 -3.3965e+00 +1.9598e+00 +2.3012e+00
1272 +6.244899500e+02 +6.244899500e+02 +5.790699500e+02 +5.790699500e+02 -7.2611e-02 -2.6323e+00 -2.8690e+00 +1.9663e+00 +2.3109e+00
1535 +3.961143081e+02 +3.961143081e+02 +3.506943081e+02 +3.506943081e+02 +4.8713e+00 -2.4102e+00 -2.9289e+00 +1.8548e+00 +2.3063e+00
1832 +2.390843954e+02 +2.390843954e+02 +1.936643954e+02 +1.936643954e+02 +4.9624e+00 -2.5050e+00 -3.0173e+00 +1.8957e+00 +2.2935e+00
2150 +1.095033357e+02 +1.095033357e+02 +6.408333574e+01 +6.408333574e+01 +4.9892e+00 -1.2444e+00 -2.7579e+00 +1.9133e+00 +2.2988e+00
2235 +7.684382576e+01 +7.684382576e+01 +3.142382576e+01 +3.142382576e+01 +4.2794e+00 -8.9986e-01 -2.8849e+00 +1.9082e+00 +2.3007e+00
2318 +3.039848051e+01 +3.039848051e+01 -1.502151949e+01 -1.502151949e+01 +4.6033e+00 -5.3411e-01 -2.8096e+00 +1.8734e+00 +2.2927e+00
2325 +1.136223658e+01 +1.136223658e+01 -3.405776342e+01 -3.405776342e+01 +4.4328e+00 +2.2455e-01 -2.7551e+00 +1.8940e+00 +2.2961e+00
2684 +9.206129277e+00 +9.206129277e+00 -3.621387072e+01 -3.621387072e+01 +4.3535e+00 -1.1883e-02 -2.7543e+00 +1.8984e+00 +2.2946e+00
2764 +5.578985719e+00 +5.578985719e+00 -3.984101428e+01 -3.984101428e+01 +4.2266e+00 +3.1711e-02 -2.7689e+00 +1.8949e+00 +2.2950e+00
2924 +3.166671470e+00 +3.166671470e+00 -4.225332853e+01 -4.225332853e+01 +4.1781e+00 +6.1329e-02 -2.8166e+00 +1.9006e+00 +2.2935e+00
3044 +2.399305805e+00 +2.399305805e+00 -4.302069419e+01 -4.302069419e+01 +4.1549e+00 +1.3297e-02 -2.7990e+00 +1.8931e+00 +2.2946e+00
3139 +1.551986071e+00 +1.551986071e+00 -4.386801393e+01 -4.386801393e+01 +3.9585e+00 -5.6312e-03 -2.8543e+00 +1.8970e+00 +2.2949e+00
3204 +9.351798845e-01 +9.351798845e-01 -4.448482012e+01 -4.448482012e+01 +3.6872e+00 +2.1654e-02 -2.8360e+00 +1.8981e+00 +2.2941e+00
3844 +5.806503237e-01 +5.806503237e-01 -4.483934968e+01 -4.483934968e+01 +3.6930e+00 +2.2988e-02 -2.8288e+00 +1.8936e+00 +2.2941e+00
4164 +3.936552296e-01 +3.936552296e-01 -4.502634477e+01 -4.502634477e+01 +3.6581e+00 +9.0247e-02 -2.8323e+00 +1.8929e+00 +2.2941e+00
4324 +1.839962031e-01 +1.839962031e-01 -4.523600380e+01 -4.523600380e+01 +3.6461e+00 +1.0854e-01 -2.8388e+00 +1.8940e+00 +2.2944e+00
4549 +1.571240724e-01 +1.571240724e-01 -4.526287593e+01 -4.526287593e+01 +3.2249e+00 +1.0990e-01 -2.8287e+00 +1.8942e+00 +2.2947e+00
4598 +7.407181849e-02 +7.407181849e-02 -4.534592818e+01 -4.534592818e+01 +3.2080e+00 +1.0329e-01 -2.8342e+00 +1.8954e+00 +2.2942e+00
4692 +4.340704993e-02 +4.340704993e-02 -4.537659295e+01 -4.537659295e+01 +3.2743e+00 +1.0615e-01 -2.8361e+00 +1.8943e+00 +2.2942e+00
4884 +3.438522827e-02 +3.438522827e-02 -4.538561477e+01 -4.538561477e+01 +3.1986e+00 +1.0663e-01 -2.8359e+00 +1.8952e+00 +2.2945e+00
4887 +1.151221433e-02 +1.151221433e-02 -4.540848779e+01 -4.540848779e+01 +3.2012e+00 +1.0600e-01 -2.8385e+00 +1.8942e+00 +2.2943e+00
% function evaluation | noise-free fitness - Fopt (6.695000000000e+01) | best noise-free fitness - Fopt | measured fitness | best measured fitness | x1 | x2...
1 +4.424460341e+06 +4.424460341e+06 +4.424527291e+06 +4.424527291e+06 -2.2469e+00 -3.4054e+00 -1.2634e+00 -3.1174e+00 +1.4175e+00
2 +3.707089227e+06 +3.707089227e+06 +3.707156177e+06 +3.707156177e+06 -2.2802e+00 +4.4356e+00 +6.0250e-01 -3.6683e+00 +1.7181e+00
3 +9.903862241e+05 +9.903862241e+05 +9.904531741e+05 +9.904531741e+05 +3.4973e+00 +1.5820e+00 -4.4508e+00 +3.3541e+00 +4.2848e+00
13 +4.662493256e+05 +4.662493256e+05 +4.663162756e+05 +4.663162756e+05 +8.4043e-01 +3.0201e-01 -1.8662e+00 -3.6802e+00 +3.1248e+00
23 +6.654589664e+04 +6.654589664e+04 +6.661284664e+04 +6.661284664e+04 +3.5651e+00 -4.4429e+00 +2.4145e-01 +1.0749e+00 +3.4380e+00
82 +6.286588868e+04 +6.286588868e+04 +6.293283868e+04 +6.293283868e+04 +3.4510e+00 -1.5842e+00 +4.6357e-01 -6.9740e-01 +3.2191e+00
172 +3.960338456e+04 +3.960338456e+04 +3.967033456e+04 +3.967033456e+04 +4.5629e+00 -5.0000e+00 +2.8885e+00 +1.2695e-02 +3.3270e+00
230 +1.891781324e+04 +1.891781324e+04 +1.898476324e+04 +1.898476324e+04 +4.3628e+00 -4.5464e+00 -1.2258e-01 +3.9681e-01 +3.4319e+00
309 +1.111821271e+04 +1.111821271e+04 +1.118516271e+04 +1.118516271e+04 +3.0987e+00 -4.9725e+00 -1.4547e+00 -4.5180e-01 +3.5445e+00
351 +8.086016069e+03 +8.086016069e+03 +8.152966069e+03 +8.152966069e+03 +3.1275e+00 -4.9101e+00 -1.2756e+00 +1.6274e-01 +3.4311e+00
671 +2.897737268e+03 +2.897737268e+03 +2.964687268e+03 +2.964687268e+03 +1.2053e+00 -4.7847e+00 -2.2774e+00 -3.7293e-01 +3.4817e+00
792 +2.225435743e+03 +2.225435743e+03 +2.292385743e+03 +2.292385743e+03 +5.0000e+00 -4.7808e+00 -2.1030e+00 -1.6267e-01 +3.4456e+00
1418 +1.553887767e+03 +1.553887767e+03 +1.620837767e+03 +1.620837767e+03 +5.0000e+00 -4.7604e+00 -1.3666e+00 -3.8970e-01 +3.4699e+00
2854 +9.863523371e+02 +9.863523371e+02 +1.053302337e+03 +1.053302337e+03 +4.9277e+00 -4.3198e+00 -1.3440e+00 -3.2788e-01 +3.4514e+00
3081 +5.655548646e+02 +5.655548646e+02 +6.325048646e+02 +6.325048646e+02 +4.9817e+00 -2.6268e+00 -1.2852e+00 -3.3099e-01 +3.4525e+00
3173 +2.744846045e+02 +2.744846045e+02 +3.414346045e+02 +3.414346045e+02 +4.9627e+00 -1.3390e+00 -1.2803e+00 -3.2862e-01 +3.4505e+00
3248 +2.480357855e+02 +2.480357855e+02 +3.149857855e+02 +3.149857855e+02 +4.9789e+00 -8.2916e-01 -1.1660e+00 -3.3111e-01 +3.4566e+00
3287 +1.031622878e+02 +1.031622878e+02 +1.701122878e+02 +1.701122878e+02 +4.9922e+00 +2.2561e-01 -1.2095e+00 -2.9773e-01 +3.4554e+00
3300 +8.819197733e+01 +8.819197733e+01 +1.551419773e+02 +1.551419773e+02 +4.9620e+00 +3.9217e-01 -1.3372e+00 -2.7854e-01 +3.4516e+00
3350 +5.411921392e+01 +5.411921392e+01 +1.210692139e+02 +1.210692139e+02 +5.0000e+00 +1.1299e+00 -1.4742e+00 -3.1070e-01 +3.4512e+00
3496 +3.777457007e+01 +3.777457007e+01 +1.047245701e+02 +1.047245701e+02 +4.9960e+00 +1.1710e+00 -1.3451e+00 -3.0152e-01 +3.4504e+00
% function evaluation | noise-free fitness - Fopt (5.832000000000e+01) | best noise-free fitness - Fopt | measured fitness | best measured fitness | x1 | x2...
1 +2.074450874e+07 +2.074450874e+07 +2.074456706e+07 +2.074456706e+07 -2.5630e+00 +7.4940e-01 +5.9998e-01 -7.9891e-01 +9.6331e-01
2 +1.032033555e+06 +1.032033555e+06 +1.032091875e+06 +1.032091875e+06 -2.0468e+00 +1.3394e-01 +3.0652e-01 +2.8686e+00 -2.6716e+00
8 +8.679120703e+05 +8.679120703e+05 +8.679703903e+05 +8.679703903e+05 -1.0682e+00 +1.0243e-01 +2.7155e+00 -1.3673e+00 -2.6557e+00
12 +4.815483952e+05 +4.815483952e+05 +4.816067152e+05 +4.816067152e+05 -4.1918e-01 +1.2970e+00 +3.6360e+00 -3.1839e+00 -3.1468e+00
15 +3.272678671e+05 +3.272678671e+05 +3.273261871e+05 +3.273261871e+05 +2.6965e+00 +3.7273e+00 +2.6870e+00 -5.9077e-01 -4.1981e+00
34 +4.116679186e+04 +4.116679186e+04 +4.122511186e+04 +4.122511186e+04 +9.0877e-02 +3.2017e+00 +3.6347e+00 +2.6392e-01 -3.7617e+00
92 +3.720077983e+04 +3.720077983e+04 +3.725909983e+04 +3.725909983e+04 -4.3037e-01 +3.2608e+00 +2.7671e+00 +0.0000e+00 -3.4173e+00
94 +2.075366981e+04 +2.075366981e+04 +2.081198981e+04 +2.081198981e+04 +4.8821e+00 +1.5752e-01 +2.6148e+00 +5.4346e-01 -3.5326e+00
237 +1.467704466e+04 +1.467704466e+04 +1.473536466e+04 +1.473536466e+04 +4.9647e+00 +2.2829e-01 +1.5774e+00 -7.7523e-01 -3.6388e+00
496 +8.896741392e+03 +8.896741392e+03 +8.955061392e+03 +8.955061392e+03 -1.9858e+00 +3.3161e+00 -9.9788e-01 +1.3305e-01 -3.6232e+00
538 +6.044228390e+03 +6.044228390e+03 +6.102548390e+03 +6.102548390e+03 -3.9485e+00 +2.8635e+00 -5.1792e-01 -1.3481e-01 -3.5634e+00
777 +3.166617535e+03 +3.166617535e+03 +3.224937535e+03 +3.224937535e+03 -5.5984e-01 +5.0000e+00 +3.7578e-01 -3.5909e-02 -3.5957e+00
984 +2.342415981e+03 +2.342415981e+03 +2.400735981e+03 +2.400735981e+03 -5.0000e+00 +2.3159e+00 +1.0914e+00 -2.7522e-01 -3.5889e+00
1003 +9.539113923e+02 +9.539113923e+02 +1.012231392e+03 +1.012231392e+03 +2.7268e+00 +1.7121e+00 +1.0295e+00 -1.1086e-01 -3.5900e+00
1125 +6.042233098e+02 +6.042233098e+02 +6.625433098e+02 +6.625433098e+02 +4.3762e+00 +2.8903e-01 +1.3738e+00 -2.7830e-02 -3.6085e+00
1341 +1.816330419e+02 +1.816330419e+02 +2.399530419e+02 +2.399530419e+02 +2.7966e+00 -2.5189e+00 +1.0108e+00 -5.4332e-02 -3.6023e+00
1434 +1.267456946e+02 +1.267456946e+02 +1.850656946e+02 +1.850656946e+02 +3.1258e+00 -2.2614e+00 +1.2146e+00 -1.3563e-01 -3.6016e+00
1514 +8.186772510e+01 +8.186772510e+01 +1.401877251e+02 +1.401877251e+02 +2.8458e+00 -2.6437e+00 +1.3116e+00 -1.3529e-01 -3.5992e+00
1834 +5.313302282e+01 +5.313302282e+01 +1.114530228e+02 +1.114530228e+02 +2.6518e+00 -3.8294e+00 +1.3511e+00 -1.2757e-01 -3.5982e+00
2221 +3.609349350e+01 +3.609349350e+01 +9.441349350e+01 +9.441349350e+01 +2.4996e+00 -3.3976e+00 +1.2534e+00 -1.1754e-01 -3.6015e+00
2290 +1.830432841e+01 +1.830432841e+01 +7.662432841e+01 +7.662432841e+01 +3.0568e+00 -3.3869e+00 +1.3994e+00 -1.0780e-01 -3.5961e+00
2519 +9.114405935e+00 +9.114405935e+00 +6.743440593e+01 +6.743440593e+01 +2.8231e+00 -3.4124e+00 +1.2769e+00 -8.9632e-02 -3.6007e+00
2594 +3.303843749e+00 +3.303843749e+00 +6.162384375e+01 +6.162384375e+01 +2.9611e+00 -3.2928e+00 +1.3189e+00 -9.5151e-02 -3.5967e+00
2801 +2.487337640e+00 +2.487337640e+00 +6.080733764e+01 +6.080733764e+01 +3.0815e+00 -3.1522e+00 +1.3120e+00 -8.9332e-02 -3.5994e+00
3221 +1.464252098e+00 +1.464252098e+00 +5.978425210e+01 +5.978425210e+01 +3.0897e+00 -3.2601e+00 +1.3463e+00 -8.8472e-02 -3.5988e+00
3224 +7.394557505e-01 +7.394557505e-01 +5.905945575e+01 +5.905945575e+01 +2.9171e+00 -3.3441e+00 +1.3281e+00 -9.1237e-02 -3.5981e+00
3661 +3.799376149e-01 +3.799376149e-01 +5.869993761e+01 +5.869993761e+01 +3.3624e+00 -3.3098e+00 +1.3143e+00 -9.2873e-02 -3.5985e+00
3832 +2.416522502e-01 +2.416522502e-01 +5.856165225e+01 +5.856165225e+01 +3.7433e+00 -3.2391e+00 +1.3183e+00 -9.3079e-02 -3.5984e+00
3961 +1.537413679e-01 +1.537413679e-01 +5.847374137e+01 +5.847374137e+01 +3.6866e+00 -3.2531e+00 +1.3201e+00 -9.3309e-02 -3.5984e+00
4102 +8.291316718e-02 +8.291316718e-02 +5.840291317e+01 +5.840291317e+01 +3.5611e+00 -3.2570e+00 +1.3297e+00 -9.2273e-02 -3.5985e+00
4192 +5.598770367e-02 +5.598770367e-02 +5.837598770e+01 +5.837598770e+01 +3.6896e+00 -3.2610e+00 +1.3327e+00 -9.2959e-02 -3.5985e+00
4503 +2.167082244e-02 +2.167082244e-02 +5.834167082e+01 +5.834167082e+01 +3.6449e+00 -3.2904e+00 +1.3310e+00 -9.2544e-02 -3.5985e+00
4606 +9.455120794e-03 +9.455120794e-03 +5.832945512e+01 +5.832945512e+01 +3.6904e+00 -3.3010e+00 +1.3320e+00 -9.2726e-02 -3.5984e+00
4690 +1.884232575e-03 +1.884232575e-03 +5.832188423e+01 +5.832188423e+01 +3.6827e+00 -3.2917e+00 +1.3291e+00 -9.2719e-02 -3.5984e+00
% function evaluation | noise-free fitness - Fopt (1.932700000000e+02) | best noise-free fitness - Fopt | measured fitness | best measured fitness | x1 | x2...
1 +3.646944297e+06 +3.646944297e+06 +3.647137567e+06 +3.647137567e+06 +1.0287e+00 -3.2361e+00 -3.9206e+00 -2.7764e+00 +2.0220e+00
2 +2.010635949e+06 +2.010635949e+06 +2.010829219e+06 +2.010829219e+06 +1.2876e+00 +4.2683e+00 -3.7794e+00 -3.2092e+00 +4.1725e+00
5 +1.271784858e+06 +1.271784858e+06 +1.271978128e+06 +1.271978128e+06 -2.4317e+00 +6.9817e-01 +1.4799e+00 -1.0263e+00 +4.1623e+00
6 +1.634311667e+05 +1.634311667e+05 +1.636244367e+05 +1.636244367e+05 -3.3331e+00 -3.7688e+00 +3.4865e+00 +4.8827e+00 +3.0546e+00
10 +5.088801013e+04 +5.088801013e+04 +5.108128013e+04 +5.108128013e+04 -4.2438e+00 +9.7005e-01 +2.6076e+00 +2.8149e+00 +3.4057e+00
123 +3.690858749e+04 +3.690858749e+04 +3.710185749e+04 +3.710185749e+04 +0.0000e+00 -4.5000e+00 +1.9227e+00 +5.0000e+00 +3.3429e+00
253 +9.598445251e+03 +9.598445251e+03 +9.791715251e+03 +9.791715251e+03 -5.0000e+00 -2.8323e+00 +3.0146e+00 +3.4847e+00 +3.3872e+00
292 +4.300497072e+03 +4.300497072e+03 +4.493767072e+03 +4.493767072e+03 -2.0045e+00 -2.5764e+00 +4.9128e-01 +4.1577e+00 +3.4346e+00
333 +3.507733372e+03 +3.507733372e+03 +3.701003372e+03 +3.701003372e+03 -4.6476e+00 -3.3045e+00 +3.8750e+00 +4.1560e+00 +3.4323e+00
479 +1.140668409e+03 +1.140668409e+03 +1.333938409e+03 +1.333938409e+03 +0.0000e+00 -2.6366e+00 +2.7296e+00 +4.1212e+00 +3.4348e+00
505 +3.450649583e+02 +3.450649583e+02 +5.383349583e+02 +5.383349583e+02 +2.7263e-01 -2.8722e+00 +2.6963e+00 +3.9817e+00 +3.4229e+00
1136 +1.654754808e+02 +1.654754808e+02 +3.587454808e+02 +3.587454808e+02 -8.4932e-01 -2.9896e+00 +2.3230e+00 +3.9910e+00 +3.4060e+00
1160 +1.522389971e+02 +1.522389971e+02 +3.455089971e+02 +3.455089971e+02 +4.5642e-01 -2.2290e+00 +1.8590e+00 +3.9919e+00 +3.4196e+00
1360 +1.901684638e+01 +1.901684638e+01 +2.122868464e+02 +2.122868464e+02 +1.8703e-01 -3.1021e+00 +2.0634e+00 +3.9884e+00 +3.4163e+00
1680 +1.491281250e+01 +1.491281250e+01 +2.081828125e+02 +2.081828125e+02 +7.1986e-02 -3.2579e+00 +2.2565e+00 +3.9885e+00 +3.4164e+00
2080 +8.736398234e+00 +8.736398234e+00 +2.020063982e+02 +2.020063982e+02 +8.5585e-02 -3.2186e+00 +2.1942e+00 +3.9881e+00 +3.4161e+00
2576 +4.113969869e+00 +4.113969869e+00 +1.973839699e+02 +1.973839699e+02 +2.2050e+00 -3.0968e+00 +2.1389e+00 +3.9904e+00 +3.4183e+00
2713 +1.083244625e+00 +1.083244625e+00 +1.943532446e+02 +1.943532446e+02 +1.1408e+00 -3.3479e+00 +2.1559e+00 +3.9928e+00 +3.4176e+00
2936 +8.719557419e-01 +8.719557419e-01 +1.941419557e+02 +1.941419557e+02 +2.3512e+00 -3.2703e+00 +2.1479e+00 +3.9926e+00 +3.4176e+00
3146 +2.186683244e-01 +2.186683244e-01 +1.934886683e+02 +1.934886683e+02 +1.7719e+00 -3.3686e+00 +2.1730e+00 +3.9962e+00 +3.4179e+00
3541 +7.843503221e-02 +7.843503221e-02 +1.933484350e+02 +1.933484350e+02 +1.9380e+00 -3.3394e+00 +2.1663e+00 +3.9962e+00 +3.4178e+00
3935 +5.804118078e-02 +5.804118078e-02 +1.933280412e+02 +1.933280412e+02 +1.8958e+00 -3.3326e+00 +2.1717e+00 +3.9947e+00 +3.4177e+00
4072 +2.756828089e-02 +2.756828089e-02 +1.932975683e+02 +1.932975683e+02 +2.0601e+00 -3.3481e+00 +2.1699e+00 +3.9948e+00 +3.4177e+00
4168 +1.499738384e-02 +1.499738384e-02 +1.932849974e+02 +1.932849974e+02 +1.9759e+00 -3.3447e+00 +2.1694e+00 +3.9957e+00 +3.4176e+00
4215 +6.747444508e-03 +6.747444508e-03 +1.932767474e+02 +1.932767474e+02 +1.9686e+00 -3.3335e+00 +2.1700e+00 +3.9952e+00 +3.4176e+00
4575 +2.915889055e-03 +2.915889055e-03 +1.932729159e+02 +1.932729159e+02 +2.0377e+00 -3.3343e+00 +2.1702e+00 +3.9951e+00 +3.4176e+00
4655 +1.805692593e-03 +1.805692593e-03 +1.932718057e+02 +1.932718057e+02 +2.0367e+00 -3.3371e+00 +2.1699e+00 +3.9951e+00 +3.4176e+00
4735 +1.467958807e-03 +1.467958807e-03 +1.932714680e+02 +1.932714680e+02 +2.0372e+00 -3.3398e+00 +2.1698e+00 +3.9951e+00 +3.4176e+00
4775 +6.721875108e-04 +6.721875108e-04 +1.932706722e+02 +1.932706722e+02 +2.0359e+00 -3.3378e+00 +2.1694e+00 +3.9951e+00 +3.4176e+00
4815 +5.825770363e-04 +5.825770363e-04 +1.932705826e+02 +1.932705826e+02 +2.0348e+00 -3.3362e+00 +2.1690e+00 +3.9951e+00 +3.4176e+00
% function evaluation | noise-free fitness - Fopt (-4.190100000000e+02) | best noise-free fitness - Fopt | measured fitness | best measured fitness | x1 | x2...
1 +1.825847017e+06 +1.825847017e+06 +1.825428007e+06 +1.825428007e+06 +1.5377e+00 +3.4016e-01 -7.8595e-01 -4.5131e+00 -5.6788e-01
2 +1.147459393e+06 +1.147459393e+06 +1.147040383e+06 +1.147040383e+06 +2.5193e+00 -3.4512e+00 -1.2383e+00 +1.7028e+00 -2.4887e+00
4 +1.445420321e+05 +1.445420321e+05 +1.441230221e+05 +1.441230221e+05 -2.0758e+00 +4.8316e+00 -1.6284e+00 -1.2208e+00 -1.9836e+00
38 +5.068777249e+04 +5.068777249e+04 +5.026876249e+04 +5.026876249e+04 +3.4328e+00 +5.1945e-01 +3.3819e+00 -3.7365e+00 -1.7977e+00
184 +3.844548065e+04 +3.844548065e+04 +3.802647065e+04 +3.802647065e+04 -9.3156e-01 +3.5763e+00 +1.7972e+00 -2.2644e+00 -1.7264e+00
337 +2.344117584e+04 +2.344117584e+04 +2.302216584e+04 +2.302216584e+04 -4.8364e-01 +3.4911e+00 +2.2197e+00 -3.0441e+00 -1.7707e+00
521 +2.458312283e+03 +2.458312283e+03 +2.039302283e+03 +2.039302283e+03 +5.0000e+00 +5.0000e+00 -1.1073e+00 -3.0078e+00 -1.7718e+00
740 +1.493628641e+03 +1.493628641e+03 +1.074618641e+03 +1.074618641e+03 +5.0000e+00 +5.0000e+00 -1.7799e+00 -2.9939e+00 -1.7450e+00
980 +9.968806022e+02 +9.968806022e+02 +5.778706022e+02 +5.778706022e+02 +5.0000e+00 +5.0000e+00 -1.9717e+00 -2.9938e+00 -1.7538e+00
1253 +3.854321586e+02 +3.854321586e+02 -3.357784138e+01 -3.357784138e+01 +5.0000e+00 +4.9057e+00 -2.5984e+00 -3.0350e+00 -1.7539e+00
1340 +1.773000712e+02 +1.773000712e+02 -2.417099288e+02 -2.417099288e+02 +5.0000e+00 +4.8919e+00 -2.6563e+00 -3.0495e+00 -1.7673e+00
2297 +1.288911408e+02 +1.288911408e+02 -2.901188592e+02 -2.901188592e+02 +7.2285e-01 +4.7771e+00 -2.7798e+00 -3.0552e+00 -1.7638e+00
2447 +9.312501479e+01 +9.312501479e+01 -3.258849852e+02 -3.258849852e+02 -1.1078e+00 +4.5911e+00 -2.7463e+00 -3.0818e+00 -1.7657e+00
3236 +6.004961889e+01 +6.004961889e+01 -3.589603811e+02 -3.589603811e+02 -4.4823e+00 +3.9435e+00 -2.7062e+00 -3.0627e+00 -1.7726e+00
3257 +3.360233117e+01 +3.360233117e+01 -3.854076688e+02 -3.854076688e+02 -5.0000e+00 +3.8276e+00 -2.5983e+00 -3.0577e+00 -1.7701e+00
3300 +2.432383549e+01 +2.432383549e+01 -3.946861645e+02 -3.946861645e+02 -3.2769e+00 +3.6240e+00 -2.6604e+00 -3.0792e+00 -1.7658e+00
3307 +1.137869113e+01 +1.137869113e+01 -4.076313089e+02 -4.076313089e+02 -3.5547e+00 +3.3596e+00 -2.6474e+00 -3.0500e+00 -1.7660e+00
3329 +9.576798206e+00 +9.576798206e+00 -4.094332018e+02 -4.094332018e+02 -4.3153e+00 +2.9395e+00 -2.5982e+00 -3.0737e+00 -1.7660e+00
3364 +6.228660519e+00 +6.228660519e+00 -4.127813395e+02 -4.127813395e+02 -3.4829e+00 +3.0607e+00 -2.6224e+00 -3.0519e+00 -1.7664e+00
3582 +2.768257123e+00 +2.768257123e+00 -4.162417429e+02 -4.162417429e+02 -3.7452e+00 +3.2130e+00 -2.6492e+00 -3.0664e+00 -1.7681e+00
3607 +1.358961443e+00 +1.358961443e+00 -4.176510386e+02 -4.176510386e+02 -4.1537e+00 +3.0082e+00 -2.6464e+00 -3.0652e+00 -1.7678e+00
3885 +8.208821133e-01 +8.208821133e-01 -4.181891179e+02 -4.181891179e+02 -4.1312e+00 +2.9721e+00 -2.6648e+00 -3.0605e+00 -1.7672e+00
4009 +3.724383511e-01 +3.724383511e-01 -4.186375616e+02 -4.186375616e+02 -3.9254e+00 +3.0145e+00 -2.6640e+00 -3.0619e+00 -1.7672e+00
4022 +2.434947171e-01 +2.434947171e-01 -4.187665053e+02 -4.187665053e+02 -3.0586e+00 +2.9446e+00 -2.6612e+00 -3.0641e+00 -1.7674e+00
4822 +1.532663650e-01 +1.532663650e-01 -4.188567336e+02 -4.188567336e+02 -3.2576e+00 +3.0034e+00 -2.6657e+00 -3.0638e+00 -1.7669e+00
4942 +9.643716079e-02 +9.643716079e-02 -4.189135628e+02 -4.189135628e+02 -3.4004e+00 +3.0414e+00 -2.6620e+00 -3.0632e+00 -1.7669e+00
% function evaluation | noise-free fitness - Fopt (4.076100000000e+02) | best noise-free fitness - Fopt | measured fitness | best measured fitness | x1 | x2...
1 +3.647389009e+05 +3.647389009e+05 +3.651465109e+05 +3.651465109e+05 -3.4514e+00 +4.3340e+00 +3.6275e+00 +1.4308e+00 +1.9211e+00
46 +2.193068069e+05 +2.193068069e+05 +2.197144169e+05 +2.197144169e+05 +5.0000e+00 +5.0000e+00 +1.9917e+00 +1.5804e+00 +2.1024e+00
50 +1.420422557e+05 +1.420422557e+05 +1.424498657e+05 +1.424498657e+05 +2.9318e+00 +1.6627e+00 -1.6950e+00 +1.3687e+00 +2.3151e+00
82 +4.370898824e+04 +4.370898824e+04 +4.411659824e+04 +4.411659824e+04 +2.8464e+00 -3.5004e+00 -2.3287e-01 +3.7880e+00 +2.4482e+00
157 +7.835180911e+03 +7.835180911e+03 +8.242790911e+03 +8.242790911e+03 +2.4358e+00 +1.0505e+00 +3.7703e+00 +2.5123e+00 +2.4185e+00
310 +1.498054413e+03 +1.498054413e+03 +1.905664413e+03 +1.905664413e+03 +2.4683e+00 -6.8734e-01 +2.8785e+00 +2.7831e+00 +2.4980e+00
670 +3.290953653e+02 +3.290953653e+02 +7.367053653e+02 +7.367053653e+02 +2.4992e+00 -2.5121e+00 +3.4079e+00 +2.8169e+00 +2.4728e+00
1219 +2.238529318e+02 +2.238529318e+02 +6.314629318e+02 +6.314629318e+02 +2.0852e+00 -1.8517e+00 +3.5020e+00 +2.8316e+00 +2.4781e+00
1503 +8.227489268e+01 +8.227489268e+01 +4.898848927e+02 +4.898848927e+02 +2.5792e-01 -2.4531e+00 +3.6575e+00 +2.8247e+00 +2.4859e+00
1526 +3.440331407e+01 +3.440331407e+01 +4.420133141e+02 +4.420133141e+02 -3.5719e-01 -3.3264e+00 +3.7791e+00 +2.8330e+00 +2.4878e+00
1583 +9.816601593e+00 +9.816601593e+00 +4.174266016e+02 +4.174266016e+02 -6.6448e-01 -3.4965e+00 +3.8529e+00 +2.8297e+00 +2.4807e+00
2206 +3.347578898e+00 +3.347578898e+00 +4.109575789e+02 +4.109575789e+02 -7.5043e-01 -3.4545e+00 +3.8637e+00 +2.8426e+00 +2.4841e+00
2287 +1.382392172e+00 +1.382392172e+00 +4.089923922e+02 +4.089923922e+02 -1.3390e+00 -3.2857e+00 +3.8442e+00 +2.8423e+00 +2.4817e+00
2887 +5.734721463e-01 +5.734721463e-01 +4.081834721e+02 +4.081834721e+02 -6.8431e-01 -3.3760e+00 +3.8394e+00 +2.8442e+00 +2.4830e+00
3519 +3.099528518e-01 +3.099528518e-01 +4.079199529e+02 +4.079199529e+02 -6.3908e-01 -3.3604e+00 +3.8501e+00 +2.8441e+00 +2.4829e+00
4033 +1.110931538e-01 +1.110931538e-01 +4.077210932e+02 +4.077210932e+02 -5.5416e-01 -3.3676e+00 +3.8530e+00 +2.8423e+00 +2.4824e+00
4233 +7.325818242e-02 +7.325818242e-02 +4.076832582e+02 +4.076832582e+02 -6.2911e-01 -3.3621e+00 +3.8484e+00 +2.8428e+00 +2.4824e+00
4368 +6.110927408e-02 +6.110927408e-02 +4.076711093e+02 +4.076711093e+02 -4.3025e-01 -3.3396e+00 +3.8480e+00 +2.8418e+00 +2.4824e+00
4407 +3.127750406e-02 +3.127750406e-02 +4.076412775e+02 +4.076412775e+02 -4.6260e-01 -3.3611e+00 +3.8458e+00 +2.8426e+00 +2.4824e+00
4513 +2.360087768e-02 +2.360087768e-02 +4.076336009e+02 +4.076336009e+02 -3.9566e-01 -3.3562e+00 +3.8477e+00 +2.8427e+00 +2.4823e+00
4687 +1.363637914e-02 +1.363637914e-02 +4.076236364e+02 +4.076236364e+02 -4.2253e-01 -3.3585e+00 +3.8459e+00 +2.8432e+00 +2.4824e+00
4743 +3.598076027e-03 +3.598076027e-03 +4.076135981e+02 +4.076135981e+02 -4.5660e-01 -3.3440e+00 +3.8468e+00 +2.8433e+00 +2.4824e+00
% function evaluation | noise-free fitness - Fopt (2.872000000000e+01) | best noise-free fitness - Fopt | measured fitness | best measured fitness | x1 | x2...
1 +4.258472825e+07 +4.258472825e+07 +4.258475697e+07 +4.258475697e+07 +3.8555e+00 -4.8698e+00 +1.5838e+00 -3.2382e-01 +4.5937e+00
4 +1.584616411e+07 +1.584616411e+07 +1.584619283e+07 +1.584619283e+07 +2.8366e+00 +3.8282e+00 -6.4874e-01 +1.9303e+00 +2.2241e+00
6 +6.411480308e+06 +6.411480308e+06 +6.411509028e+06 +6.411509028e+06 +2.4999e+00 +1.2922e+00 +4.5901e+00 -3.6079e+00 -4.2319e+00
7 +4.752518041e+06 +4.752518041e+06 +4.752546761e+06 +4.752546761e+06 +4.1188e+00 -3.6387e+00 +2.9650e+00 +1.7813e+00 -3.9461e+00
9 +2.840755666e+05 +2.840755666e+05 +2.841042866e+05 +2.841042866e+05 -4.5224e+00 -2.6963e+00 -6.2569e-01 +3.6997e+00 -1.8014e+00
64 +1.432732437e+05 +1.432732437e+05 +1.433019637e+05 +1.433019637e+05 -1.3748e+00 -8.0930e-01 -3.1372e+00 -7.4478e-01 -1.5087e+00
65 +4.058764370e+04 +4.058764370e+04 +4.061636370e+04 +4.061636370e+04 -1.3794e+00 -3.7533e+00 -4.5135e+00 +1.7271e+00 -1.6723e+00
192 +2.946921601e+04 +2.946921601e+04 +2.949793601e+04 +2.949793601e+04 -2.0758e+00 -4.6541e+00 -3.1548e-01 +1.4651e+00 -1.8156e+00
326 +1.204398999e+04 +1.204398999e+04 +1.207270999e+04 +1.207270999e+04 -1.4136e+00 -3.6377e+00 -3.0694e+00 +1.0669e+00 -1.8521e+00
507 +2.790333810e+03 +2.790333810e+03 +2.819053810e+03 +2.819053810e+03 -3.2501e+00 -3.2769e+00 -4.0395e+00 +4.3581e-01 -1.7559e+00
668 +2.274142194e+03 +2.274142194e+03 +2.302862194e+03 +2.302862194e+03 -3.9518e+00 -3.2739e+00 -3.9666e+00 +4.6851e-01 -1.7464e+00
812 +1.291732938e+03 +1.291732938e+03 +1.320452938e+03 +1.320452938e+03 -2.9171e+00 -4.3695e+00 -4.1788e+00 +7.8418e-01 -1.7314e+00
1108 +1.585897987e+02 +1.585897987e+02 +1.873097987e+02 +1.873097987e+02 -1.0496e+00 -4.1666e+00 -3.9065e+00 +7.3756e-01 -1.7599e+00
1552 +1.510259622e+02 +1.510259622e+02 +1.797459622e+02 +1.797459622e+02 +7.3448e-01 -4.0969e+00 -3.8197e+00 +7.1002e-01 -1.7497e+00
1803 +5.436376000e+01 +5.436376000e+01 +8.308376000e+01 +8.308376000e+01 -4.8779e-01 -4.0665e+00 -3.6231e+00 +7.4102e-01 -1.7597e+00
1872 +3.698752090e+01 +3.698752090e+01 +6.570752090e+01 +6.570752090e+01 -8.7115e-01 -3.8307e+00 -3.6523e+00 +7.0842e-01 -1.7608e+00
1928 +2.345521079e+01 +2.345521079e+01 +5.217521079e+01 +5.217521079e+01 -7.4218e-01 -3.5203e+00 -3.6876e+00 +7.0964e-01 -1.7594e+00
1952 +1.382431424e+01 +1.382431424e+01 +4.254431424e+01 +4.254431424e+01 -6.0204e-01 -3.4914e+00 -3.5609e+00 +7.2174e-01 -1.7593e+00
2626 +6.301355875e+00 +6.301355875e+00 +3.502135588e+01 +3.502135588e+01 -6.2126e-01 -2.9016e+00 -3.6098e+00 +7.1478e-01 -1.7580e+00
3300 +3.127849038e+00 +3.127849038e+00 +3.184784904e+01 +3.184784904e+01 -5.2616e-02 -3.2109e+00 -3.5962e+00 +7.1755e-01 -1.7576e+00
3412 +2.367602831e+00 +2.367602831e+00 +3.108760283e+01 +3.108760283e+01 +6.5096e-02 -3.0543e+00 -3.5938e+00 +7.1789e-01 -1.7580e+00
3580 +1.065388732e+00 +1.065388732e+00 +2.978538873e+01 +2.978538873e+01 +6.9870e-01 -2.9772e+00 -3.5839e+00 +7.1785e-01 -1.7577e+00
3658 +7.247971799e-01 +7.247971799e-01 +2.944479718e+01 +2.944479718e+01 +1.1598e+00 -2.9646e+00 -3.6040e+00 +7.1777e-01 -1.7579e+00
3810 +2.974817556e-01 +2.974817556e-01 +2.901748176e+01 +2.901748176e+01 +1.1334e+00 -3.1369e+00 -3.5986e+00 +7.1722e-01 -1.7578e+00
3927 +2.232812624e-01 +2.232812624e-01 +2.894328126e+01 +2.894328126e+01 +1.1072e+00 -3.0862e+00 -3.5980e+00 +7.1705e-01 -1.7577e+00
4043 +1.314601098e-01 +1.314601098e-01 +2.885146011e+01 +2.885146011e+01 +1.0998e+00 -3.0967e+00 -3.5949e+00 +7.1812e-01 -1.7576e+00
4487 +8.414939677e-02 +8.414939677e-02 +2.880414940e+01 +2.880414940e+01 +1.2918e+00 -3.0852e+00 -3.5984e+00 +7.1775e-01 -1.7575e+00
4708 +4.192079929e-02 +4.192079929e-02 +2.876192080e+01 +2.876192080e+01 +1.5291e+00 -3.0699e+00 -3.5982e+00 +7.1857e-01 -1.7575e+00
4767 +3.977316652e-02 +3.977316652e-02 +2.875977317e+01 +2.875977317e+01 +1.3818e+00 -3.0687e+00 -3.5977e+00 +7.1878e-01 -1.7578e+00
4807 +2.472701743e-02 +2.472701743e-02 +2.874472702e+01 +2.874472702e+01 +1.4293e+00 -3.0602e+00 -3.5970e+00 +7.1909e-01 -1.7576e+00
4927 +1.285416559e-02 +1.285416559e-02 +2.873285417e+01 +2.873285417e+01 +1.3985e+00 -3.0677e+00 -3.5974e+00 +7.1888e-01 -1.7576e+00
